Full_name,skin_name,Quality,Exterior,Price
爪子刀（★） | 传说 (崭新出厂),爪子刀（★） | 传说,隐秘,崭新出厂,20876.19
爪子刀（★） | 传说 (久经沙场),爪子刀（★） | 传说,隐秘,久经沙场,7449.00
爪子刀（★） | 传说 (破损不堪),爪子刀（★） | 传说,隐秘,破损不堪,7000.00
爪子刀（★） | 传说 (战痕累累),爪子刀（★） | 传说,隐秘,战痕累累,5100.00
爪子刀（★） | 传说 (略有磨损),爪子刀（★） | 传说,隐秘,略有磨损,12549.99
P90 | 碧绿升藤 (崭新出厂),P90 | 碧绿升藤,工业级,崭新出厂,11.66
P90 | 碧绿升藤 (久经沙场),P90 | 碧绿升藤,工业级,久经沙场,9.37
P90 | 碧绿升藤 (破损不堪),P90 | 碧绿升藤,工业级,破损不堪,
P90 | 碧绿升藤 (战痕累累),P90 | 碧绿升藤,工业级,战痕累累,14.26
P90 | 碧绿升藤 (略有磨损),P90 | 碧绿升藤,工业级,略有磨损,9.46
P2000（StatTrak™） | 电子脉冲 (崭新出厂),P2000（StatTrak™） | 电子脉冲,军规级,崭新出厂,20.99
P2000（StatTrak™） | 电子脉冲 (久经沙场),P2000（StatTrak™） | 电子脉冲,军规级,久经沙场,14.75
P2000（StatTrak™） | 电子脉冲 (破损不堪),P2000（StatTrak™） | 电子脉冲,军规级,破损不堪,22.00
P2000（StatTrak™） | 电子脉冲 (战痕累累),P2000（StatTrak™） | 电子脉冲,军规级,战痕累累,30.00
P2000（StatTrak™） | 电子脉冲 (略有磨损),P2000（StatTrak™） | 电子脉冲,军规级,略有磨损,19.20
折刀（★） | 狩猎网格 (崭新出厂),折刀（★） | 狩猎网格,隐秘,崭新出厂,
折刀（★） | 狩猎网格 (久经沙场),折刀（★） | 狩猎网格,隐秘,久经沙场,580.34
折刀（★） | 狩猎网格 (破损不堪),折刀（★） | 狩猎网格,隐秘,破损不堪,650.00
折刀（★） | 狩猎网格 (战痕累累),折刀（★） | 狩猎网格,隐秘,战痕累累,597.30
折刀（★） | 狩猎网格 (略有磨损),折刀（★） | 狩猎网格,隐秘,略有磨损,645.00
M4A4（StatTrak™） | 赛博 (崭新出厂),M4A4（StatTrak™） | 赛博,保密,崭新出厂,670.00
M4A4（StatTrak™） | 赛博 (久经沙场),M4A4（StatTrak™） | 赛博,保密,久经沙场,151.50
M4A4（StatTrak™） | 赛博 (破损不堪),M4A4（StatTrak™） | 赛博,保密,破损不堪,
M4A4（StatTrak™） | 赛博 (战痕累累),M4A4（StatTrak™） | 赛博,保密,战痕累累,178.28
M4A4（StatTrak™） | 赛博 (略有磨损),M4A4（StatTrak™） | 赛博,保密,略有磨损,328.00
UMP-45（StatTrak™） | 迷幻 (崭新出厂),UMP-45（StatTrak™） | 迷幻,军规级,崭新出厂,30.00
UMP-45（StatTrak™） | 迷幻 (久经沙场),UMP-45（StatTrak™） | 迷幻,军规级,久经沙场,7.20
UMP-45（StatTrak™） | 迷幻 (略有磨损),UMP-45（StatTrak™） | 迷幻,军规级,略有磨损,9.80
折刀（★） | 森林 DDPAT (崭新出厂),折刀（★） | 森林 DDPAT,隐秘,崭新出厂,
折刀（★） | 森林 DDPAT (久经沙场),折刀（★） | 森林 DDPAT,隐秘,久经沙场,582.70
折刀（★） | 森林 DDPAT (破损不堪),折刀（★） | 森林 DDPAT,隐秘,破损不堪,711.00
折刀（★） | 森林 DDPAT (战痕累累),折刀（★） | 森林 DDPAT,隐秘,战痕累累,622.00
折刀（★） | 森林 DDPAT (略有磨损),折刀（★） | 森林 DDPAT,隐秘,略有磨损,688.31
M9 刺刀（★） | 渐变之色 (崭新出厂),M9 刺刀（★） | 渐变之色,隐秘,崭新出厂,15100.00
M9 刺刀（★） | 渐变之色 (略有磨损),M9 刺刀（★） | 渐变之色,隐秘,略有磨损,14100.00
沙漠之鹰 | 都市 DDPAT (崭新出厂),沙漠之鹰 | 都市 DDPAT,工业级,崭新出厂,159.82
沙漠之鹰 | 都市 DDPAT (久经沙场),沙漠之鹰 | 都市 DDPAT,工业级,久经沙场,7.63
沙漠之鹰 | 都市 DDPAT (破损不堪),沙漠之鹰 | 都市 DDPAT,工业级,破损不堪,17.50
沙漠之鹰 | 都市 DDPAT (战痕累累),沙漠之鹰 | 都市 DDPAT,工业级,战痕累累,7.08
沙漠之鹰 | 都市 DDPAT (略有磨损),沙漠之鹰 | 都市 DDPAT,工业级,略有磨损,15.50
AK-47 | 荒野反叛 (崭新出厂),AK-47 | 荒野反叛,隐秘,崭新出厂,1593.70
AK-47 | 荒野反叛 (久经沙场),AK-47 | 荒野反叛,隐秘,久经沙场,192.18
AK-47 | 荒野反叛 (破损不堪),AK-47 | 荒野反叛,隐秘,破损不堪,
AK-47 | 荒野反叛 (战痕累累),AK-47 | 荒野反叛,隐秘,战痕累累,195.00
AK-47 | 荒野反叛 (略有磨损),AK-47 | 荒野反叛,隐秘,略有磨损,305.64
爪子刀（★） | 渐变大理石 (崭新出厂),爪子刀（★） | 渐变大理石,隐秘,崭新出厂,12238.15
爪子刀（★） | 渐变大理石 (略有磨损),爪子刀（★） | 渐变大理石,隐秘,略有磨损,12000.00
折刀（★） | 都市伪装 (崭新出厂),折刀（★） | 都市伪装,隐秘,崭新出厂,1350.00
折刀（★） | 都市伪装 (久经沙场),折刀（★） | 都市伪装,隐秘,久经沙场,589.50
折刀（★） | 都市伪装 (破损不堪),折刀（★） | 都市伪装,隐秘,破损不堪,
折刀（★） | 都市伪装 (战痕累累),折刀（★） | 都市伪装,隐秘,战痕累累,650.00
折刀（★） | 都市伪装 (略有磨损),折刀（★） | 都市伪装,隐秘,略有磨损,675.00
沙漠之鹰（StatTrak™） | 科林斯遗产 (崭新出厂),沙漠之鹰（StatTrak™） | 科林斯遗产,军规级,崭新出厂,24.16
沙漠之鹰（StatTrak™） | 科林斯遗产 (久经沙场),沙漠之鹰（StatTrak™） | 科林斯遗产,军规级,久经沙场,11.50
沙漠之鹰（StatTrak™） | 科林斯遗产 (破损不堪),沙漠之鹰（StatTrak™） | 科林斯遗产,军规级,破损不堪,30.00
沙漠之鹰（StatTrak™） | 科林斯遗产 (略有磨损),沙漠之鹰（StatTrak™） | 科林斯遗产,军规级,略有磨损,15.94
M4A4 | 地狱烈焰 (崭新出厂),M4A4 | 地狱烈焰,保密,崭新出厂,472.58
M4A4 | 地狱烈焰 (久经沙场),M4A4 | 地狱烈焰,保密,久经沙场,285.85
M4A4 | 地狱烈焰 (破损不堪),M4A4 | 地狱烈焰,保密,破损不堪,348.00
M4A4 | 地狱烈焰 (战痕累累),M4A4 | 地狱烈焰,保密,战痕累累,
M4A4 | 地狱烈焰 (略有磨损),M4A4 | 地狱烈焰,保密,略有磨损,298.00
PP-野牛 | 化工之绿 (崭新出厂),PP-野牛 | 化工之绿,工业级,崭新出厂,45.79
PP-野牛 | 化工之绿 (久经沙场),PP-野牛 | 化工之绿,工业级,久经沙场,8.40
PP-野牛 | 化工之绿 (破损不堪),PP-野牛 | 化工之绿,工业级,破损不堪,
PP-野牛 | 化工之绿 (战痕累累),PP-野牛 | 化工之绿,工业级,战痕累累,9.53
PP-野牛 | 化工之绿 (略有磨损),PP-野牛 | 化工之绿,工业级,略有磨损,11.00
蝴蝶刀（★） | 自动化 (崭新出厂),蝴蝶刀（★） | 自动化,隐秘,崭新出厂,18530.45
蝴蝶刀（★） | 自动化 (久经沙场),蝴蝶刀（★） | 自动化,隐秘,久经沙场,10349.99
蝴蝶刀（★） | 自动化 (破损不堪),蝴蝶刀（★） | 自动化,隐秘,破损不堪,9566.00
蝴蝶刀（★） | 自动化 (战痕累累),蝴蝶刀（★） | 自动化,隐秘,战痕累累,8000.00
蝴蝶刀（★） | 自动化 (略有磨损),蝴蝶刀（★） | 自动化,隐秘,略有磨损,13750.00
格洛克 18 型 | 蓝色裂纹 (崭新出厂),格洛克 18 型 | 蓝色裂纹,军规级,崭新出厂,208.88
格洛克 18 型 | 蓝色裂纹 (久经沙场),格洛克 18 型 | 蓝色裂纹,军规级,久经沙场,10.50
格洛克 18 型 | 蓝色裂纹 (破损不堪),格洛克 18 型 | 蓝色裂纹,军规级,破损不堪,22.99
格洛克 18 型 | 蓝色裂纹 (战痕累累),格洛克 18 型 | 蓝色裂纹,军规级,战痕累累,15.99
格洛克 18 型 | 蓝色裂纹 (略有磨损),格洛克 18 型 | 蓝色裂纹,军规级,略有磨损,14.16
M4A1 消音型 | 女火神之炽焰 (崭新出厂),M4A1 消音型 | 女火神之炽焰,隐秘,崭新出厂,844.80
M4A1 消音型 | 女火神之炽焰 (久经沙场),M4A1 消音型 | 女火神之炽焰,隐秘,久经沙场,159.50
M4A1 消音型 | 女火神之炽焰 (破损不堪),M4A1 消音型 | 女火神之炽焰,隐秘,破损不堪,119.00
M4A1 消音型 | 女火神之炽焰 (战痕累累),M4A1 消音型 | 女火神之炽焰,隐秘,战痕累累,91.77
M4A1 消音型 | 女火神之炽焰 (略有磨损),M4A1 消音型 | 女火神之炽焰,隐秘,略有磨损,310.80
折刀（★） | 枯焦之色 (崭新出厂),折刀（★） | 枯焦之色,隐秘,崭新出厂,
折刀（★） | 枯焦之色 (久经沙场),折刀（★） | 枯焦之色,隐秘,久经沙场,587.99
折刀（★） | 枯焦之色 (破损不堪),折刀（★） | 枯焦之色,隐秘,破损不堪,
折刀（★） | 枯焦之色 (战痕累累),折刀（★） | 枯焦之色,隐秘,战痕累累,
折刀（★） | 枯焦之色 (略有磨损),折刀（★） | 枯焦之色,隐秘,略有磨损,660.50
蝴蝶刀（★） | 虎牙 (崭新出厂),蝴蝶刀（★） | 虎牙,隐秘,崭新出厂,13099.00
蝴蝶刀（★） | 虎牙 (略有磨损),蝴蝶刀（★） | 虎牙,隐秘,略有磨损,14169.82
P90 | 给爷冲 (崭新出厂),P90 | 给爷冲,受限,崭新出厂,17.80
P90 | 给爷冲 (久经沙场),P90 | 给爷冲,受限,久经沙场,5.00
P90 | 给爷冲 (破损不堪),P90 | 给爷冲,受限,破损不堪,4.37
P90 | 给爷冲 (战痕累累),P90 | 给爷冲,受限,战痕累累,4.08
P90 | 给爷冲 (略有磨损),P90 | 给爷冲,受限,略有磨损,9.85
P2000 | 黑曜石 (崭新出厂),P2000 | 黑曜石,受限,崭新出厂,30.00
P2000 | 黑曜石 (久经沙场),P2000 | 黑曜石,受限,久经沙场,8.50
P2000 | 黑曜石 (破损不堪),P2000 | 黑曜石,受限,破损不堪,6.75
P2000 | 黑曜石 (战痕累累),P2000 | 黑曜石,受限,战痕累累,9.50
P2000 | 黑曜石 (略有磨损),P2000 | 黑曜石,受限,略有磨损,15.74
AWP | 粉红 DDPAT (崭新出厂),AWP | 粉红 DDPAT,受限,崭新出厂,1714.28
AWP | 粉红 DDPAT (久经沙场),AWP | 粉红 DDPAT,受限,久经沙场,169.49
AWP | 粉红 DDPAT (破损不堪),AWP | 粉红 DDPAT,受限,破损不堪,258.20
AWP | 粉红 DDPAT (战痕累累),AWP | 粉红 DDPAT,受限,战痕累累,268.88
AWP | 粉红 DDPAT (略有磨损),AWP | 粉红 DDPAT,受限,略有磨损,314.94
折刀（★） | 北方森林 (崭新出厂),折刀（★） | 北方森林,隐秘,崭新出厂,
折刀（★） | 北方森林 (久经沙场),折刀（★） | 北方森林,隐秘,久经沙场,598.46
折刀（★） | 北方森林 (破损不堪),折刀（★） | 北方森林,隐秘,破损不堪,
折刀（★） | 北方森林 (战痕累累),折刀（★） | 北方森林,隐秘,战痕累累,
折刀（★） | 北方森林 (略有磨损),折刀（★） | 北方森林,隐秘,略有磨损,687.80
骷髅匕首（★） | 渐变之色 (崭新出厂),骷髅匕首（★） | 渐变之色,隐秘,崭新出厂,15133.86
骷髅匕首（★） | 渐变之色 (略有磨损),骷髅匕首（★） | 渐变之色,隐秘,略有磨损,16500.00
MP9（StatTrak™） | 飞驰 (崭新出厂),MP9（StatTrak™） | 飞驰,军规级,崭新出厂,14.00
MP9（StatTrak™） | 飞驰 (久经沙场),MP9（StatTrak™） | 飞驰,军规级,久经沙场,7.14
MP9（StatTrak™） | 飞驰 (破损不堪),MP9（StatTrak™） | 飞驰,军规级,破损不堪,14.60
MP9（StatTrak™） | 飞驰 (战痕累累),MP9（StatTrak™） | 飞驰,军规级,战痕累累,
MP9（StatTrak™） | 飞驰 (略有磨损),MP9（StatTrak™） | 飞驰,军规级,略有磨损,9.76
CZ75 | 绿色格纹 (崭新出厂),CZ75 | 绿色格纹,消费级,崭新出厂,20.89
CZ75 | 绿色格纹 (久经沙场),CZ75 | 绿色格纹,消费级,久经沙场,10.69
CZ75 | 绿色格纹 (破损不堪),CZ75 | 绿色格纹,消费级,破损不堪,
CZ75 | 绿色格纹 (战痕累累),CZ75 | 绿色格纹,消费级,战痕累累,15.00
CZ75 | 绿色格纹 (略有磨损),CZ75 | 绿色格纹,消费级,略有磨损,16.07
加利尔 AR | ~甜甜的~ (崭新出厂),加利尔 AR | ~甜甜的~,保密,崭新出厂,394.64
加利尔 AR | ~甜甜的~ (久经沙场),加利尔 AR | ~甜甜的~,保密,久经沙场,299.50
加利尔 AR | ~甜甜的~ (破损不堪),加利尔 AR | ~甜甜的~,保密,破损不堪,299.99
加利尔 AR | ~甜甜的~ (战痕累累),加利尔 AR | ~甜甜的~,保密,战痕累累,
加利尔 AR | ~甜甜的~ (略有磨损),加利尔 AR | ~甜甜的~,保密,略有磨损,320.00
折刀（★） | 人工染色 (崭新出厂),折刀（★） | 人工染色,隐秘,崭新出厂,1099.00
折刀（★） | 人工染色 (久经沙场),折刀（★） | 人工染色,隐秘,久经沙场,656.18
折刀（★） | 人工染色 (破损不堪),折刀（★） | 人工染色,隐秘,破损不堪,750.00
折刀（★） | 人工染色 (战痕累累),折刀（★） | 人工染色,隐秘,战痕累累,689.00
折刀（★） | 人工染色 (略有磨损),折刀（★） | 人工染色,隐秘,略有磨损,730.00
爪子刀（★ StatTrak™） | 传说 (崭新出厂),爪子刀（★ StatTrak™） | 传说,隐秘,崭新出厂,23999.00
爪子刀（★ StatTrak™） | 传说 (久经沙场),爪子刀（★ StatTrak™） | 传说,隐秘,久经沙场,7666.00
爪子刀（★ StatTrak™） | 传说 (破损不堪),爪子刀（★ StatTrak™） | 传说,隐秘,破损不堪,6500.00
爪子刀（★ StatTrak™） | 传说 (战痕累累),爪子刀（★ StatTrak™） | 传说,隐秘,战痕累累,
爪子刀（★ StatTrak™） | 传说 (略有磨损),爪子刀（★ StatTrak™） | 传说,隐秘,略有磨损,12700.00
沙漠之鹰 | 纳迦蛇神 (崭新出厂),沙漠之鹰 | 纳迦蛇神,受限,崭新出厂,59.00
沙漠之鹰 | 纳迦蛇神 (久经沙场),沙漠之鹰 | 纳迦蛇神,受限,久经沙场,8.16
沙漠之鹰 | 纳迦蛇神 (破损不堪),沙漠之鹰 | 纳迦蛇神,受限,破损不堪,8.48
沙漠之鹰 | 纳迦蛇神 (战痕累累),沙漠之鹰 | 纳迦蛇神,受限,战痕累累,10.09
沙漠之鹰 | 纳迦蛇神 (略有磨损),沙漠之鹰 | 纳迦蛇神,受限,略有磨损,15.72
AK-47（StatTrak™） | 混沌点阵 (崭新出厂),AK-47（StatTrak™） | 混沌点阵,保密,崭新出厂,613.27
AK-47（StatTrak™） | 混沌点阵 (久经沙场),AK-47（StatTrak™） | 混沌点阵,保密,久经沙场,155.37
AK-47（StatTrak™） | 混沌点阵 (破损不堪),AK-47（StatTrak™） | 混沌点阵,保密,破损不堪,
AK-47（StatTrak™） | 混沌点阵 (战痕累累),AK-47（StatTrak™） | 混沌点阵,保密,战痕累累,162.80
AK-47（StatTrak™） | 混沌点阵 (略有磨损),AK-47（StatTrak™） | 混沌点阵,保密,略有磨损,301.66
蝴蝶刀（★ StatTrak™） | 渐变大理石 (崭新出厂),蝴蝶刀（★ StatTrak™） | 渐变大理石,隐秘,崭新出厂,16666.66
蝴蝶刀（★ StatTrak™） | 渐变大理石 (略有磨损),蝴蝶刀（★ StatTrak™） | 渐变大理石,隐秘,略有磨损,16300.00
折刀（★） | 大马士革钢 (崭新出厂),折刀（★） | 大马士革钢,隐秘,崭新出厂,826.15
折刀（★） | 大马士革钢 (久经沙场),折刀（★） | 大马士革钢,隐秘,久经沙场,659.85
折刀（★） | 大马士革钢 (破损不堪),折刀（★） | 大马士革钢,隐秘,破损不堪,
折刀（★） | 大马士革钢 (战痕累累),折刀（★） | 大马士革钢,隐秘,战痕累累,
折刀（★） | 大马士革钢 (略有磨损),折刀（★） | 大马士革钢,隐秘,略有磨损,719.99
PP-野牛（StatTrak™） | 战术手电 (崭新出厂),PP-野牛（StatTrak™） | 战术手电,军规级,崭新出厂,25.00
PP-野牛（StatTrak™） | 战术手电 (久经沙场),PP-野牛（StatTrak™） | 战术手电,军规级,久经沙场,4.77
PP-野牛（StatTrak™） | 战术手电 (破损不堪),PP-野牛（StatTrak™） | 战术手电,军规级,破损不堪,
PP-野牛（StatTrak™） | 战术手电 (战痕累累),PP-野牛（StatTrak™） | 战术手电,军规级,战痕累累,4.32
PP-野牛（StatTrak™） | 战术手电 (略有磨损),PP-野牛（StatTrak™） | 战术手电,军规级,略有磨损,11.13
P250（StatTrak™） | X 射线 (崭新出厂),P250（StatTrak™） | X 射线,受限,崭新出厂,37.96
P250（StatTrak™） | X 射线 (久经沙场),P250（StatTrak™） | X 射线,受限,久经沙场,18.02
P250（StatTrak™） | X 射线 (略有磨损),P250（StatTrak™） | X 射线,受限,略有磨损,18.99
法玛斯（StatTrak™） | 纪念碑 (崭新出厂),法玛斯（StatTrak™） | 纪念碑,隐秘,崭新出厂,553.88
法玛斯（StatTrak™） | 纪念碑 (久经沙场),法玛斯（StatTrak™） | 纪念碑,隐秘,久经沙场,244.00
法玛斯（StatTrak™） | 纪念碑 (破损不堪),法玛斯（StatTrak™） | 纪念碑,隐秘,破损不堪,
法玛斯（StatTrak™） | 纪念碑 (战痕累累),法玛斯（StatTrak™） | 纪念碑,隐秘,战痕累累,
法玛斯（StatTrak™） | 纪念碑 (略有磨损),法玛斯（StatTrak™） | 纪念碑,隐秘,略有磨损,318.31
蝴蝶刀（★） | 深红之网 (崭新出厂),蝴蝶刀（★） | 深红之网,隐秘,崭新出厂,58000.00
蝴蝶刀（★） | 深红之网 (久经沙场),蝴蝶刀（★） | 深红之网,隐秘,久经沙场,7163.73
蝴蝶刀（★） | 深红之网 (破损不堪),蝴蝶刀（★） | 深红之网,隐秘,破损不堪,6840.00
蝴蝶刀（★） | 深红之网 (战痕累累),蝴蝶刀（★） | 深红之网,隐秘,战痕累累,5639.00
蝴蝶刀（★） | 深红之网 (略有磨损),蝴蝶刀（★） | 深红之网,隐秘,略有磨损,15483.50
暗影双匕（★） | 黑色层压板 (崭新出厂),暗影双匕（★） | 黑色层压板,隐秘,崭新出厂,1085.91
暗影双匕（★） | 黑色层压板 (久经沙场),暗影双匕（★） | 黑色层压板,隐秘,久经沙场,728.04
暗影双匕（★） | 黑色层压板 (破损不堪),暗影双匕（★） | 黑色层压板,隐秘,破损不堪,700.00
暗影双匕（★） | 黑色层压板 (战痕累累),暗影双匕（★） | 黑色层压板,隐秘,战痕累累,665.00
暗影双匕（★） | 黑色层压板 (略有磨损),暗影双匕（★） | 黑色层压板,隐秘,略有磨损,771.95
P250（StatTrak™） | 炼狱小镇 (崭新出厂),P250（StatTrak™） | 炼狱小镇,受限,崭新出厂,30.00
P250（StatTrak™） | 炼狱小镇 (久经沙场),P250（StatTrak™） | 炼狱小镇,受限,久经沙场,8.00
P250（StatTrak™） | 炼狱小镇 (破损不堪),P250（StatTrak™） | 炼狱小镇,受限,破损不堪,17.72
P250（StatTrak™） | 炼狱小镇 (战痕累累),P250（StatTrak™） | 炼狱小镇,受限,战痕累累,7.50
P250（StatTrak™） | 炼狱小镇 (略有磨损),P250（StatTrak™） | 炼狱小镇,受限,略有磨损,19.08
SCAR-20 | 溅射果酱 (崭新出厂),SCAR-20 | 溅射果酱,保密,崭新出厂,30000.00
SCAR-20 | 溅射果酱 (久经沙场),SCAR-20 | 溅射果酱,保密,久经沙场,65.50
SCAR-20 | 溅射果酱 (破损不堪),SCAR-20 | 溅射果酱,保密,破损不堪,189.50
SCAR-20 | 溅射果酱 (战痕累累),SCAR-20 | 溅射果酱,保密,战痕累累,300.00
SCAR-20 | 溅射果酱 (略有磨损),SCAR-20 | 溅射果酱,保密,略有磨损,320.00
UMP-45（StatTrak™） | 白狼 (崭新出厂),UMP-45（StatTrak™） | 白狼,受限,崭新出厂,24.00
UMP-45（StatTrak™） | 白狼 (久经沙场),UMP-45（StatTrak™） | 白狼,受限,久经沙场,4.00
UMP-45（StatTrak™） | 白狼 (破损不堪),UMP-45（StatTrak™） | 白狼,受限,破损不堪,4.10
UMP-45（StatTrak™） | 白狼 (战痕累累),UMP-45（StatTrak™） | 白狼,受限,战痕累累,3.36
UMP-45（StatTrak™） | 白狼 (略有磨损),UMP-45（StatTrak™） | 白狼,受限,略有磨损,9.03
蝴蝶刀（★） | 伽玛多普勒 (崭新出厂),蝴蝶刀（★） | 伽玛多普勒,隐秘,崭新出厂,14095.98
蝴蝶刀（★） | 伽玛多普勒 (略有磨损),蝴蝶刀（★） | 伽玛多普勒,隐秘,略有磨损,16500.00
暗影双匕（★） | 枯焦之色 (崭新出厂),暗影双匕（★） | 枯焦之色,隐秘,崭新出厂,
暗影双匕（★） | 枯焦之色 (久经沙场),暗影双匕（★） | 枯焦之色,隐秘,久经沙场,620.00
暗影双匕（★） | 枯焦之色 (破损不堪),暗影双匕（★） | 枯焦之色,隐秘,破损不堪,
暗影双匕（★） | 枯焦之色 (战痕累累),暗影双匕（★） | 枯焦之色,隐秘,战痕累累,
暗影双匕（★） | 枯焦之色 (略有磨损),暗影双匕（★） | 枯焦之色,隐秘,略有磨损,728.04
MAC-10 | 绝界之行 (崭新出厂),MAC-10 | 绝界之行,受限,崭新出厂,14.79
MAC-10 | 绝界之行 (久经沙场),MAC-10 | 绝界之行,受限,久经沙场,7.50
MAC-10 | 绝界之行 (破损不堪),MAC-10 | 绝界之行,受限,破损不堪,19.00
MAC-10 | 绝界之行 (战痕累累),MAC-10 | 绝界之行,受限,战痕累累,7.08
MAC-10 | 绝界之行 (略有磨损),MAC-10 | 绝界之行,受限,略有磨损,9.46
FN57 | 紫藤老树 (崭新出厂),FN57 | 紫藤老树,工业级,崭新出厂,18.79
FN57 | 紫藤老树 (久经沙场),FN57 | 紫藤老树,工业级,久经沙场,16.96
FN57 | 紫藤老树 (破损不堪),FN57 | 紫藤老树,工业级,破损不堪,
FN57 | 紫藤老树 (战痕累累),FN57 | 紫藤老树,工业级,战痕累累,19.70
FN57 | 紫藤老树 (略有磨损),FN57 | 紫藤老树,工业级,略有磨损,16.63
暗影双匕（★） | 人工染色 (崭新出厂),暗影双匕（★） | 人工染色,隐秘,崭新出厂,
暗影双匕（★） | 人工染色 (久经沙场),暗影双匕（★） | 人工染色,隐秘,久经沙场,788.88
暗影双匕（★） | 人工染色 (破损不堪),暗影双匕（★） | 人工染色,隐秘,破损不堪,899.00
暗影双匕（★） | 人工染色 (战痕累累),暗影双匕（★） | 人工染色,隐秘,战痕累累,710.00
暗影双匕（★） | 人工染色 (略有磨损),暗影双匕（★） | 人工染色,隐秘,略有磨损,835.00
蝴蝶刀（★ StatTrak™） | 深红之网 (崭新出厂),蝴蝶刀（★ StatTrak™） | 深红之网,隐秘,崭新出厂,
蝴蝶刀（★ StatTrak™） | 深红之网 (久经沙场),蝴蝶刀（★ StatTrak™） | 深红之网,隐秘,久经沙场,7657.33
蝴蝶刀（★ StatTrak™） | 深红之网 (破损不堪),蝴蝶刀（★ StatTrak™） | 深红之网,隐秘,破损不堪,7200.00
蝴蝶刀（★ StatTrak™） | 深红之网 (战痕累累),蝴蝶刀（★ StatTrak™） | 深红之网,隐秘,战痕累累,5750.00
蝴蝶刀（★ StatTrak™） | 深红之网 (略有磨损),蝴蝶刀（★ StatTrak™） | 深红之网,隐秘,略有磨损,18888.00
PP-野牛（StatTrak™） | 太空猫 (崭新出厂),PP-野牛（StatTrak™） | 太空猫,受限,崭新出厂,22.50
PP-野牛（StatTrak™） | 太空猫 (久经沙场),PP-野牛（StatTrak™） | 太空猫,受限,久经沙场,4.64
PP-野牛（StatTrak™） | 太空猫 (破损不堪),PP-野牛（StatTrak™） | 太空猫,受限,破损不堪,4.68
PP-野牛（StatTrak™） | 太空猫 (战痕累累),PP-野牛（StatTrak™） | 太空猫,受限,战痕累累,3.50
PP-野牛（StatTrak™） | 太空猫 (略有磨损),PP-野牛（StatTrak™） | 太空猫,受限,略有磨损,11.02
格洛克 18 型 | 皇家军团 (崭新出厂),格洛克 18 型 | 皇家军团,受限,崭新出厂,43.06
格洛克 18 型 | 皇家军团 (久经沙场),格洛克 18 型 | 皇家军团,受限,久经沙场,13.02
格洛克 18 型 | 皇家军团 (破损不堪),格洛克 18 型 | 皇家军团,受限,破损不堪,12.42
格洛克 18 型 | 皇家军团 (战痕累累),格洛克 18 型 | 皇家军团,受限,战痕累累,13.00
格洛克 18 型 | 皇家军团 (略有磨损),格洛克 18 型 | 皇家军团,受限,略有磨损,16.20
M9 刺刀（★ StatTrak™） | 传说 (崭新出厂),M9 刺刀（★ StatTrak™） | 传说,隐秘,崭新出厂,24000.00
M9 刺刀（★ StatTrak™） | 传说 (久经沙场),M9 刺刀（★ StatTrak™） | 传说,隐秘,久经沙场,8388.00
M9 刺刀（★ StatTrak™） | 传说 (破损不堪),M9 刺刀（★ StatTrak™） | 传说,隐秘,破损不堪,6888.00
M9 刺刀（★ StatTrak™） | 传说 (战痕累累),M9 刺刀（★ StatTrak™） | 传说,隐秘,战痕累累,
M9 刺刀（★ StatTrak™） | 传说 (略有磨损),M9 刺刀（★ StatTrak™） | 传说,隐秘,略有磨损,18888.00
AWP | 电子蜂巢 (崭新出厂),AWP | 电子蜂巢,保密,崭新出厂,482.06
AWP | 电子蜂巢 (久经沙场),AWP | 电子蜂巢,保密,久经沙场,228.04
AWP | 电子蜂巢 (破损不堪),AWP | 电子蜂巢,保密,破损不堪,10000.00
AWP | 电子蜂巢 (略有磨损),AWP | 电子蜂巢,保密,略有磨损,316.10
折刀（★） | 夜色 (崭新出厂),折刀（★） | 夜色,隐秘,崭新出厂,1150.00
折刀（★） | 夜色 (久经沙场),折刀（★） | 夜色,隐秘,久经沙场,590.55
折刀（★） | 夜色 (破损不堪),折刀（★） | 夜色,隐秘,破损不堪,590.00
折刀（★） | 夜色 (战痕累累),折刀（★） | 夜色,隐秘,战痕累累,619.90
折刀（★） | 夜色 (略有磨损),折刀（★） | 夜色,隐秘,略有磨损,666.00
MP9（StatTrak™） | 焦油缠绕 (崭新出厂),MP9（StatTrak™） | 焦油缠绕,受限,崭新出厂,23.00
MP9（StatTrak™） | 焦油缠绕 (久经沙场),MP9（StatTrak™） | 焦油缠绕,受限,久经沙场,5.90
MP9（StatTrak™） | 焦油缠绕 (破损不堪),MP9（StatTrak™） | 焦油缠绕,受限,破损不堪,7.82
MP9（StatTrak™） | 焦油缠绕 (战痕累累),MP9（StatTrak™） | 焦油缠绕,受限,战痕累累,6.94
MP9（StatTrak™） | 焦油缠绕 (略有磨损),MP9（StatTrak™） | 焦油缠绕,受限,略有磨损,10.92
爪子刀（★） | 渐变之色 (崭新出厂),爪子刀（★） | 渐变之色,隐秘,崭新出厂,20396.00
爪子刀（★） | 渐变之色 (略有磨损),爪子刀（★） | 渐变之色,隐秘,略有磨损,18400.00
Tec-9 | 艾萨克 (崭新出厂),Tec-9 | 艾萨克,军规级,崭新出厂,63.41
Tec-9 | 艾萨克 (久经沙场),Tec-9 | 艾萨克,军规级,久经沙场,18.00
Tec-9 | 艾萨克 (破损不堪),Tec-9 | 艾萨克,军规级,破损不堪,14.16
Tec-9 | 艾萨克 (战痕累累),Tec-9 | 艾萨克,军规级,战痕累累,14.00
Tec-9 | 艾萨克 (略有磨损),Tec-9 | 艾萨克,军规级,略有磨损,17.47
UMP-45 | 支架 (崭新出厂),UMP-45 | 支架,受限,崭新出厂,17.62
UMP-45 | 支架 (久经沙场),UMP-45 | 支架,受限,久经沙场,7.84
UMP-45 | 支架 (破损不堪),UMP-45 | 支架,受限,破损不堪,7.26
UMP-45 | 支架 (战痕累累),UMP-45 | 支架,受限,战痕累累,7.38
UMP-45 | 支架 (略有磨损),UMP-45 | 支架,受限,略有磨损,9.89
M4A4（StatTrak™） | X 射线 (崭新出厂),M4A4（StatTrak™） | X 射线,隐秘,崭新出厂,630.24
M4A4（StatTrak™） | X 射线 (久经沙场),M4A4（StatTrak™） | X 射线,隐秘,久经沙场,238.04
M4A4（StatTrak™） | X 射线 (略有磨损),M4A4（StatTrak™） | X 射线,隐秘,略有磨损,329.88
暗影双匕（★） | 澄澈之水 (崭新出厂),暗影双匕（★） | 澄澈之水,隐秘,崭新出厂,850.00
暗影双匕（★） | 澄澈之水 (久经沙场),暗影双匕（★） | 澄澈之水,隐秘,久经沙场,698.49
暗影双匕（★） | 澄澈之水 (破损不堪),暗影双匕（★） | 澄澈之水,隐秘,破损不堪,700.00
暗影双匕（★） | 澄澈之水 (战痕累累),暗影双匕（★） | 澄澈之水,隐秘,战痕累累,
暗影双匕（★） | 澄澈之水 (略有磨损),暗影双匕（★） | 澄澈之水,隐秘,略有磨损,748.00
M9 刺刀（★） | 传说 (崭新出厂),M9 刺刀（★） | 传说,隐秘,崭新出厂,26946.00
M9 刺刀（★） | 传说 (久经沙场),M9 刺刀（★） | 传说,隐秘,久经沙场,8738.00
M9 刺刀（★） | 传说 (破损不堪),M9 刺刀（★） | 传说,隐秘,破损不堪,6657.00
M9 刺刀（★） | 传说 (战痕累累),M9 刺刀（★） | 传说,隐秘,战痕累累,4759.24
M9 刺刀（★） | 传说 (略有磨损),M9 刺刀（★） | 传说,隐秘,略有磨损,19677.30
MP5-SD（StatTrak™） | 猛烈冲锋 (崭新出厂),MP5-SD（StatTrak™） | 猛烈冲锋,受限,崭新出厂,26.22
MP5-SD（StatTrak™） | 猛烈冲锋 (久经沙场),MP5-SD（StatTrak™） | 猛烈冲锋,受限,久经沙场,4.95
MP5-SD（StatTrak™） | 猛烈冲锋 (破损不堪),MP5-SD（StatTrak™） | 猛烈冲锋,受限,破损不堪,5.22
MP5-SD（StatTrak™） | 猛烈冲锋 (战痕累累),MP5-SD（StatTrak™） | 猛烈冲锋,受限,战痕累累,3.67
MP5-SD（StatTrak™） | 猛烈冲锋 (略有磨损),MP5-SD（StatTrak™） | 猛烈冲锋,受限,略有磨损,10.71
格洛克 18 型 | 圆影玉兔 (崭新出厂),格洛克 18 型 | 圆影玉兔,受限,崭新出厂,26.63
格洛克 18 型 | 圆影玉兔 (久经沙场),格洛克 18 型 | 圆影玉兔,受限,久经沙场,7.31
格洛克 18 型 | 圆影玉兔 (破损不堪),格洛克 18 型 | 圆影玉兔,受限,破损不堪,6.73
格洛克 18 型 | 圆影玉兔 (战痕累累),格洛克 18 型 | 圆影玉兔,受限,战痕累累,6.57
格洛克 18 型 | 圆影玉兔 (略有磨损),格洛克 18 型 | 圆影玉兔,受限,略有磨损,16.00
M4A1 消音型 | 暴怒野兽 (崭新出厂),M4A1 消音型 | 暴怒野兽,隐秘,崭新出厂,1011.95
M4A1 消音型 | 暴怒野兽 (久经沙场),M4A1 消音型 | 暴怒野兽,隐秘,久经沙场,154.70
M4A1 消音型 | 暴怒野兽 (破损不堪),M4A1 消音型 | 暴怒野兽,隐秘,破损不堪,110.00
M4A1 消音型 | 暴怒野兽 (战痕累累),M4A1 消音型 | 暴怒野兽,隐秘,战痕累累,98.90
M4A1 消音型 | 暴怒野兽 (略有磨损),M4A1 消音型 | 暴怒野兽,隐秘,略有磨损,325.69
暗影双匕（★） | 北方森林 (崭新出厂),暗影双匕（★） | 北方森林,隐秘,崭新出厂,
暗影双匕（★） | 北方森林 (久经沙场),暗影双匕（★） | 北方森林,隐秘,久经沙场,620.00
暗影双匕（★） | 北方森林 (破损不堪),暗影双匕（★） | 北方森林,隐秘,破损不堪,
暗影双匕（★） | 北方森林 (战痕累累),暗影双匕（★） | 北方森林,隐秘,战痕累累,
暗影双匕（★） | 北方森林 (略有磨损),暗影双匕（★） | 北方森林,隐秘,略有磨损,733.00
PP-野牛（StatTrak™） | 透光区 (崭新出厂),PP-野牛（StatTrak™） | 透光区,军规级,崭新出厂,39.00
PP-野牛（StatTrak™） | 透光区 (久经沙场),PP-野牛（StatTrak™） | 透光区,军规级,久经沙场,4.86
PP-野牛（StatTrak™） | 透光区 (破损不堪),PP-野牛（StatTrak™） | 透光区,军规级,破损不堪,3.75
PP-野牛（StatTrak™） | 透光区 (战痕累累),PP-野牛（StatTrak™） | 透光区,军规级,战痕累累,2.96
PP-野牛（StatTrak™） | 透光区 (略有磨损),PP-野牛（StatTrak™） | 透光区,军规级,略有磨损,12.08
AK-47 | 皇后 (崭新出厂),AK-47 | 皇后,隐秘,崭新出厂,927.12
AK-47 | 皇后 (久经沙场),AK-47 | 皇后,隐秘,久经沙场,196.98
AK-47 | 皇后 (破损不堪),AK-47 | 皇后,隐秘,破损不堪,159.96
AK-47 | 皇后 (战痕累累),AK-47 | 皇后,隐秘,战痕累累,145.97
AK-47 | 皇后 (略有磨损),AK-47 | 皇后,隐秘,略有磨损,318.39
蝴蝶刀（★） | 多普勒 (崭新出厂),蝴蝶刀（★） | 多普勒,隐秘,崭新出厂,12331.00
蝴蝶刀（★） | 多普勒 (略有磨损),蝴蝶刀（★） | 多普勒,隐秘,略有磨损,16200.00
FN57（StatTrak™） | 好兄弟 (崭新出厂),FN57（StatTrak™） | 好兄弟,受限,崭新出厂,34.64
FN57（StatTrak™） | 好兄弟 (久经沙场),FN57（StatTrak™） | 好兄弟,受限,久经沙场,9.68
FN57（StatTrak™） | 好兄弟 (破损不堪),FN57（StatTrak™） | 好兄弟,受限,破损不堪,17.00
FN57（StatTrak™） | 好兄弟 (战痕累累),FN57（StatTrak™） | 好兄弟,受限,战痕累累,11.50
FN57（StatTrak™） | 好兄弟 (略有磨损),FN57（StatTrak™） | 好兄弟,受限,略有磨损,17.24
折刀（★） | 蓝钢 (崭新出厂),折刀（★） | 蓝钢,隐秘,崭新出厂,999.00
折刀（★） | 蓝钢 (久经沙场),折刀（★） | 蓝钢,隐秘,久经沙场,666.00
折刀（★） | 蓝钢 (破损不堪),折刀（★） | 蓝钢,隐秘,破损不堪,699.88
折刀（★） | 蓝钢 (战痕累累),折刀（★） | 蓝钢,隐秘,战痕累累,668.00
折刀（★） | 蓝钢 (略有磨损),折刀（★） | 蓝钢,隐秘,略有磨损,748.00
AK-47 | 夜愿 (崭新出厂),AK-47 | 夜愿,隐秘,崭新出厂,976.80
AK-47 | 夜愿 (久经沙场),AK-47 | 夜愿,隐秘,久经沙场,140.33
AK-47 | 夜愿 (破损不堪),AK-47 | 夜愿,隐秘,破损不堪,97.67
AK-47 | 夜愿 (战痕累累),AK-47 | 夜愿,隐秘,战痕累累,59.74
AK-47 | 夜愿 (略有磨损),AK-47 | 夜愿,隐秘,略有磨损,325.73
MAC-10（StatTrak™） | 魅惑 (崭新出厂),MAC-10（StatTrak™） | 魅惑,受限,崭新出厂,27.62
MAC-10（StatTrak™） | 魅惑 (久经沙场),MAC-10（StatTrak™） | 魅惑,受限,久经沙场,5.10
MAC-10（StatTrak™） | 魅惑 (破损不堪),MAC-10（StatTrak™） | 魅惑,受限,破损不堪,5.00
MAC-10（StatTrak™） | 魅惑 (战痕累累),MAC-10（StatTrak™） | 魅惑,受限,战痕累累,3.60
MAC-10（StatTrak™） | 魅惑 (略有磨损),MAC-10（StatTrak™） | 魅惑,受限,略有磨损,10.79
USP 消音版（StatTrak™） | 铅管 (崭新出厂),USP 消音版（StatTrak™） | 铅管,军规级,崭新出厂,77.88
USP 消音版（StatTrak™） | 铅管 (久经沙场),USP 消音版（StatTrak™） | 铅管,军规级,久经沙场,12.54
USP 消音版（StatTrak™） | 铅管 (破损不堪),USP 消音版（StatTrak™） | 铅管,军规级,破损不堪,9.89
USP 消音版（StatTrak™） | 铅管 (战痕累累),USP 消音版（StatTrak™） | 铅管,军规级,战痕累累,12.71
USP 消音版（StatTrak™） | 铅管 (略有磨损),USP 消音版（StatTrak™） | 铅管,军规级,略有磨损,15.89
骷髅匕首（★ StatTrak™） | 深红之网 (崭新出厂),骷髅匕首（★ StatTrak™） | 深红之网,隐秘,崭新出厂,
骷髅匕首（★ StatTrak™） | 深红之网 (久经沙场),骷髅匕首（★ StatTrak™） | 深红之网,隐秘,久经沙场,8300.00
骷髅匕首（★ StatTrak™） | 深红之网 (破损不堪),骷髅匕首（★ StatTrak™） | 深红之网,隐秘,破损不堪,7900.00
骷髅匕首（★ StatTrak™） | 深红之网 (战痕累累),骷髅匕首（★ StatTrak™） | 深红之网,隐秘,战痕累累,4859.00
骷髅匕首（★ StatTrak™） | 深红之网 (略有磨损),骷髅匕首（★ StatTrak™） | 深红之网,隐秘,略有磨损,11500.00
M4A1 消音型（StatTrak™） | 梦魇 (崭新出厂),M4A1 消音型（StatTrak™） | 梦魇,保密,崭新出厂,776.88
M4A1 消音型（StatTrak™） | 梦魇 (久经沙场),M4A1 消音型（StatTrak™） | 梦魇,保密,久经沙场,162.97
M4A1 消音型（StatTrak™） | 梦魇 (破损不堪),M4A1 消音型（StatTrak™） | 梦魇,保密,破损不堪,138.00
M4A1 消音型（StatTrak™） | 梦魇 (战痕累累),M4A1 消音型（StatTrak™） | 梦魇,保密,战痕累累,131.24
M4A1 消音型（StatTrak™） | 梦魇 (略有磨损),M4A1 消音型（StatTrak™） | 梦魇,保密,略有磨损,319.00
MAC-10（StatTrak™） | 销声 (崭新出厂),MAC-10（StatTrak™） | 销声,受限,崭新出厂,
MAC-10（StatTrak™） | 销声 (久经沙场),MAC-10（StatTrak™） | 销声,受限,久经沙场,5.96
MAC-10（StatTrak™） | 销声 (破损不堪),MAC-10（StatTrak™） | 销声,受限,破损不堪,9.67
MAC-10（StatTrak™） | 销声 (战痕累累),MAC-10（StatTrak™） | 销声,受限,战痕累累,5.45
MAC-10（StatTrak™） | 销声 (略有磨损),MAC-10（StatTrak™） | 销声,受限,略有磨损,11.00
折刀（★ StatTrak™） | 北方森林 (久经沙场),折刀（★ StatTrak™） | 北方森林,隐秘,久经沙场,
折刀（★ StatTrak™） | 北方森林 (破损不堪),折刀（★ StatTrak™） | 北方森林,隐秘,破损不堪,
折刀（★ StatTrak™） | 北方森林 (战痕累累),折刀（★ StatTrak™） | 北方森林,隐秘,战痕累累,616.00
折刀（★ StatTrak™） | 北方森林 (略有磨损),折刀（★ StatTrak™） | 北方森林,隐秘,略有磨损,670.00
双持贝瑞塔（StatTrak™） | 皇室伴侣 (崭新出厂),双持贝瑞塔（StatTrak™） | 皇室伴侣,受限,崭新出厂,53.07
双持贝瑞塔（StatTrak™） | 皇室伴侣 (久经沙场),双持贝瑞塔（StatTrak™） | 皇室伴侣,受限,久经沙场,5.94
双持贝瑞塔（StatTrak™） | 皇室伴侣 (破损不堪),双持贝瑞塔（StatTrak™） | 皇室伴侣,受限,破损不堪,6.00
双持贝瑞塔（StatTrak™） | 皇室伴侣 (战痕累累),双持贝瑞塔（StatTrak™） | 皇室伴侣,受限,战痕累累,7.30
双持贝瑞塔（StatTrak™） | 皇室伴侣 (略有磨损),双持贝瑞塔（StatTrak™） | 皇室伴侣,受限,略有磨损,17.40
蝴蝶刀（★） | 渐变大理石 (崭新出厂),蝴蝶刀（★） | 渐变大理石,隐秘,崭新出厂,16900.00
蝴蝶刀（★） | 渐变大理石 (略有磨损),蝴蝶刀（★） | 渐变大理石,隐秘,略有磨损,20000.00
AK-47 | 红色层压板 (崭新出厂),AK-47 | 红色层压板,保密,崭新出厂,
AK-47 | 红色层压板 (久经沙场),AK-47 | 红色层压板,保密,久经沙场,200.57
AK-47 | 红色层压板 (破损不堪),AK-47 | 红色层压板,保密,破损不堪,333.00
AK-47 | 红色层压板 (战痕累累),AK-47 | 红色层压板,保密,战痕累累,205.68
AK-47 | 红色层压板 (略有磨损),AK-47 | 红色层压板,保密,略有磨损,336.00
UMP-45 | 紫青之色 (崭新出厂),UMP-45 | 紫青之色,消费级,崭新出厂,45.90
UMP-45 | 紫青之色 (久经沙场),UMP-45 | 紫青之色,消费级,久经沙场,11.65
UMP-45 | 紫青之色 (破损不堪),UMP-45 | 紫青之色,消费级,破损不堪,
UMP-45 | 紫青之色 (战痕累累),UMP-45 | 紫青之色,消费级,战痕累累,11.56
UMP-45 | 紫青之色 (略有磨损),UMP-45 | 紫青之色,消费级,略有磨损,12.00
暗影双匕（★） | 狩猎网格 (崭新出厂),暗影双匕（★） | 狩猎网格,隐秘,崭新出厂,
暗影双匕（★） | 狩猎网格 (久经沙场),暗影双匕（★） | 狩猎网格,隐秘,久经沙场,674.00
暗影双匕（★） | 狩猎网格 (破损不堪),暗影双匕（★） | 狩猎网格,隐秘,破损不堪,720.00
暗影双匕（★） | 狩猎网格 (战痕累累),暗影双匕（★） | 狩猎网格,隐秘,战痕累累,
暗影双匕（★） | 狩猎网格 (略有磨损),暗影双匕（★） | 狩猎网格,隐秘,略有磨损,798.89
FN57（StatTrak™） | 都市危机 (崭新出厂),FN57（StatTrak™） | 都市危机,军规级,崭新出厂,23.75
FN57（StatTrak™） | 都市危机 (久经沙场),FN57（StatTrak™） | 都市危机,军规级,久经沙场,18.99
FN57（StatTrak™） | 都市危机 (略有磨损),FN57（StatTrak™） | 都市危机,军规级,略有磨损,13.50
M4A1 消音型 | 二号玩家 (崭新出厂),M4A1 消音型 | 二号玩家,隐秘,崭新出厂,701.50
M4A1 消音型 | 二号玩家 (久经沙场),M4A1 消音型 | 二号玩家,隐秘,久经沙场,158.99
M4A1 消音型 | 二号玩家 (破损不堪),M4A1 消音型 | 二号玩家,隐秘,破损不堪,170.16
M4A1 消音型 | 二号玩家 (战痕累累),M4A1 消音型 | 二号玩家,隐秘,战痕累累,83.89
M4A1 消音型 | 二号玩家 (略有磨损),M4A1 消音型 | 二号玩家,隐秘,略有磨损,336.05
猎杀者匕首（★） | 多普勒 (崭新出厂),猎杀者匕首（★） | 多普勒,隐秘,崭新出厂,3009.00
猎杀者匕首（★） | 多普勒 (略有磨损),猎杀者匕首（★） | 多普勒,隐秘,略有磨损,25555.00
暗影双匕（★） | 森林 DDPAT (崭新出厂),暗影双匕（★） | 森林 DDPAT,隐秘,崭新出厂,
暗影双匕（★） | 森林 DDPAT (久经沙场),暗影双匕（★） | 森林 DDPAT,隐秘,久经沙场,655.00
暗影双匕（★） | 森林 DDPAT (破损不堪),暗影双匕（★） | 森林 DDPAT,隐秘,破损不堪,
暗影双匕（★） | 森林 DDPAT (战痕累累),暗影双匕（★） | 森林 DDPAT,隐秘,战痕累累,
暗影双匕（★） | 森林 DDPAT (略有磨损),暗影双匕（★） | 森林 DDPAT,隐秘,略有磨损,769.00
P90 | 深蓝组件 (崭新出厂),P90 | 深蓝组件,军规级,崭新出厂,15.38
P90 | 深蓝组件 (久经沙场),P90 | 深蓝组件,军规级,久经沙场,17.00
P90 | 深蓝组件 (略有磨损),P90 | 深蓝组件,军规级,略有磨损,15.30
蝴蝶刀（★） | 渐变之色 (崭新出厂),蝴蝶刀（★） | 渐变之色,隐秘,崭新出厂,24091.00
蝴蝶刀（★） | 渐变之色 (略有磨损),蝴蝶刀（★） | 渐变之色,隐秘,略有磨损,22222.00
FN57 | 三位一体 (崭新出厂),FN57 | 三位一体,受限,崭新出厂,31.58
FN57 | 三位一体 (久经沙场),FN57 | 三位一体,受限,久经沙场,14.40
FN57 | 三位一体 (破损不堪),FN57 | 三位一体,受限,破损不堪,19.70
FN57 | 三位一体 (战痕累累),FN57 | 三位一体,受限,战痕累累,30.00
FN57 | 三位一体 (略有磨损),FN57 | 三位一体,受限,略有磨损,18.88
SSG 08 | 喋血战士 (久经沙场),SSG 08 | 喋血战士,保密,久经沙场,49.80
SSG 08 | 喋血战士 (破损不堪),SSG 08 | 喋血战士,保密,破损不堪,52.00
SSG 08 | 喋血战士 (战痕累累),SSG 08 | 喋血战士,保密,战痕累累,290.00
SSG 08 | 喋血战士 (略有磨损),SSG 08 | 喋血战士,保密,略有磨损,347.80
MAC-10 | 紫青之色 (崭新出厂),MAC-10 | 紫青之色,消费级,崭新出厂,117.00
MAC-10 | 紫青之色 (久经沙场),MAC-10 | 紫青之色,消费级,久经沙场,11.10
MAC-10 | 紫青之色 (破损不堪),MAC-10 | 紫青之色,消费级,破损不堪,11.30
MAC-10 | 紫青之色 (战痕累累),MAC-10 | 紫青之色,消费级,战痕累累,12.70
MAC-10 | 紫青之色 (略有磨损),MAC-10 | 紫青之色,消费级,略有磨损,11.79
穿肠刀（★） | 枯焦之色 (崭新出厂),穿肠刀（★） | 枯焦之色,隐秘,崭新出厂,
穿肠刀（★） | 枯焦之色 (久经沙场),穿肠刀（★） | 枯焦之色,隐秘,久经沙场,700.00
穿肠刀（★） | 枯焦之色 (破损不堪),穿肠刀（★） | 枯焦之色,隐秘,破损不堪,
穿肠刀（★） | 枯焦之色 (战痕累累),穿肠刀（★） | 枯焦之色,隐秘,战痕累累,
穿肠刀（★） | 枯焦之色 (略有磨损),穿肠刀（★） | 枯焦之色,隐秘,略有磨损,
格洛克 18 型（纪念品） | 噩梦之夜 (崭新出厂),格洛克 18 型（纪念品） | 噩梦之夜,工业级,崭新出厂,227.50
格洛克 18 型（纪念品） | 噩梦之夜 (久经沙场),格洛克 18 型（纪念品） | 噩梦之夜,工业级,久经沙场,2.99
格洛克 18 型（纪念品） | 噩梦之夜 (破损不堪),格洛克 18 型（纪念品） | 噩梦之夜,工业级,破损不堪,13.00
格洛克 18 型（纪念品） | 噩梦之夜 (战痕累累),格洛克 18 型（纪念品） | 噩梦之夜,工业级,战痕累累,6.80
格洛克 18 型（纪念品） | 噩梦之夜 (略有磨损),格洛克 18 型（纪念品） | 噩梦之夜,工业级,略有磨损,15.93
SSG 08（StatTrak™） | 炎龙之焰 (崭新出厂),SSG 08（StatTrak™） | 炎龙之焰,隐秘,崭新出厂,520.00
SSG 08（StatTrak™） | 炎龙之焰 (久经沙场),SSG 08（StatTrak™） | 炎龙之焰,隐秘,久经沙场,298.26
SSG 08（StatTrak™） | 炎龙之焰 (破损不堪),SSG 08（StatTrak™） | 炎龙之焰,隐秘,破损不堪,269.00
SSG 08（StatTrak™） | 炎龙之焰 (战痕累累),SSG 08（StatTrak™） | 炎龙之焰,隐秘,战痕累累,
SSG 08（StatTrak™） | 炎龙之焰 (略有磨损),SSG 08（StatTrak™） | 炎龙之焰,隐秘,略有磨损,345.00
MAC-10（纪念品） | 小牛皮 (崭新出厂),MAC-10（纪念品） | 小牛皮,工业级,崭新出厂,84.05
MAC-10（纪念品） | 小牛皮 (久经沙场),MAC-10（纪念品） | 小牛皮,工业级,久经沙场,4.92
MAC-10（纪念品） | 小牛皮 (破损不堪),MAC-10（纪念品） | 小牛皮,工业级,破损不堪,3.37
MAC-10（纪念品） | 小牛皮 (战痕累累),MAC-10（纪念品） | 小牛皮,工业级,战痕累累,1.69
MAC-10（纪念品） | 小牛皮 (略有磨损),MAC-10（纪念品） | 小牛皮,工业级,略有磨损,9.77
蝴蝶刀（★） | 传说 (崭新出厂),蝴蝶刀（★） | 传说,隐秘,崭新出厂,53999.00
蝴蝶刀（★） | 传说 (久经沙场),蝴蝶刀（★） | 传说,隐秘,久经沙场,14563.98
蝴蝶刀（★） | 传说 (破损不堪),蝴蝶刀（★） | 传说,隐秘,破损不堪,10000.00
蝴蝶刀（★） | 传说 (战痕累累),蝴蝶刀（★） | 传说,隐秘,战痕累累,7350.00
蝴蝶刀（★） | 传说 (略有磨损),蝴蝶刀（★） | 传说,隐秘,略有磨损,27315.00
P250（StatTrak™） | 超新星 (崭新出厂),P250（StatTrak™） | 超新星,受限,崭新出厂,28.50
P250（StatTrak™） | 超新星 (久经沙场),P250（StatTrak™） | 超新星,受限,久经沙场,12.44
P250（StatTrak™） | 超新星 (破损不堪),P250（StatTrak™） | 超新星,受限,破损不堪,
P250（StatTrak™） | 超新星 (略有磨损),P250（StatTrak™） | 超新星,受限,略有磨损,17.00
弯刀（★） | 狩猎网格 (崭新出厂),弯刀（★） | 狩猎网格,隐秘,崭新出厂,
弯刀（★） | 狩猎网格 (久经沙场),弯刀（★） | 狩猎网格,隐秘,久经沙场,737.00
弯刀（★） | 狩猎网格 (破损不堪),弯刀（★） | 狩猎网格,隐秘,破损不堪,730.00
弯刀（★） | 狩猎网格 (战痕累累),弯刀（★） | 狩猎网格,隐秘,战痕累累,742.01
弯刀（★） | 狩猎网格 (略有磨损),弯刀（★） | 狩猎网格,隐秘,略有磨损,799.00
AK-47 | 美洲猛虎 (崭新出厂),AK-47 | 美洲猛虎,隐秘,崭新出厂,1097.90
AK-47 | 美洲猛虎 (久经沙场),AK-47 | 美洲猛虎,隐秘,久经沙场,217.60
AK-47 | 美洲猛虎 (破损不堪),AK-47 | 美洲猛虎,隐秘,破损不堪,208.00
AK-47 | 美洲猛虎 (战痕累累),AK-47 | 美洲猛虎,隐秘,战痕累累,320.00
AK-47 | 美洲猛虎 (略有磨损),AK-47 | 美洲猛虎,隐秘,略有磨损,346.60
PP-野牛（StatTrak™） | 钻蓝半调 (崭新出厂),PP-野牛（StatTrak™） | 钻蓝半调,军规级,崭新出厂,44.65
PP-野牛（StatTrak™） | 钻蓝半调 (久经沙场),PP-野牛（StatTrak™） | 钻蓝半调,军规级,久经沙场,9.25
PP-野牛（StatTrak™） | 钻蓝半调 (破损不堪),PP-野牛（StatTrak™） | 钻蓝半调,军规级,破损不堪,9.34
PP-野牛（StatTrak™） | 钻蓝半调 (略有磨损),PP-野牛（StatTrak™） | 钻蓝半调,军规级,略有磨损,12.19
P2000 | 工业牧草 (崭新出厂),P2000 | 工业牧草,工业级,崭新出厂,
P2000 | 工业牧草 (久经沙场),P2000 | 工业牧草,工业级,久经沙场,6.88
P2000 | 工业牧草 (破损不堪),P2000 | 工业牧草,工业级,破损不堪,
P2000 | 工业牧草 (战痕累累),P2000 | 工业牧草,工业级,战痕累累,7.81
P2000 | 工业牧草 (略有磨损),P2000 | 工业牧草,工业级,略有磨损,18.30
蝴蝶刀（★ StatTrak™） | 传说 (崭新出厂),蝴蝶刀（★ StatTrak™） | 传说,隐秘,崭新出厂,51999.00
蝴蝶刀（★ StatTrak™） | 传说 (久经沙场),蝴蝶刀（★ StatTrak™） | 传说,隐秘,久经沙场,14666.00
蝴蝶刀（★ StatTrak™） | 传说 (破损不堪),蝴蝶刀（★ StatTrak™） | 传说,隐秘,破损不堪,9999.00
蝴蝶刀（★ StatTrak™） | 传说 (战痕累累),蝴蝶刀（★ StatTrak™） | 传说,隐秘,战痕累累,7300.00
蝴蝶刀（★ StatTrak™） | 传说 (略有磨损),蝴蝶刀（★ StatTrak™） | 传说,隐秘,略有磨损,25988.00
折刀（★） | 致命紫罗兰 (崭新出厂),折刀（★） | 致命紫罗兰,隐秘,崭新出厂,2021.00
折刀（★） | 致命紫罗兰 (久经沙场),折刀（★） | 致命紫罗兰,隐秘,久经沙场,648.99
折刀（★） | 致命紫罗兰 (破损不堪),折刀（★） | 致命紫罗兰,隐秘,破损不堪,630.00
折刀（★） | 致命紫罗兰 (战痕累累),折刀（★） | 致命紫罗兰,隐秘,战痕累累,660.00
折刀（★） | 致命紫罗兰 (略有磨损),折刀（★） | 致命紫罗兰,隐秘,略有磨损,810.00
M4A1 消音型 | 原子合金 (崭新出厂),M4A1 消音型 | 原子合金,保密,崭新出厂,639.32
M4A1 消音型 | 原子合金 (久经沙场),M4A1 消音型 | 原子合金,保密,久经沙场,242.89
M4A1 消音型 | 原子合金 (破损不堪),M4A1 消音型 | 原子合金,保密,破损不堪,360.00
M4A1 消音型 | 原子合金 (战痕累累),M4A1 消音型 | 原子合金,保密,战痕累累,200.00
M4A1 消音型 | 原子合金 (略有磨损),M4A1 消音型 | 原子合金,保密,略有磨损,339.22
P90 | 病毒危机 (崭新出厂),P90 | 病毒危机,受限,崭新出厂,29.60
P90 | 病毒危机 (久经沙场),P90 | 病毒危机,受限,久经沙场,14.35
P90 | 病毒危机 (破损不堪),P90 | 病毒危机,受限,破损不堪,
P90 | 病毒危机 (战痕累累),P90 | 病毒危机,受限,战痕累累,19.20
P90 | 病毒危机 (略有磨损),P90 | 病毒危机,受限,略有磨损,12.28
P250 | 硝烟 (崭新出厂),P250 | 硝烟,工业级,崭新出厂,400.00
P250 | 硝烟 (久经沙场),P250 | 硝烟,工业级,久经沙场,8.50
P250 | 硝烟 (破损不堪),P250 | 硝烟,工业级,破损不堪,
P250 | 硝烟 (战痕累累),P250 | 硝烟,工业级,战痕累累,
P250 | 硝烟 (略有磨损),P250 | 硝烟,工业级,略有磨损,18.62
SSG 08（纪念品） | 掠夺者 (崭新出厂),SSG 08（纪念品） | 掠夺者,消费级,崭新出厂,0.11
SSG 08（纪念品） | 掠夺者 (久经沙场),SSG 08（纪念品） | 掠夺者,消费级,久经沙场,0.08
SSG 08（纪念品） | 掠夺者 (破损不堪),SSG 08（纪念品） | 掠夺者,消费级,破损不堪,0.07
SSG 08（纪念品） | 掠夺者 (战痕累累),SSG 08（纪念品） | 掠夺者,消费级,战痕累累,0.10
SSG 08（纪念品） | 掠夺者 (略有磨损),SSG 08（纪念品） | 掠夺者,消费级,略有磨损,0.08
MP5-SD | 氮化处理 (崭新出厂),MP5-SD | 氮化处理,工业级,崭新出厂,88.00
MP5-SD | 氮化处理 (久经沙场),MP5-SD | 氮化处理,工业级,久经沙场,10.32
MP5-SD | 氮化处理 (破损不堪),MP5-SD | 氮化处理,工业级,破损不堪,
MP5-SD | 氮化处理 (战痕累累),MP5-SD | 氮化处理,工业级,战痕累累,27.00
MP5-SD | 氮化处理 (略有磨损),MP5-SD | 氮化处理,工业级,略有磨损,11.90
AK-47 | 二西莫夫 (崭新出厂),AK-47 | 二西莫夫,隐秘,崭新出厂,1546.00
AK-47 | 二西莫夫 (久经沙场),AK-47 | 二西莫夫,隐秘,久经沙场,206.49
AK-47 | 二西莫夫 (破损不堪),AK-47 | 二西莫夫,隐秘,破损不堪,230.00
AK-47 | 二西莫夫 (战痕累累),AK-47 | 二西莫夫,隐秘,战痕累累,154.90
AK-47 | 二西莫夫 (略有磨损),AK-47 | 二西莫夫,隐秘,略有磨损,351.70
折刀（★ StatTrak™） | 大马士革钢 (崭新出厂),折刀（★ StatTrak™） | 大马士革钢,隐秘,崭新出厂,1800.00
折刀（★ StatTrak™） | 大马士革钢 (久经沙场),折刀（★ StatTrak™） | 大马士革钢,隐秘,久经沙场,
折刀（★ StatTrak™） | 大马士革钢 (破损不堪),折刀（★ StatTrak™） | 大马士革钢,隐秘,破损不堪,
折刀（★ StatTrak™） | 大马士革钢 (战痕累累),折刀（★ StatTrak™） | 大马士革钢,隐秘,战痕累累,
折刀（★ StatTrak™） | 大马士革钢 (略有磨损),折刀（★ StatTrak™） | 大马士革钢,隐秘,略有磨损,
AUG | 雇佣兵 (崭新出厂),AUG | 雇佣兵,消费级,崭新出厂,1.52
AUG | 雇佣兵 (久经沙场),AUG | 雇佣兵,消费级,久经沙场,0.14
AUG | 雇佣兵 (破损不堪),AUG | 雇佣兵,消费级,破损不堪,0.11
AUG | 雇佣兵 (战痕累累),AUG | 雇佣兵,消费级,战痕累累,0.14
AUG | 雇佣兵 (略有磨损),AUG | 雇佣兵,消费级,略有磨损,0.20
P2000（StatTrak™） | 手炮 (崭新出厂),P2000（StatTrak™） | 手炮,受限,崭新出厂,74.15
P2000（StatTrak™） | 手炮 (久经沙场),P2000（StatTrak™） | 手炮,受限,久经沙场,10.00
P2000（StatTrak™） | 手炮 (破损不堪),P2000（StatTrak™） | 手炮,受限,破损不堪,10.06
P2000（StatTrak™） | 手炮 (战痕累累),P2000（StatTrak™） | 手炮,受限,战痕累累,13.85
P2000（StatTrak™） | 手炮 (略有磨损),P2000（StatTrak™） | 手炮,受限,略有磨损,18.89
穿肠刀（★） | 北方森林 (崭新出厂),穿肠刀（★） | 北方森林,隐秘,崭新出厂,
穿肠刀（★） | 北方森林 (久经沙场),穿肠刀（★） | 北方森林,隐秘,久经沙场,746.50
穿肠刀（★） | 北方森林 (破损不堪),穿肠刀（★） | 北方森林,隐秘,破损不堪,
穿肠刀（★） | 北方森林 (战痕累累),穿肠刀（★） | 北方森林,隐秘,战痕累累,
穿肠刀（★） | 北方森林 (略有磨损),穿肠刀（★） | 北方森林,隐秘,略有磨损,830.00
AWP（StatTrak™） | 金粉肆蛇 (崭新出厂),AWP（StatTrak™） | 金粉肆蛇,保密,崭新出厂,716.12
AWP（StatTrak™） | 金粉肆蛇 (久经沙场),AWP（StatTrak™） | 金粉肆蛇,保密,久经沙场,159.00
AWP（StatTrak™） | 金粉肆蛇 (破损不堪),AWP（StatTrak™） | 金粉肆蛇,保密,破损不堪,320.00
AWP（StatTrak™） | 金粉肆蛇 (战痕累累),AWP（StatTrak™） | 金粉肆蛇,保密,战痕累累,169.16
AWP（StatTrak™） | 金粉肆蛇 (略有磨损),AWP（StatTrak™） | 金粉肆蛇,保密,略有磨损,335.57
P90（纪念品） | 设施系列·底片图 (崭新出厂),P90（纪念品） | 设施系列·底片图,军规级,崭新出厂,18.42
P90（纪念品） | 设施系列·底片图 (久经沙场),P90（纪念品） | 设施系列·底片图,军规级,久经沙场,5.10
P90（纪念品） | 设施系列·底片图 (破损不堪),P90（纪念品） | 设施系列·底片图,军规级,破损不堪,19.99
P90（纪念品） | 设施系列·底片图 (战痕累累),P90（纪念品） | 设施系列·底片图,军规级,战痕累累,50.00
P90（纪念品） | 设施系列·底片图 (略有磨损),P90（纪念品） | 设施系列·底片图,军规级,略有磨损,14.99
SG 553 | 军队之辉 (崭新出厂),SG 553 | 军队之辉,消费级,崭新出厂,0.47
SG 553 | 军队之辉 (久经沙场),SG 553 | 军队之辉,消费级,久经沙场,0.20
SG 553 | 军队之辉 (略有磨损),SG 553 | 军队之辉,消费级,略有磨损,0.21
P2000 | 豹纹迷彩 (崭新出厂),P2000 | 豹纹迷彩,工业级,崭新出厂,19.99
P2000 | 豹纹迷彩 (久经沙场),P2000 | 豹纹迷彩,工业级,久经沙场,16.73
P2000 | 豹纹迷彩 (破损不堪),P2000 | 豹纹迷彩,工业级,破损不堪,
P2000 | 豹纹迷彩 (战痕累累),P2000 | 豹纹迷彩,工业级,战痕累累,63.01
P2000 | 豹纹迷彩 (略有磨损),P2000 | 豹纹迷彩,工业级,略有磨损,18.71
PP-野牛 | 黄铜 (崭新出厂),PP-野牛 | 黄铜,军规级,崭新出厂,24.90
PP-野牛 | 黄铜 (久经沙场),PP-野牛 | 黄铜,军规级,久经沙场,8.00
PP-野牛 | 黄铜 (破损不堪),PP-野牛 | 黄铜,军规级,破损不堪,6.95
PP-野牛 | 黄铜 (战痕累累),PP-野牛 | 黄铜,军规级,战痕累累,6.99
PP-野牛 | 黄铜 (略有磨损),PP-野牛 | 黄铜,军规级,略有磨损,13.39
G3SG1 | 丛林虚线 (崭新出厂),G3SG1 | 丛林虚线,消费级,崭新出厂,1.72
G3SG1 | 丛林虚线 (久经沙场),G3SG1 | 丛林虚线,消费级,久经沙场,0.14
G3SG1 | 丛林虚线 (破损不堪),G3SG1 | 丛林虚线,消费级,破损不堪,0.11
G3SG1 | 丛林虚线 (战痕累累),G3SG1 | 丛林虚线,消费级,战痕累累,0.12
G3SG1 | 丛林虚线 (略有磨损),G3SG1 | 丛林虚线,消费级,略有磨损,0.16
求生匕首（★） | 狩猎网格 (崭新出厂),求生匕首（★） | 狩猎网格,隐秘,崭新出厂,
求生匕首（★） | 狩猎网格 (久经沙场),求生匕首（★） | 狩猎网格,隐秘,久经沙场,769.50
求生匕首（★） | 狩猎网格 (破损不堪),求生匕首（★） | 狩猎网格,隐秘,破损不堪,800.00
求生匕首（★） | 狩猎网格 (战痕累累),求生匕首（★） | 狩猎网格,隐秘,战痕累累,818.99
求生匕首（★） | 狩猎网格 (略有磨损),求生匕首（★） | 狩猎网格,隐秘,略有磨损,820.00
加利尔 AR（StatTrak™） | 经济 (久经沙场),加利尔 AR（StatTrak™） | 经济,保密,久经沙场,52.08
加利尔 AR（StatTrak™） | 经济 (破损不堪),加利尔 AR（StatTrak™） | 经济,保密,破损不堪,40.00
加利尔 AR（StatTrak™） | 经济 (战痕累累),加利尔 AR（StatTrak™） | 经济,保密,战痕累累,42.90
加利尔 AR（StatTrak™） | 经济 (略有磨损),加利尔 AR（StatTrak™） | 经济,保密,略有磨损,389.50
MAC-10 | 孔雀石 (崭新出厂),MAC-10 | 孔雀石,受限,崭新出厂,37.98
MAC-10 | 孔雀石 (久经沙场),MAC-10 | 孔雀石,受限,久经沙场,8.00
MAC-10 | 孔雀石 (破损不堪),MAC-10 | 孔雀石,受限,破损不堪,12.00
MAC-10 | 孔雀石 (战痕累累),MAC-10 | 孔雀石,受限,战痕累累,12.00
MAC-10 | 孔雀石 (略有磨损),MAC-10 | 孔雀石,受限,略有磨损,12.90
FN57 | 雇佣兵 (崭新出厂),FN57 | 雇佣兵,消费级,崭新出厂,
FN57 | 雇佣兵 (久经沙场),FN57 | 雇佣兵,消费级,久经沙场,15.00
FN57 | 雇佣兵 (破损不堪),FN57 | 雇佣兵,消费级,破损不堪,
FN57 | 雇佣兵 (战痕累累),FN57 | 雇佣兵,消费级,战痕累累,9.00
FN57 | 雇佣兵 (略有磨损),FN57 | 雇佣兵,消费级,略有磨损,19.40
G3SG1 | 沙漠风暴 (崭新出厂),G3SG1 | 沙漠风暴,消费级,崭新出厂,2.17
G3SG1 | 沙漠风暴 (久经沙场),G3SG1 | 沙漠风暴,消费级,久经沙场,0.18
G3SG1 | 沙漠风暴 (破损不堪),G3SG1 | 沙漠风暴,消费级,破损不堪,0.12
G3SG1 | 沙漠风暴 (战痕累累),G3SG1 | 沙漠风暴,消费级,战痕累累,0.12
G3SG1 | 沙漠风暴 (略有磨损),G3SG1 | 沙漠风暴,消费级,略有磨损,0.29
CZ75（StatTrak™） | 猛虎 (崭新出厂),CZ75（StatTrak™） | 猛虎,受限,崭新出厂,44.45
CZ75（StatTrak™） | 猛虎 (久经沙场),CZ75（StatTrak™） | 猛虎,受限,久经沙场,12.30
CZ75（StatTrak™） | 猛虎 (破损不堪),CZ75（StatTrak™） | 猛虎,受限,破损不堪,18.53
CZ75（StatTrak™） | 猛虎 (战痕累累),CZ75（StatTrak™） | 猛虎,受限,战痕累累,8.95
CZ75（StatTrak™） | 猛虎 (略有磨损),CZ75（StatTrak™） | 猛虎,受限,略有磨损,22.80
穿肠刀（★） | 森林 DDPAT (崭新出厂),穿肠刀（★） | 森林 DDPAT,隐秘,崭新出厂,
穿肠刀（★） | 森林 DDPAT (久经沙场),穿肠刀（★） | 森林 DDPAT,隐秘,久经沙场,777.77
穿肠刀（★） | 森林 DDPAT (破损不堪),穿肠刀（★） | 森林 DDPAT,隐秘,破损不堪,
穿肠刀（★） | 森林 DDPAT (战痕累累),穿肠刀（★） | 森林 DDPAT,隐秘,战痕累累,667.00
穿肠刀（★） | 森林 DDPAT (略有磨损),穿肠刀（★） | 森林 DDPAT,隐秘,略有磨损,788.00
SSG 08 | 蓝色云杉 (崭新出厂),SSG 08 | 蓝色云杉,消费级,崭新出厂,1.96
SSG 08 | 蓝色云杉 (久经沙场),SSG 08 | 蓝色云杉,消费级,久经沙场,0.16
SSG 08 | 蓝色云杉 (破损不堪),SSG 08 | 蓝色云杉,消费级,破损不堪,0.11
SSG 08 | 蓝色云杉 (战痕累累),SSG 08 | 蓝色云杉,消费级,战痕累累,0.11
SSG 08 | 蓝色云杉 (略有磨损),SSG 08 | 蓝色云杉,消费级,略有磨损,0.15
P90（StatTrak™） | 深蓝组件 (崭新出厂),P90（StatTrak™） | 深蓝组件,军规级,崭新出厂,21.55
P90（StatTrak™） | 深蓝组件 (久经沙场),P90（StatTrak™） | 深蓝组件,军规级,久经沙场,16.73
P90（StatTrak™） | 深蓝组件 (略有磨损),P90（StatTrak™） | 深蓝组件,军规级,略有磨损,14.70
AWP（StatTrak™） | 迷人眼 (崭新出厂),AWP（StatTrak™） | 迷人眼,隐秘,崭新出厂,699.99
AWP（StatTrak™） | 迷人眼 (久经沙场),AWP（StatTrak™） | 迷人眼,隐秘,久经沙场,184.84
AWP（StatTrak™） | 迷人眼 (破损不堪),AWP（StatTrak™） | 迷人眼,隐秘,破损不堪,
AWP（StatTrak™） | 迷人眼 (战痕累累),AWP（StatTrak™） | 迷人眼,隐秘,战痕累累,160.77
AWP（StatTrak™） | 迷人眼 (略有磨损),AWP（StatTrak™） | 迷人眼,隐秘,略有磨损,398.70
系绳匕首（★） | 狩猎网格 (崭新出厂),系绳匕首（★） | 狩猎网格,隐秘,崭新出厂,1500.00
系绳匕首（★） | 狩猎网格 (久经沙场),系绳匕首（★） | 狩猎网格,隐秘,久经沙场,765.85
系绳匕首（★） | 狩猎网格 (破损不堪),系绳匕首（★） | 狩猎网格,隐秘,破损不堪,
系绳匕首（★） | 狩猎网格 (战痕累累),系绳匕首（★） | 狩猎网格,隐秘,战痕累累,800.00
系绳匕首（★） | 狩猎网格 (略有磨损),系绳匕首（★） | 狩猎网格,隐秘,略有磨损,888.88
AWP | 暴怒野兽 (崭新出厂),AWP | 暴怒野兽,隐秘,崭新出厂,727.79
AWP | 暴怒野兽 (久经沙场),AWP | 暴怒野兽,隐秘,久经沙场,223.58
AWP | 暴怒野兽 (破损不堪),AWP | 暴怒野兽,隐秘,破损不堪,167.87
AWP | 暴怒野兽 (战痕累累),AWP | 暴怒野兽,隐秘,战痕累累,153.00
AWP | 暴怒野兽 (略有磨损),AWP | 暴怒野兽,隐秘,略有磨损,388.34
法玛斯 | 殖民侵略者 (崭新出厂),法玛斯 | 殖民侵略者,消费级,崭新出厂,1.65
法玛斯 | 殖民侵略者 (久经沙场),法玛斯 | 殖民侵略者,消费级,久经沙场,0.14
法玛斯 | 殖民侵略者 (破损不堪),法玛斯 | 殖民侵略者,消费级,破损不堪,0.11
法玛斯 | 殖民侵略者 (战痕累累),法玛斯 | 殖民侵略者,消费级,战痕累累,0.15
法玛斯 | 殖民侵略者 (略有磨损),法玛斯 | 殖民侵略者,消费级,略有磨损,0.20
MP5-SD | 茂竹之园 (崭新出厂),MP5-SD | 茂竹之园,消费级,崭新出厂,13.29
MP5-SD | 茂竹之园 (久经沙场),MP5-SD | 茂竹之园,消费级,久经沙场,13.03
MP5-SD | 茂竹之园 (破损不堪),MP5-SD | 茂竹之园,消费级,破损不堪,14.75
MP5-SD | 茂竹之园 (战痕累累),MP5-SD | 茂竹之园,消费级,战痕累累,59.30
MP5-SD | 茂竹之园 (略有磨损),MP5-SD | 茂竹之园,消费级,略有磨损,13.27
AK-47 | 深海复仇 (崭新出厂),AK-47 | 深海复仇,隐秘,崭新出厂,702.80
AK-47 | 深海复仇 (久经沙场),AK-47 | 深海复仇,隐秘,久经沙场,202.37
AK-47 | 深海复仇 (破损不堪),AK-47 | 深海复仇,隐秘,破损不堪,146.00
AK-47 | 深海复仇 (战痕累累),AK-47 | 深海复仇,隐秘,战痕累累,138.59
AK-47 | 深海复仇 (略有磨损),AK-47 | 深海复仇,隐秘,略有磨损,378.77
暗影双匕（★） | 蓝钢 (崭新出厂),暗影双匕（★） | 蓝钢,隐秘,崭新出厂,1777.00
暗影双匕（★） | 蓝钢 (久经沙场),暗影双匕（★） | 蓝钢,隐秘,久经沙场,777.00
暗影双匕（★） | 蓝钢 (破损不堪),暗影双匕（★） | 蓝钢,隐秘,破损不堪,750.00
暗影双匕（★） | 蓝钢 (战痕累累),暗影双匕（★） | 蓝钢,隐秘,战痕累累,717.00
暗影双匕（★） | 蓝钢 (略有磨损),暗影双匕（★） | 蓝钢,隐秘,略有磨损,818.86
CZ75 | 银质 (崭新出厂),CZ75 | 银质,工业级,崭新出厂,14.75
CZ75 | 银质 (略有磨损),CZ75 | 银质,工业级,略有磨损,20.00
PP-野牛 | 海鸟 (崭新出厂),PP-野牛 | 海鸟,消费级,崭新出厂,14.47
PP-野牛 | 海鸟 (久经沙场),PP-野牛 | 海鸟,消费级,久经沙场,13.26
PP-野牛 | 海鸟 (破损不堪),PP-野牛 | 海鸟,消费级,破损不堪,
PP-野牛 | 海鸟 (战痕累累),PP-野牛 | 海鸟,消费级,战痕累累,16.00
PP-野牛 | 海鸟 (略有磨损),PP-野牛 | 海鸟,消费级,略有磨损,13.41
SG 553（纪念品） | 白骨 (崭新出厂),SG 553（纪念品） | 白骨,消费级,崭新出厂,0.47
SG 553（纪念品） | 白骨 (久经沙场),SG 553（纪念品） | 白骨,消费级,久经沙场,0.15
SG 553（纪念品） | 白骨 (破损不堪),SG 553（纪念品） | 白骨,消费级,破损不堪,0.21
SG 553（纪念品） | 白骨 (战痕累累),SG 553（纪念品） | 白骨,消费级,战痕累累,0.17
SG 553（纪念品） | 白骨 (略有磨损),SG 553（纪念品） | 白骨,消费级,略有磨损,0.18
AK-47（StatTrak™） | 前线迷雾 (崭新出厂),AK-47（StatTrak™） | 前线迷雾,保密,崭新出厂,
AK-47（StatTrak™） | 前线迷雾 (久经沙场),AK-47（StatTrak™） | 前线迷雾,保密,久经沙场,229.99
AK-47（StatTrak™） | 前线迷雾 (破损不堪),AK-47（StatTrak™） | 前线迷雾,保密,破损不堪,348.80
AK-47（StatTrak™） | 前线迷雾 (战痕累累),AK-47（StatTrak™） | 前线迷雾,保密,战痕累累,278.94
AK-47（StatTrak™） | 前线迷雾 (略有磨损),AK-47（StatTrak™） | 前线迷雾,保密,略有磨损,413.67
穿肠刀（★） | 都市伪装 (崭新出厂),穿肠刀（★） | 都市伪装,隐秘,崭新出厂,
穿肠刀（★） | 都市伪装 (久经沙场),穿肠刀（★） | 都市伪装,隐秘,久经沙场,738.02
穿肠刀（★） | 都市伪装 (破损不堪),穿肠刀（★） | 都市伪装,隐秘,破损不堪,
穿肠刀（★） | 都市伪装 (战痕累累),穿肠刀（★） | 都市伪装,隐秘,战痕累累,
穿肠刀（★） | 都市伪装 (略有磨损),穿肠刀（★） | 都市伪装,隐秘,略有磨损,820.00
Tec-9 | 腐朽木乃伊 (崭新出厂),Tec-9 | 腐朽木乃伊,军规级,崭新出厂,29.00
Tec-9 | 腐朽木乃伊 (久经沙场),Tec-9 | 腐朽木乃伊,军规级,久经沙场,15.00
Tec-9 | 腐朽木乃伊 (破损不堪),Tec-9 | 腐朽木乃伊,军规级,破损不堪,12.44
Tec-9 | 腐朽木乃伊 (战痕累累),Tec-9 | 腐朽木乃伊,军规级,战痕累累,10.05
Tec-9 | 腐朽木乃伊 (略有磨损),Tec-9 | 腐朽木乃伊,军规级,略有磨损,20.10
MAC-10 | 冲浪木 (崭新出厂),MAC-10 | 冲浪木,消费级,崭新出厂,13.18
MAC-10 | 冲浪木 (久经沙场),MAC-10 | 冲浪木,消费级,久经沙场,13.51
MAC-10 | 冲浪木 (破损不堪),MAC-10 | 冲浪木,消费级,破损不堪,14.02
MAC-10 | 冲浪木 (战痕累累),MAC-10 | 冲浪木,消费级,战痕累累,12.00
MAC-10 | 冲浪木 (略有磨损),MAC-10 | 冲浪木,消费级,略有磨损,13.06
AUG | 扫频仪 (崭新出厂),AUG | 扫频仪,消费级,崭新出厂,0.49
AUG | 扫频仪 (久经沙场),AUG | 扫频仪,消费级,久经沙场,0.24
AUG | 扫频仪 (破损不堪),AUG | 扫频仪,消费级,破损不堪,0.19
AUG | 扫频仪 (战痕累累),AUG | 扫频仪,消费级,战痕累累,0.45
AUG | 扫频仪 (略有磨损),AUG | 扫频仪,消费级,略有磨损,0.25
SSG 08 | 沙丘之黄 (崭新出厂),SSG 08 | 沙丘之黄,消费级,崭新出厂,
SSG 08 | 沙丘之黄 (久经沙场),SSG 08 | 沙丘之黄,消费级,久经沙场,37.57
SSG 08 | 沙丘之黄 (破损不堪),SSG 08 | 沙丘之黄,消费级,破损不堪,
SSG 08 | 沙丘之黄 (战痕累累),SSG 08 | 沙丘之黄,消费级,战痕累累,
SSG 08 | 沙丘之黄 (略有磨损),SSG 08 | 沙丘之黄,消费级,略有磨损,400.00
Tec-9（StatTrak™） | 沙尘暴 (久经沙场),Tec-9（StatTrak™） | 沙尘暴,军规级,久经沙场,3.60
Tec-9（StatTrak™） | 沙尘暴 (破损不堪),Tec-9（StatTrak™） | 沙尘暴,军规级,破损不堪,5.75
Tec-9（StatTrak™） | 沙尘暴 (战痕累累),Tec-9（StatTrak™） | 沙尘暴,军规级,战痕累累,2.90
Tec-9（StatTrak™） | 沙尘暴 (略有磨损),Tec-9（StatTrak™） | 沙尘暴,军规级,略有磨损,19.11
弯刀（★） | 枯焦之色 (崭新出厂),弯刀（★） | 枯焦之色,隐秘,崭新出厂,2505.00
弯刀（★） | 枯焦之色 (久经沙场),弯刀（★） | 枯焦之色,隐秘,久经沙场,750.00
弯刀（★） | 枯焦之色 (破损不堪),弯刀（★） | 枯焦之色,隐秘,破损不堪,777.00
弯刀（★） | 枯焦之色 (战痕累累),弯刀（★） | 枯焦之色,隐秘,战痕累累,765.00
弯刀（★） | 枯焦之色 (略有磨损),弯刀（★） | 枯焦之色,隐秘,略有磨损,848.50
加利尔 AR（纪念品） | 贤者涂装 (崭新出厂),加利尔 AR（纪念品） | 贤者涂装,消费级,崭新出厂,
加利尔 AR（纪念品） | 贤者涂装 (久经沙场),加利尔 AR（纪念品） | 贤者涂装,消费级,久经沙场,200.00
加利尔 AR（纪念品） | 贤者涂装 (破损不堪),加利尔 AR（纪念品） | 贤者涂装,消费级,破损不堪,200.00
加利尔 AR（纪念品） | 贤者涂装 (战痕累累),加利尔 AR（纪念品） | 贤者涂装,消费级,战痕累累,
加利尔 AR（纪念品） | 贤者涂装 (略有磨损),加利尔 AR（纪念品） | 贤者涂装,消费级,略有磨损,400.00
MP7 | 速递 (崭新出厂),MP7 | 速递,受限,崭新出厂,33.00
MP7 | 速递 (久经沙场),MP7 | 速递,受限,久经沙场,7.50
MP7 | 速递 (破损不堪),MP7 | 速递,受限,破损不堪,96.92
MP7 | 速递 (战痕累累),MP7 | 速递,受限,战痕累累,9.89
MP7 | 速递 (略有磨损),MP7 | 速递,受限,略有磨损,14.30
SCAR-20 | 雇佣兵 (崭新出厂),SCAR-20 | 雇佣兵,消费级,崭新出厂,1.95
SCAR-20 | 雇佣兵 (久经沙场),SCAR-20 | 雇佣兵,消费级,久经沙场,0.09
SCAR-20 | 雇佣兵 (破损不堪),SCAR-20 | 雇佣兵,消费级,破损不堪,0.12
SCAR-20 | 雇佣兵 (战痕累累),SCAR-20 | 雇佣兵,消费级,战痕累累,0.13
SCAR-20 | 雇佣兵 (略有磨损),SCAR-20 | 雇佣兵,消费级,略有磨损,0.21
双持贝瑞塔 | 灾难 (崭新出厂),双持贝瑞塔 | 灾难,受限,崭新出厂,31.45
双持贝瑞塔 | 灾难 (久经沙场),双持贝瑞塔 | 灾难,受限,久经沙场,14.01
双持贝瑞塔 | 灾难 (破损不堪),双持贝瑞塔 | 灾难,受限,破损不堪,12.80
双持贝瑞塔 | 灾难 (战痕累累),双持贝瑞塔 | 灾难,受限,战痕累累,11.78
双持贝瑞塔 | 灾难 (略有磨损),双持贝瑞塔 | 灾难,受限,略有磨损,21.23
SCAR-20 | 沙漠网格 (崭新出厂),SCAR-20 | 沙漠网格,消费级,崭新出厂,1.24
SCAR-20 | 沙漠网格 (久经沙场),SCAR-20 | 沙漠网格,消费级,久经沙场,0.25
SCAR-20 | 沙漠网格 (破损不堪),SCAR-20 | 沙漠网格,消费级,破损不堪,0.14
SCAR-20 | 沙漠网格 (战痕累累),SCAR-20 | 沙漠网格,消费级,战痕累累,0.16
SCAR-20 | 沙漠网格 (略有磨损),SCAR-20 | 沙漠网格,消费级,略有磨损,0.28
CZ75 | 辛迪加 (崭新出厂),CZ75 | 辛迪加,受限,崭新出厂,43.46
CZ75 | 辛迪加 (久经沙场),CZ75 | 辛迪加,受限,久经沙场,16.32
CZ75 | 辛迪加 (破损不堪),CZ75 | 辛迪加,受限,破损不堪,34.54
CZ75 | 辛迪加 (战痕累累),CZ75 | 辛迪加,受限,战痕累累,15.00
CZ75 | 辛迪加 (略有磨损),CZ75 | 辛迪加,受限,略有磨损,21.75
暗影双匕（★） | 大马士革钢 (崭新出厂),暗影双匕（★） | 大马士革钢,隐秘,崭新出厂,1036.00
暗影双匕（★） | 大马士革钢 (久经沙场),暗影双匕（★） | 大马士革钢,隐秘,久经沙场,755.00
暗影双匕（★） | 大马士革钢 (破损不堪),暗影双匕（★） | 大马士革钢,隐秘,破损不堪,1000.00
暗影双匕（★） | 大马士革钢 (战痕累累),暗影双匕（★） | 大马士革钢,隐秘,战痕累累,800.00
暗影双匕（★） | 大马士革钢 (略有磨损),暗影双匕（★） | 大马士革钢,隐秘,略有磨损,850.00
SG 553（纪念品） | 浪花穿孔 (久经沙场),SG 553（纪念品） | 浪花穿孔,消费级,久经沙场,199.00
SG 553（纪念品） | 浪花穿孔 (破损不堪),SG 553（纪念品） | 浪花穿孔,消费级,破损不堪,
SG 553（纪念品） | 浪花穿孔 (战痕累累),SG 553（纪念品） | 浪花穿孔,消费级,战痕累累,
SG 553（纪念品） | 浪花穿孔 (略有磨损),SG 553（纪念品） | 浪花穿孔,消费级,略有磨损,400.00
MP7（StatTrak™） | 游击队 (崭新出厂),MP7（StatTrak™） | 游击队,军规级,崭新出厂,35.08
MP7（StatTrak™） | 游击队 (久经沙场),MP7（StatTrak™） | 游击队,军规级,久经沙场,4.65
MP7（StatTrak™） | 游击队 (破损不堪),MP7（StatTrak™） | 游击队,军规级,破损不堪,2.92
MP7（StatTrak™） | 游击队 (战痕累累),MP7（StatTrak™） | 游击队,军规级,战痕累累,8.60
MP7（StatTrak™） | 游击队 (略有磨损),MP7（StatTrak™） | 游击队,军规级,略有磨损,13.68
AUG | 暴风呼啸 (崭新出厂),AUG | 暴风呼啸,消费级,崭新出厂,1.74
AUG | 暴风呼啸 (久经沙场),AUG | 暴风呼啸,消费级,久经沙场,0.15
AUG | 暴风呼啸 (破损不堪),AUG | 暴风呼啸,消费级,破损不堪,0.15
AUG | 暴风呼啸 (战痕累累),AUG | 暴风呼啸,消费级,战痕累累,0.13
AUG | 暴风呼啸 (略有磨损),AUG | 暴风呼啸,消费级,略有磨损,0.22
格洛克 18 型（StatTrak™） | 鼬鼠 (崭新出厂),格洛克 18 型（StatTrak™） | 鼬鼠,受限,崭新出厂,84.05
格洛克 18 型（StatTrak™） | 鼬鼠 (久经沙场),格洛克 18 型（StatTrak™） | 鼬鼠,受限,久经沙场,10.10
格洛克 18 型（StatTrak™） | 鼬鼠 (破损不堪),格洛克 18 型（StatTrak™） | 鼬鼠,受限,破损不堪,13.80
格洛克 18 型（StatTrak™） | 鼬鼠 (战痕累累),格洛克 18 型（StatTrak™） | 鼬鼠,受限,战痕累累,11.60
格洛克 18 型（StatTrak™） | 鼬鼠 (略有磨损),格洛克 18 型（StatTrak™） | 鼬鼠,受限,略有磨损,19.70
鲍伊猎刀（★） | 枯焦之色 (崭新出厂),鲍伊猎刀（★） | 枯焦之色,隐秘,崭新出厂,
鲍伊猎刀（★） | 枯焦之色 (久经沙场),鲍伊猎刀（★） | 枯焦之色,隐秘,久经沙场,807.00
鲍伊猎刀（★） | 枯焦之色 (破损不堪),鲍伊猎刀（★） | 枯焦之色,隐秘,破损不堪,
鲍伊猎刀（★） | 枯焦之色 (战痕累累),鲍伊猎刀（★） | 枯焦之色,隐秘,战痕累累,850.00
鲍伊猎刀（★） | 枯焦之色 (略有磨损),鲍伊猎刀（★） | 枯焦之色,隐秘,略有磨损,880.00
MP5-SD（纪念品） | 协处理器 (崭新出厂),MP5-SD（纪念品） | 协处理器,军规级,崭新出厂,24.30
MP5-SD（纪念品） | 协处理器 (久经沙场),MP5-SD（纪念品） | 协处理器,军规级,久经沙场,7.01
MP5-SD（纪念品） | 协处理器 (破损不堪),MP5-SD（纪念品） | 协处理器,军规级,破损不堪,18.00
MP5-SD（纪念品） | 协处理器 (战痕累累),MP5-SD（纪念品） | 协处理器,军规级,战痕累累,
MP5-SD（纪念品） | 协处理器 (略有磨损),MP5-SD（纪念品） | 协处理器,军规级,略有磨损,13.00
加利尔 AR | 橙黄 DDPAT (崭新出厂),加利尔 AR | 橙黄 DDPAT,受限,崭新出厂,488.00
加利尔 AR | 橙黄 DDPAT (久经沙场),加利尔 AR | 橙黄 DDPAT,受限,久经沙场,128.00
加利尔 AR | 橙黄 DDPAT (破损不堪),加利尔 AR | 橙黄 DDPAT,受限,破损不堪,188.20
加利尔 AR | 橙黄 DDPAT (战痕累累),加利尔 AR | 橙黄 DDPAT,受限,战痕累累,
加利尔 AR | 橙黄 DDPAT (略有磨损),加利尔 AR | 橙黄 DDPAT,受限,略有磨损,255.00
暗影双匕（★） | 都市伪装 (崭新出厂),暗影双匕（★） | 都市伪装,隐秘,崭新出厂,1600.00
暗影双匕（★） | 都市伪装 (久经沙场),暗影双匕（★） | 都市伪装,隐秘,久经沙场,695.00
暗影双匕（★） | 都市伪装 (破损不堪),暗影双匕（★） | 都市伪装,隐秘,破损不堪,688.00
暗影双匕（★） | 都市伪装 (战痕累累),暗影双匕（★） | 都市伪装,隐秘,战痕累累,666.00
暗影双匕（★） | 都市伪装 (略有磨损),暗影双匕（★） | 都市伪装,隐秘,略有磨损,895.50
双持贝瑞塔（StatTrak™） | 食人花 (崭新出厂),双持贝瑞塔（StatTrak™） | 食人花,受限,崭新出厂,50.20
双持贝瑞塔（StatTrak™） | 食人花 (久经沙场),双持贝瑞塔（StatTrak™） | 食人花,受限,久经沙场,9.48
双持贝瑞塔（StatTrak™） | 食人花 (破损不堪),双持贝瑞塔（StatTrak™） | 食人花,受限,破损不堪,8.46
双持贝瑞塔（StatTrak™） | 食人花 (战痕累累),双持贝瑞塔（StatTrak™） | 食人花,受限,战痕累累,6.68
双持贝瑞塔（StatTrak™） | 食人花 (略有磨损),双持贝瑞塔（StatTrak™） | 食人花,受限,略有磨损,21.99
MP7（StatTrak™） | 恶作剧 (久经沙场),MP7（StatTrak™） | 恶作剧,军规级,久经沙场,2.26
MP7（StatTrak™） | 恶作剧 (破损不堪),MP7（StatTrak™） | 恶作剧,军规级,破损不堪,2.15
MP7（StatTrak™） | 恶作剧 (战痕累累),MP7（StatTrak™） | 恶作剧,军规级,战痕累累,1.81
MP7（StatTrak™） | 恶作剧 (略有磨损),MP7（StatTrak™） | 恶作剧,军规级,略有磨损,14.72
SG 553 | 意式拉力 (崭新出厂),SG 553 | 意式拉力,保密,崭新出厂,1025.87
SG 553 | 意式拉力 (久经沙场),SG 553 | 意式拉力,保密,久经沙场,192.00
SG 553 | 意式拉力 (破损不堪),SG 553 | 意式拉力,保密,破损不堪,92.40
SG 553 | 意式拉力 (战痕累累),SG 553 | 意式拉力,保密,战痕累累,66.33
SG 553 | 意式拉力 (略有磨损),SG 553 | 意式拉力,保密,略有磨损,413.09
加利尔 AR | 贤者涂装 (崭新出厂),加利尔 AR | 贤者涂装,消费级,崭新出厂,1.94
加利尔 AR | 贤者涂装 (久经沙场),加利尔 AR | 贤者涂装,消费级,久经沙场,0.14
加利尔 AR | 贤者涂装 (破损不堪),加利尔 AR | 贤者涂装,消费级,破损不堪,0.14
加利尔 AR | 贤者涂装 (战痕累累),加利尔 AR | 贤者涂装,消费级,战痕累累,0.13
加利尔 AR | 贤者涂装 (略有磨损),加利尔 AR | 贤者涂装,消费级,略有磨损,0.21
PP-野牛（纪念品） | 辐照警报 (崭新出厂),PP-野牛（纪念品） | 辐照警报,消费级,崭新出厂,665.99
PP-野牛（纪念品） | 辐照警报 (久经沙场),PP-野牛（纪念品） | 辐照警报,消费级,久经沙场,2.39
PP-野牛（纪念品） | 辐照警报 (破损不堪),PP-野牛（纪念品） | 辐照警报,消费级,破损不堪,3.91
PP-野牛（纪念品） | 辐照警报 (战痕累累),PP-野牛（纪念品） | 辐照警报,消费级,战痕累累,19.00
PP-野牛（纪念品） | 辐照警报 (略有磨损),PP-野牛（纪念品） | 辐照警报,消费级,略有磨损,9.00
P250 | 日式薄荷涂装 (崭新出厂),P250 | 日式薄荷涂装,消费级,崭新出厂,26.70
P250 | 日式薄荷涂装 (久经沙场),P250 | 日式薄荷涂装,消费级,久经沙场,21.36
P250 | 日式薄荷涂装 (破损不堪),P250 | 日式薄荷涂装,消费级,破损不堪,17.43
P250 | 日式薄荷涂装 (战痕累累),P250 | 日式薄荷涂装,消费级,战痕累累,
P250 | 日式薄荷涂装 (略有磨损),P250 | 日式薄荷涂装,消费级,略有磨损,21.48
AUG（纪念品） | 蛇窟 (崭新出厂),AUG（纪念品） | 蛇窟,消费级,崭新出厂,1.65
AUG（纪念品） | 蛇窟 (久经沙场),AUG（纪念品） | 蛇窟,消费级,久经沙场,0.15
AUG（纪念品） | 蛇窟 (破损不堪),AUG（纪念品） | 蛇窟,消费级,破损不堪,2.40
AUG（纪念品） | 蛇窟 (战痕累累),AUG（纪念品） | 蛇窟,消费级,战痕累累,0.43
AUG（纪念品） | 蛇窟 (略有磨损),AUG（纪念品） | 蛇窟,消费级,略有磨损,0.36
AUG | 夜空沙暴 (崭新出厂),AUG | 夜空沙暴,受限,崭新出厂,400.00
AUG | 夜空沙暴 (久经沙场),AUG | 夜空沙暴,受限,久经沙场,350.00
AUG | 夜空沙暴 (破损不堪),AUG | 夜空沙暴,受限,破损不堪,500.00
AUG | 夜空沙暴 (战痕累累),AUG | 夜空沙暴,受限,战痕累累,500.00
AUG | 夜空沙暴 (略有磨损),AUG | 夜空沙暴,受限,略有磨损,388.72
鲍伊猎刀（★） | 狩猎网格 (崭新出厂),鲍伊猎刀（★） | 狩猎网格,隐秘,崭新出厂,
鲍伊猎刀（★） | 狩猎网格 (久经沙场),鲍伊猎刀（★） | 狩猎网格,隐秘,久经沙场,795.00
鲍伊猎刀（★） | 狩猎网格 (破损不堪),鲍伊猎刀（★） | 狩猎网格,隐秘,破损不堪,1000.00
鲍伊猎刀（★） | 狩猎网格 (战痕累累),鲍伊猎刀（★） | 狩猎网格,隐秘,战痕累累,
鲍伊猎刀（★） | 狩猎网格 (略有磨损),鲍伊猎刀（★） | 狩猎网格,隐秘,略有磨损,900.00
MP7 | 绿野迷踪 (崭新出厂),MP7 | 绿野迷踪,工业级,崭新出厂,14.99
MP7 | 绿野迷踪 (久经沙场),MP7 | 绿野迷踪,工业级,久经沙场,15.74
MP7 | 绿野迷踪 (破损不堪),MP7 | 绿野迷踪,工业级,破损不堪,20.00
MP7 | 绿野迷踪 (战痕累累),MP7 | 绿野迷踪,工业级,战痕累累,24.39
MP7 | 绿野迷踪 (略有磨损),MP7 | 绿野迷踪,工业级,略有磨损,14.55
USP 消音版（StatTrak™） | 力矩 (崭新出厂),USP 消音版（StatTrak™） | 力矩,军规级,崭新出厂,28.61
USP 消音版（StatTrak™） | 力矩 (久经沙场),USP 消音版（StatTrak™） | 力矩,军规级,久经沙场,14.68
USP 消音版（StatTrak™） | 力矩 (破损不堪),USP 消音版（StatTrak™） | 力矩,军规级,破损不堪,21.00
USP 消音版（StatTrak™） | 力矩 (战痕累累),USP 消音版（StatTrak™） | 力矩,军规级,战痕累累,50.00
USP 消音版（StatTrak™） | 力矩 (略有磨损),USP 消音版（StatTrak™） | 力矩,军规级,略有磨损,20.57
AUG | 蛇窟 (崭新出厂),AUG | 蛇窟,消费级,崭新出厂,0.91
AUG | 蛇窟 (久经沙场),AUG | 蛇窟,消费级,久经沙场,0.22
AUG | 蛇窟 (破损不堪),AUG | 蛇窟,消费级,破损不堪,0.17
AUG | 蛇窟 (战痕累累),AUG | 蛇窟,消费级,战痕累累,0.28
AUG | 蛇窟 (略有磨损),AUG | 蛇窟,消费级,略有磨损,0.35
弯刀（★） | 都市伪装 (崭新出厂),弯刀（★） | 都市伪装,隐秘,崭新出厂,
弯刀（★） | 都市伪装 (久经沙场),弯刀（★） | 都市伪装,隐秘,久经沙场,760.44
弯刀（★） | 都市伪装 (破损不堪),弯刀（★） | 都市伪装,隐秘,破损不堪,775.00
弯刀（★） | 都市伪装 (战痕累累),弯刀（★） | 都市伪装,隐秘,战痕累累,900.00
弯刀（★） | 都市伪装 (略有磨损),弯刀（★） | 都市伪装,隐秘,略有磨损,905.20
法玛斯（StatTrak™） | 蓝巢 (崭新出厂),法玛斯（StatTrak™） | 蓝巢,军规级,崭新出厂,98.00
法玛斯（StatTrak™） | 蓝巢 (久经沙场),法玛斯（StatTrak™） | 蓝巢,军规级,久经沙场,37.52
法玛斯（StatTrak™） | 蓝巢 (破损不堪),法玛斯（StatTrak™） | 蓝巢,军规级,破损不堪,80.00
法玛斯（StatTrak™） | 蓝巢 (略有磨损),法玛斯（StatTrak™） | 蓝巢,军规级,略有磨损,422.00
MP7 | 血腥运动 (崭新出厂),MP7 | 血腥运动,隐秘,崭新出厂,26.67
MP7 | 血腥运动 (久经沙场),MP7 | 血腥运动,隐秘,久经沙场,10.62
MP7 | 血腥运动 (破损不堪),MP7 | 血腥运动,隐秘,破损不堪,17.11
MP7 | 血腥运动 (战痕累累),MP7 | 血腥运动,隐秘,战痕累累,14.99
MP7 | 血腥运动 (略有磨损),MP7 | 血腥运动,隐秘,略有磨损,14.06
SG 553 | 浪花穿孔 (崭新出厂),SG 553 | 浪花穿孔,消费级,崭新出厂,1.79
SG 553 | 浪花穿孔 (久经沙场),SG 553 | 浪花穿孔,消费级,久经沙场,0.17
SG 553 | 浪花穿孔 (破损不堪),SG 553 | 浪花穿孔,消费级,破损不堪,0.19
SG 553 | 浪花穿孔 (战痕累累),SG 553 | 浪花穿孔,消费级,战痕累累,0.13
SG 553 | 浪花穿孔 (略有磨损),SG 553 | 浪花穿孔,消费级,略有磨损,0.23
Tec-9（StatTrak™） | 破铜烂铁 (久经沙场),Tec-9（StatTrak™） | 破铜烂铁,军规级,久经沙场,1.73
Tec-9（StatTrak™） | 破铜烂铁 (破损不堪),Tec-9（StatTrak™） | 破铜烂铁,军规级,破损不堪,1.18
Tec-9（StatTrak™） | 破铜烂铁 (战痕累累),Tec-9（StatTrak™） | 破铜烂铁,军规级,战痕累累,0.95
Tec-9（StatTrak™） | 破铜烂铁 (略有磨损),Tec-9（StatTrak™） | 破铜烂铁,军规级,略有磨损,22.00
M4A4（StatTrak™） | 弹雨 (崭新出厂),M4A4（StatTrak™） | 弹雨,隐秘,崭新出厂,962.63
M4A4（StatTrak™） | 弹雨 (久经沙场),M4A4（StatTrak™） | 弹雨,隐秘,久经沙场,290.00
M4A4（StatTrak™） | 弹雨 (破损不堪),M4A4（StatTrak™） | 弹雨,隐秘,破损不堪,
M4A4（StatTrak™） | 弹雨 (战痕累累),M4A4（StatTrak™） | 弹雨,隐秘,战痕累累,
M4A4（StatTrak™） | 弹雨 (略有磨损),M4A4（StatTrak™） | 弹雨,隐秘,略有磨损,394.99
求生匕首（★） | 北方森林 (崭新出厂),求生匕首（★） | 北方森林,隐秘,崭新出厂,2277.00
求生匕首（★） | 北方森林 (久经沙场),求生匕首（★） | 北方森林,隐秘,久经沙场,816.80
求生匕首（★） | 北方森林 (破损不堪),求生匕首（★） | 北方森林,隐秘,破损不堪,815.00
求生匕首（★） | 北方森林 (战痕累累),求生匕首（★） | 北方森林,隐秘,战痕累累,1187.81
求生匕首（★） | 北方森林 (略有磨损),求生匕首（★） | 北方森林,隐秘,略有磨损,887.90
G3SG1 | 极地迷彩 (崭新出厂),G3SG1 | 极地迷彩,消费级,崭新出厂,2.80
G3SG1 | 极地迷彩 (久经沙场),G3SG1 | 极地迷彩,消费级,久经沙场,0.24
G3SG1 | 极地迷彩 (破损不堪),G3SG1 | 极地迷彩,消费级,破损不堪,0.28
G3SG1 | 极地迷彩 (战痕累累),G3SG1 | 极地迷彩,消费级,战痕累累,0.20
G3SG1 | 极地迷彩 (略有磨损),G3SG1 | 极地迷彩,消费级,略有磨损,0.25
MP9 | 绿色格纹 (崭新出厂),MP9 | 绿色格纹,消费级,崭新出厂,19.48
MP9 | 绿色格纹 (久经沙场),MP9 | 绿色格纹,消费级,久经沙场,
MP9 | 绿色格纹 (破损不堪),MP9 | 绿色格纹,消费级,破损不堪,
MP9 | 绿色格纹 (战痕累累),MP9 | 绿色格纹,消费级,战痕累累,
MP9 | 绿色格纹 (略有磨损),MP9 | 绿色格纹,消费级,略有磨损,14.99
M4A1 消音型（StatTrak™） | 澄澈之水 (久经沙场),M4A1 消音型（StatTrak™） | 澄澈之水,受限,久经沙场,340.00
M4A1 消音型（StatTrak™） | 澄澈之水 (略有磨损),M4A1 消音型（StatTrak™） | 澄澈之水,受限,略有磨损,490.00
P2000 | 太空竞赛 (崭新出厂),P2000 | 太空竞赛,受限,崭新出厂,38.50
P2000 | 太空竞赛 (久经沙场),P2000 | 太空竞赛,受限,久经沙场,16.66
P2000 | 太空竞赛 (破损不堪),P2000 | 太空竞赛,受限,破损不堪,
P2000 | 太空竞赛 (战痕累累),P2000 | 太空竞赛,受限,战痕累累,15.74
P2000 | 太空竞赛 (略有磨损),P2000 | 太空竞赛,受限,略有磨损,21.60
SG 553（纪念品） | 废墟丛生 (崭新出厂),SG 553（纪念品） | 废墟丛生,消费级,崭新出厂,1.54
SG 553（纪念品） | 废墟丛生 (久经沙场),SG 553（纪念品） | 废墟丛生,消费级,久经沙场,0.19
SG 553（纪念品） | 废墟丛生 (破损不堪),SG 553（纪念品） | 废墟丛生,消费级,破损不堪,0.88
SG 553（纪念品） | 废墟丛生 (战痕累累),SG 553（纪念品） | 废墟丛生,消费级,战痕累累,0.29
SG 553（纪念品） | 废墟丛生 (略有磨损),SG 553（纪念品） | 废墟丛生,消费级,略有磨损,0.48
AK-47（StatTrak™） | 霓虹革命 (崭新出厂),AK-47（StatTrak™） | 霓虹革命,隐秘,崭新出厂,1199.00
AK-47（StatTrak™） | 霓虹革命 (久经沙场),AK-47（StatTrak™） | 霓虹革命,隐秘,久经沙场,251.99
AK-47（StatTrak™） | 霓虹革命 (破损不堪),AK-47（StatTrak™） | 霓虹革命,隐秘,破损不堪,
AK-47（StatTrak™） | 霓虹革命 (战痕累累),AK-47（StatTrak™） | 霓虹革命,隐秘,战痕累累,297.80
AK-47（StatTrak™） | 霓虹革命 (略有磨损),AK-47（StatTrak™） | 霓虹革命,隐秘,略有磨损,449.90
穿肠刀（★） | 澄澈之水 (崭新出厂),穿肠刀（★） | 澄澈之水,隐秘,崭新出厂,1006.99
穿肠刀（★） | 澄澈之水 (久经沙场),穿肠刀（★） | 澄澈之水,隐秘,久经沙场,810.00
穿肠刀（★） | 澄澈之水 (破损不堪),穿肠刀（★） | 澄澈之水,隐秘,破损不堪,
穿肠刀（★） | 澄澈之水 (战痕累累),穿肠刀（★） | 澄澈之水,隐秘,战痕累累,800.00
穿肠刀（★） | 澄澈之水 (略有磨损),穿肠刀（★） | 澄澈之水,隐秘,略有磨损,909.00
UMP-45（纪念品） | 紫青之色 (崭新出厂),UMP-45（纪念品） | 紫青之色,消费级,崭新出厂,106.00
UMP-45（纪念品） | 紫青之色 (久经沙场),UMP-45（纪念品） | 紫青之色,消费级,久经沙场,4.15
UMP-45（纪念品） | 紫青之色 (破损不堪),UMP-45（纪念品） | 紫青之色,消费级,破损不堪,5.82
UMP-45（纪念品） | 紫青之色 (战痕累累),UMP-45（纪念品） | 紫青之色,消费级,战痕累累,2.97
UMP-45（纪念品） | 紫青之色 (略有磨损),UMP-45（纪念品） | 紫青之色,消费级,略有磨损,15.24
CZ75（StatTrak™） | 蓝巢 (崭新出厂),CZ75（StatTrak™） | 蓝巢,军规级,崭新出厂,79.09
CZ75（StatTrak™） | 蓝巢 (久经沙场),CZ75（StatTrak™） | 蓝巢,军规级,久经沙场,14.74
CZ75（StatTrak™） | 蓝巢 (破损不堪),CZ75（StatTrak™） | 蓝巢,军规级,破损不堪,
CZ75（StatTrak™） | 蓝巢 (略有磨损),CZ75（StatTrak™） | 蓝巢,军规级,略有磨损,22.14
法玛斯（纪念品） | 加州迷彩 (崭新出厂),法玛斯（纪念品） | 加州迷彩,工业级,崭新出厂,1.47
法玛斯（纪念品） | 加州迷彩 (久经沙场),法玛斯（纪念品） | 加州迷彩,工业级,久经沙场,0.21
法玛斯（纪念品） | 加州迷彩 (破损不堪),法玛斯（纪念品） | 加州迷彩,工业级,破损不堪,0.51
法玛斯（纪念品） | 加州迷彩 (战痕累累),法玛斯（纪念品） | 加州迷彩,工业级,战痕累累,0.35
法玛斯（纪念品） | 加州迷彩 (略有磨损),法玛斯（纪念品） | 加州迷彩,工业级,略有磨损,0.46
AWP（StatTrak™） | 黑色魅影 (崭新出厂),AWP（StatTrak™） | 黑色魅影,隐秘,崭新出厂,619.99
AWP（StatTrak™） | 黑色魅影 (久经沙场),AWP（StatTrak™） | 黑色魅影,隐秘,久经沙场,315.08
AWP（StatTrak™） | 黑色魅影 (破损不堪),AWP（StatTrak™） | 黑色魅影,隐秘,破损不堪,320.00
AWP（StatTrak™） | 黑色魅影 (战痕累累),AWP（StatTrak™） | 黑色魅影,隐秘,战痕累累,
AWP（StatTrak™） | 黑色魅影 (略有磨损),AWP（StatTrak™） | 黑色魅影,隐秘,略有磨损,480.50
暗影双匕（★） | 噩梦之夜 (崭新出厂),暗影双匕（★） | 噩梦之夜,隐秘,崭新出厂,
暗影双匕（★） | 噩梦之夜 (久经沙场),暗影双匕（★） | 噩梦之夜,隐秘,久经沙场,718.12
暗影双匕（★） | 噩梦之夜 (破损不堪),暗影双匕（★） | 噩梦之夜,隐秘,破损不堪,
暗影双匕（★） | 噩梦之夜 (战痕累累),暗影双匕（★） | 噩梦之夜,隐秘,战痕累累,
暗影双匕（★） | 噩梦之夜 (略有磨损),暗影双匕（★） | 噩梦之夜,隐秘,略有磨损,860.00
MAC-10 | 致命紫罗兰 (崭新出厂),MAC-10 | 致命紫罗兰,军规级,崭新出厂,185.00
MAC-10 | 致命紫罗兰 (久经沙场),MAC-10 | 致命紫罗兰,军规级,久经沙场,10.20
MAC-10 | 致命紫罗兰 (破损不堪),MAC-10 | 致命紫罗兰,军规级,破损不堪,7.20
MAC-10 | 致命紫罗兰 (战痕累累),MAC-10 | 致命紫罗兰,军规级,战痕累累,18.88
MAC-10 | 致命紫罗兰 (略有磨损),MAC-10 | 致命紫罗兰,军规级,略有磨损,15.25
MP7（纪念品） | 橘皮涂装 (崭新出厂),MP7（纪念品） | 橘皮涂装,工业级,崭新出厂,
MP7（纪念品） | 橘皮涂装 (久经沙场),MP7（纪念品） | 橘皮涂装,工业级,久经沙场,3.65
MP7（纪念品） | 橘皮涂装 (破损不堪),MP7（纪念品） | 橘皮涂装,工业级,破损不堪,8.00
MP7（纪念品） | 橘皮涂装 (战痕累累),MP7（纪念品） | 橘皮涂装,工业级,战痕累累,3.74
MP7（纪念品） | 橘皮涂装 (略有磨损),MP7（纪念品） | 橘皮涂装,工业级,略有磨损,15.30
P250 | 核子污染 (崭新出厂),P250 | 核子污染,工业级,崭新出厂,76.00
P250 | 核子污染 (久经沙场),P250 | 核子污染,工业级,久经沙场,10.00
P250 | 核子污染 (破损不堪),P250 | 核子污染,工业级,破损不堪,16.20
P250 | 核子污染 (战痕累累),P250 | 核子污染,工业级,战痕累累,
P250 | 核子污染 (略有磨损),P250 | 核子污染,工业级,略有磨损,23.00
暗影双匕（★） | 致命紫罗兰 (崭新出厂),暗影双匕（★） | 致命紫罗兰,隐秘,崭新出厂,
暗影双匕（★） | 致命紫罗兰 (久经沙场),暗影双匕（★） | 致命紫罗兰,隐秘,久经沙场,742.40
暗影双匕（★） | 致命紫罗兰 (破损不堪),暗影双匕（★） | 致命紫罗兰,隐秘,破损不堪,
暗影双匕（★） | 致命紫罗兰 (战痕累累),暗影双匕（★） | 致命紫罗兰,隐秘,战痕累累,683.88
暗影双匕（★） | 致命紫罗兰 (略有磨损),暗影双匕（★） | 致命紫罗兰,隐秘,略有磨损,930.00
SG 553 | 阿罗哈 (崭新出厂),SG 553 | 阿罗哈,军规级,崭新出厂,1.28
SG 553 | 阿罗哈 (久经沙场),SG 553 | 阿罗哈,军规级,久经沙场,0.42
SG 553 | 阿罗哈 (破损不堪),SG 553 | 阿罗哈,军规级,破损不堪,0.40
SG 553 | 阿罗哈 (战痕累累),SG 553 | 阿罗哈,军规级,战痕累累,0.35
SG 553 | 阿罗哈 (略有磨损),SG 553 | 阿罗哈,军规级,略有磨损,0.81
M4A1 消音型（StatTrak™） | 守护者 (崭新出厂),M4A1 消音型（StatTrak™） | 守护者,保密,崭新出厂,640.00
M4A1 消音型（StatTrak™） | 守护者 (久经沙场),M4A1 消音型（StatTrak™） | 守护者,保密,久经沙场,345.00
M4A1 消音型（StatTrak™） | 守护者 (破损不堪),M4A1 消音型（StatTrak™） | 守护者,保密,破损不堪,
M4A1 消音型（StatTrak™） | 守护者 (战痕累累),M4A1 消音型（StatTrak™） | 守护者,保密,战痕累累,
M4A1 消音型（StatTrak™） | 守护者 (略有磨损),M4A1 消音型（StatTrak™） | 守护者,保密,略有磨损,466.56
UMP-45 | 机械装置 (崭新出厂),UMP-45 | 机械装置,工业级,崭新出厂,26.60
UMP-45 | 机械装置 (久经沙场),UMP-45 | 机械装置,工业级,久经沙场,19.68
UMP-45 | 机械装置 (破损不堪),UMP-45 | 机械装置,工业级,破损不堪,18.59
UMP-45 | 机械装置 (战痕累累),UMP-45 | 机械装置,工业级,战痕累累,
UMP-45 | 机械装置 (略有磨损),UMP-45 | 机械装置,工业级,略有磨损,14.74
求生匕首（★） | 枯焦之色 (崭新出厂),求生匕首（★） | 枯焦之色,隐秘,崭新出厂,
求生匕首（★） | 枯焦之色 (久经沙场),求生匕首（★） | 枯焦之色,隐秘,久经沙场,799.90
求生匕首（★） | 枯焦之色 (破损不堪),求生匕首（★） | 枯焦之色,隐秘,破损不堪,800.00
求生匕首（★） | 枯焦之色 (战痕累累),求生匕首（★） | 枯焦之色,隐秘,战痕累累,800.00
求生匕首（★） | 枯焦之色 (略有磨损),求生匕首（★） | 枯焦之色,隐秘,略有磨损,974.00
AK-47 | 霓虹骑士 (崭新出厂),AK-47 | 霓虹骑士,隐秘,崭新出厂,938.62
AK-47 | 霓虹骑士 (久经沙场),AK-47 | 霓虹骑士,隐秘,久经沙场,248.00
AK-47 | 霓虹骑士 (破损不堪),AK-47 | 霓虹骑士,隐秘,破损不堪,246.00
AK-47 | 霓虹骑士 (战痕累累),AK-47 | 霓虹骑士,隐秘,战痕累累,157.54
AK-47 | 霓虹骑士 (略有磨损),AK-47 | 霓虹骑士,隐秘,略有磨损,444.39
穿肠刀（★） | 自由之手 (崭新出厂),穿肠刀（★） | 自由之手,隐秘,崭新出厂,999.00
穿肠刀（★） | 自由之手 (久经沙场),穿肠刀（★） | 自由之手,隐秘,久经沙场,816.72
穿肠刀（★） | 自由之手 (破损不堪),穿肠刀（★） | 自由之手,隐秘,破损不堪,
穿肠刀（★） | 自由之手 (战痕累累),穿肠刀（★） | 自由之手,隐秘,战痕累累,
穿肠刀（★） | 自由之手 (略有磨损),穿肠刀（★） | 自由之手,隐秘,略有磨损,946.48
R8 左轮手枪（StatTrak™） | 疯狂老八 (崭新出厂),R8 左轮手枪（StatTrak™） | 疯狂老八,受限,崭新出厂,58.88
R8 左轮手枪（StatTrak™） | 疯狂老八 (久经沙场),R8 左轮手枪（StatTrak™） | 疯狂老八,受限,久经沙场,9.39
R8 左轮手枪（StatTrak™） | 疯狂老八 (破损不堪),R8 左轮手枪（StatTrak™） | 疯狂老八,受限,破损不堪,8.42
R8 左轮手枪（StatTrak™） | 疯狂老八 (战痕累累),R8 左轮手枪（StatTrak™） | 疯狂老八,受限,战痕累累,6.43
R8 左轮手枪（StatTrak™） | 疯狂老八 (略有磨损),R8 左轮手枪（StatTrak™） | 疯狂老八,受限,略有磨损,22.66
SG 553 | 锈蚀之刃 (崭新出厂),SG 553 | 锈蚀之刃,军规级,崭新出厂,1.45
SG 553 | 锈蚀之刃 (久经沙场),SG 553 | 锈蚀之刃,军规级,久经沙场,0.35
SG 553 | 锈蚀之刃 (破损不堪),SG 553 | 锈蚀之刃,军规级,破损不堪,0.40
SG 553 | 锈蚀之刃 (战痕累累),SG 553 | 锈蚀之刃,军规级,战痕累累,0.35
SG 553 | 锈蚀之刃 (略有磨损),SG 553 | 锈蚀之刃,军规级,略有磨损,0.72
MP7 | 七彩斑斓 (崭新出厂),MP7 | 七彩斑斓,受限,崭新出厂,39.00
MP7 | 七彩斑斓 (久经沙场),MP7 | 七彩斑斓,受限,久经沙场,9.99
MP7 | 七彩斑斓 (破损不堪),MP7 | 七彩斑斓,受限,破损不堪,6.50
MP7 | 七彩斑斓 (战痕累累),MP7 | 七彩斑斓,受限,战痕累累,7.66
MP7 | 七彩斑斓 (略有磨损),MP7 | 七彩斑斓,受限,略有磨损,15.44
系绳匕首（★ StatTrak™） | 狩猎网格 (崭新出厂),系绳匕首（★ StatTrak™） | 狩猎网格,隐秘,崭新出厂,
系绳匕首（★ StatTrak™） | 狩猎网格 (久经沙场),系绳匕首（★ StatTrak™） | 狩猎网格,隐秘,久经沙场,850.00
系绳匕首（★ StatTrak™） | 狩猎网格 (破损不堪),系绳匕首（★ StatTrak™） | 狩猎网格,隐秘,破损不堪,
系绳匕首（★ StatTrak™） | 狩猎网格 (战痕累累),系绳匕首（★ StatTrak™） | 狩猎网格,隐秘,战痕累累,
系绳匕首（★ StatTrak™） | 狩猎网格 (略有磨损),系绳匕首（★ StatTrak™） | 狩猎网格,隐秘,略有磨损,
CZ75（StatTrak™） | 经济 (崭新出厂),CZ75（StatTrak™） | 经济,受限,崭新出厂,61.88
CZ75（StatTrak™） | 经济 (久经沙场),CZ75（StatTrak™） | 经济,受限,久经沙场,10.79
CZ75（StatTrak™） | 经济 (破损不堪),CZ75（StatTrak™） | 经济,受限,破损不堪,10.20
CZ75（StatTrak™） | 经济 (战痕累累),CZ75（StatTrak™） | 经济,受限,战痕累累,11.42
CZ75（StatTrak™） | 经济 (略有磨损),CZ75（StatTrak™） | 经济,受限,略有磨损,22.37
AWP（纪念品） | 粉红 DDPAT (崭新出厂),AWP（纪念品） | 粉红 DDPAT,受限,崭新出厂,12000.00
AWP（纪念品） | 粉红 DDPAT (久经沙场),AWP（纪念品） | 粉红 DDPAT,受限,久经沙场,168.80
AWP（纪念品） | 粉红 DDPAT (破损不堪),AWP（纪念品） | 粉红 DDPAT,受限,破损不堪,297.41
AWP（纪念品） | 粉红 DDPAT (战痕累累),AWP（纪念品） | 粉红 DDPAT,受限,战痕累累,388.00
AWP（纪念品） | 粉红 DDPAT (略有磨损),AWP（纪念品） | 粉红 DDPAT,受限,略有磨损,475.66
SSG 08 | 主机001 (崭新出厂),SSG 08 | 主机001,军规级,崭新出厂,2.71
SSG 08 | 主机001 (久经沙场),SSG 08 | 主机001,军规级,久经沙场,0.46
SSG 08 | 主机001 (破损不堪),SSG 08 | 主机001,军规级,破损不堪,0.31
SSG 08 | 主机001 (战痕累累),SSG 08 | 主机001,军规级,战痕累累,0.32
SSG 08 | 主机001 (略有磨损),SSG 08 | 主机001,军规级,略有磨损,0.85
P90 | 元女王 (崭新出厂),P90 | 元女王,受限,崭新出厂,24.57
P90 | 元女王 (久经沙场),P90 | 元女王,受限,久经沙场,7.77
P90 | 元女王 (破损不堪),P90 | 元女王,受限,破损不堪,9.20
P90 | 元女王 (战痕累累),P90 | 元女王,受限,战痕累累,13.78
P90 | 元女王 (略有磨损),P90 | 元女王,受限,略有磨损,15.50
弯刀（★） | 人工染色 (崭新出厂),弯刀（★） | 人工染色,隐秘,崭新出厂,
弯刀（★） | 人工染色 (久经沙场),弯刀（★） | 人工染色,隐秘,久经沙场,888.88
弯刀（★） | 人工染色 (破损不堪),弯刀（★） | 人工染色,隐秘,破损不堪,850.00
弯刀（★） | 人工染色 (战痕累累),弯刀（★） | 人工染色,隐秘,战痕累累,843.00
弯刀（★） | 人工染色 (略有磨损),弯刀（★） | 人工染色,隐秘,略有磨损,908.00
G3SG1 | 猎人 (崭新出厂),G3SG1 | 猎人,军规级,崭新出厂,2.75
G3SG1 | 猎人 (久经沙场),G3SG1 | 猎人,军规级,久经沙场,0.51
G3SG1 | 猎人 (破损不堪),G3SG1 | 猎人,军规级,破损不堪,0.35
G3SG1 | 猎人 (战痕累累),G3SG1 | 猎人,军规级,战痕累累,0.44
G3SG1 | 猎人 (略有磨损),G3SG1 | 猎人,军规级,略有磨损,1.00
双持贝瑞塔 | 天秤之月 (崭新出厂),双持贝瑞塔 | 天秤之月,消费级,崭新出厂,24.99
双持贝瑞塔 | 天秤之月 (久经沙场),双持贝瑞塔 | 天秤之月,消费级,久经沙场,21.32
双持贝瑞塔 | 天秤之月 (破损不堪),双持贝瑞塔 | 天秤之月,消费级,破损不堪,
双持贝瑞塔 | 天秤之月 (战痕累累),双持贝瑞塔 | 天秤之月,消费级,战痕累累,
双持贝瑞塔 | 天秤之月 (略有磨损),双持贝瑞塔 | 天秤之月,消费级,略有磨损,22.85
M4A4（StatTrak™） | 皇家圣骑士 (崭新出厂),M4A4（StatTrak™） | 皇家圣骑士,隐秘,崭新出厂,1993.93
M4A4（StatTrak™） | 皇家圣骑士 (久经沙场),M4A4（StatTrak™） | 皇家圣骑士,隐秘,久经沙场,186.25
M4A4（StatTrak™） | 皇家圣骑士 (破损不堪),M4A4（StatTrak™） | 皇家圣骑士,隐秘,破损不堪,240.00
M4A4（StatTrak™） | 皇家圣骑士 (战痕累累),M4A4（StatTrak™） | 皇家圣骑士,隐秘,战痕累累,284.00
M4A4（StatTrak™） | 皇家圣骑士 (略有磨损),M4A4（StatTrak™） | 皇家圣骑士,隐秘,略有磨损,600.00
P90 | 暴风呼啸 (崭新出厂),P90 | 暴风呼啸,消费级,崭新出厂,40.00
P90 | 暴风呼啸 (久经沙场),P90 | 暴风呼啸,消费级,久经沙场,14.50
P90 | 暴风呼啸 (破损不堪),P90 | 暴风呼啸,消费级,破损不堪,13.52
P90 | 暴风呼啸 (战痕累累),P90 | 暴风呼啸,消费级,战痕累累,11.00
P90 | 暴风呼啸 (略有磨损),P90 | 暴风呼啸,消费级,略有磨损,16.59
系绳匕首（★） | 枯焦之色 (崭新出厂),系绳匕首（★） | 枯焦之色,隐秘,崭新出厂,
系绳匕首（★） | 枯焦之色 (久经沙场),系绳匕首（★） | 枯焦之色,隐秘,久经沙场,764.01
系绳匕首（★） | 枯焦之色 (破损不堪),系绳匕首（★） | 枯焦之色,隐秘,破损不堪,828.00
系绳匕首（★） | 枯焦之色 (战痕累累),系绳匕首（★） | 枯焦之色,隐秘,战痕累累,808.00
系绳匕首（★） | 枯焦之色 (略有磨损),系绳匕首（★） | 枯焦之色,隐秘,略有磨损,914.50
P90（StatTrak™） | 夺命器 (崭新出厂),P90（StatTrak™） | 夺命器,受限,崭新出厂,35.00
P90（StatTrak™） | 夺命器 (久经沙场),P90（StatTrak™） | 夺命器,受限,久经沙场,6.80
P90（StatTrak™） | 夺命器 (破损不堪),P90（StatTrak™） | 夺命器,受限,破损不堪,34.63
P90（StatTrak™） | 夺命器 (战痕累累),P90（StatTrak™） | 夺命器,受限,战痕累累,9.19
P90（StatTrak™） | 夺命器 (略有磨损),P90（StatTrak™） | 夺命器,受限,略有磨损,17.80
AUG（纪念品） | 朽木 (崭新出厂),AUG（纪念品） | 朽木,工业级,崭新出厂,1.34
AUG（纪念品） | 朽木 (久经沙场),AUG（纪念品） | 朽木,工业级,久经沙场,0.26
AUG（纪念品） | 朽木 (破损不堪),AUG（纪念品） | 朽木,工业级,破损不堪,0.50
AUG（纪念品） | 朽木 (战痕累累),AUG（纪念品） | 朽木,工业级,战痕累累,6.22
AUG（纪念品） | 朽木 (略有磨损),AUG（纪念品） | 朽木,工业级,略有磨损,0.69
AWP | 红线 (久经沙场),AWP | 红线,保密,久经沙场,269.00
AWP | 红线 (破损不堪),AWP | 红线,保密,破损不堪,299.00
AWP | 红线 (略有磨损),AWP | 红线,保密,略有磨损,474.99
求生匕首（★） | 森林 DDPAT (崭新出厂),求生匕首（★） | 森林 DDPAT,隐秘,崭新出厂,
求生匕首（★） | 森林 DDPAT (久经沙场),求生匕首（★） | 森林 DDPAT,隐秘,久经沙场,799.91
求生匕首（★） | 森林 DDPAT (破损不堪),求生匕首（★） | 森林 DDPAT,隐秘,破损不堪,830.00
求生匕首（★） | 森林 DDPAT (战痕累累),求生匕首（★） | 森林 DDPAT,隐秘,战痕累累,806.00
求生匕首（★） | 森林 DDPAT (略有磨损),求生匕首（★） | 森林 DDPAT,隐秘,略有磨损,952.75
AUG（纪念品） | 扫频仪 (崭新出厂),AUG（纪念品） | 扫频仪,消费级,崭新出厂,1.94
AUG（纪念品） | 扫频仪 (久经沙场),AUG（纪念品） | 扫频仪,消费级,久经沙场,0.24
AUG（纪念品） | 扫频仪 (破损不堪),AUG（纪念品） | 扫频仪,消费级,破损不堪,1.07
AUG（纪念品） | 扫频仪 (战痕累累),AUG（纪念品） | 扫频仪,消费级,战痕累累,0.37
AUG（纪念品） | 扫频仪 (略有磨损),AUG（纪念品） | 扫频仪,消费级,略有磨损,0.88
PP-野牛 | 开关箱 (崭新出厂),PP-野牛 | 开关箱,工业级,崭新出厂,14.37
PP-野牛 | 开关箱 (久经沙场),PP-野牛 | 开关箱,工业级,久经沙场,12.82
PP-野牛 | 开关箱 (破损不堪),PP-野牛 | 开关箱,工业级,破损不堪,13.08
PP-野牛 | 开关箱 (略有磨损),PP-野牛 | 开关箱,工业级,略有磨损,17.00
M4A4 | 现代猎手 (崭新出厂),M4A4 | 现代猎手,受限,崭新出厂,3400.00
M4A4 | 现代猎手 (久经沙场),M4A4 | 现代猎手,受限,久经沙场,240.00
M4A4 | 现代猎手 (破损不堪),M4A4 | 现代猎手,受限,破损不堪,350.00
M4A4 | 现代猎手 (战痕累累),M4A4 | 现代猎手,受限,战痕累累,
M4A4 | 现代猎手 (略有磨损),M4A4 | 现代猎手,受限,略有磨损,495.01
CZ75 | 毒镖 (崭新出厂),CZ75 | 毒镖,军规级,崭新出厂,100.00
CZ75 | 毒镖 (久经沙场),CZ75 | 毒镖,军规级,久经沙场,17.72
CZ75 | 毒镖 (破损不堪),CZ75 | 毒镖,军规级,破损不堪,
CZ75 | 毒镖 (战痕累累),CZ75 | 毒镖,军规级,战痕累累,30.00
CZ75 | 毒镖 (略有磨损),CZ75 | 毒镖,军规级,略有磨损,23.90
穿肠刀（★） | 大马士革钢 (崭新出厂),穿肠刀（★） | 大马士革钢,隐秘,崭新出厂,1065.00
穿肠刀（★） | 大马士革钢 (久经沙场),穿肠刀（★） | 大马士革钢,隐秘,久经沙场,917.60
穿肠刀（★） | 大马士革钢 (破损不堪),穿肠刀（★） | 大马士革钢,隐秘,破损不堪,
穿肠刀（★） | 大马士革钢 (战痕累累),穿肠刀（★） | 大马士革钢,隐秘,战痕累累,
穿肠刀（★） | 大马士革钢 (略有磨损),穿肠刀（★） | 大马士革钢,隐秘,略有磨损,930.00
SSG 08（纪念品） | 丛林虚线 (崭新出厂),SSG 08（纪念品） | 丛林虚线,消费级,崭新出厂,10.50
SSG 08（纪念品） | 丛林虚线 (久经沙场),SSG 08（纪念品） | 丛林虚线,消费级,久经沙场,0.10
SSG 08（纪念品） | 丛林虚线 (破损不堪),SSG 08（纪念品） | 丛林虚线,消费级,破损不堪,0.11
SSG 08（纪念品） | 丛林虚线 (战痕累累),SSG 08（纪念品） | 丛林虚线,消费级,战痕累累,0.10
SSG 08（纪念品） | 丛林虚线 (略有磨损),SSG 08（纪念品） | 丛林虚线,消费级,略有磨损,0.77
PP-野牛（StatTrak™） | 死亡主宰者 (崭新出厂),PP-野牛（StatTrak™） | 死亡主宰者,受限,崭新出厂,28.80
PP-野牛（StatTrak™） | 死亡主宰者 (久经沙场),PP-野牛（StatTrak™） | 死亡主宰者,受限,久经沙场,11.00
PP-野牛（StatTrak™） | 死亡主宰者 (破损不堪),PP-野牛（StatTrak™） | 死亡主宰者,受限,破损不堪,15.44
PP-野牛（StatTrak™） | 死亡主宰者 (战痕累累),PP-野牛（StatTrak™） | 死亡主宰者,受限,战痕累累,75.14
PP-野牛（StatTrak™） | 死亡主宰者 (略有磨损),PP-野牛（StatTrak™） | 死亡主宰者,受限,略有磨损,18.79
M4A1 消音型 | 黑水 (久经沙场),M4A1 消音型 | 黑水,受限,久经沙场,470.38
M4A1 消音型 | 黑水 (略有磨损),M4A1 消音型 | 黑水,受限,略有磨损,468.78
R8 左轮手枪（StatTrak™） | 重新启动 (崭新出厂),R8 左轮手枪（StatTrak™） | 重新启动,受限,崭新出厂,102.50
R8 左轮手枪（StatTrak™） | 重新启动 (久经沙场),R8 左轮手枪（StatTrak™） | 重新启动,受限,久经沙场,10.50
R8 左轮手枪（StatTrak™） | 重新启动 (破损不堪),R8 左轮手枪（StatTrak™） | 重新启动,受限,破损不堪,6.37
R8 左轮手枪（StatTrak™） | 重新启动 (战痕累累),R8 左轮手枪（StatTrak™） | 重新启动,受限,战痕累累,6.92
R8 左轮手枪（StatTrak™） | 重新启动 (略有磨损),R8 左轮手枪（StatTrak™） | 重新启动,受限,略有磨损,25.00
弯刀（★） | 森林 DDPAT (崭新出厂),弯刀（★） | 森林 DDPAT,隐秘,崭新出厂,
弯刀（★） | 森林 DDPAT (久经沙场),弯刀（★） | 森林 DDPAT,隐秘,久经沙场,740.00
弯刀（★） | 森林 DDPAT (破损不堪),弯刀（★） | 森林 DDPAT,隐秘,破损不堪,800.00
弯刀（★） | 森林 DDPAT (战痕累累),弯刀（★） | 森林 DDPAT,隐秘,战痕累累,797.90
弯刀（★） | 森林 DDPAT (略有磨损),弯刀（★） | 森林 DDPAT,隐秘,略有磨损,1109.00
SG 553 | 擎天神 (崭新出厂),SG 553 | 擎天神,军规级,崭新出厂,2.35
SG 553 | 擎天神 (久经沙场),SG 553 | 擎天神,军规级,久经沙场,0.41
SG 553 | 擎天神 (破损不堪),SG 553 | 擎天神,军规级,破损不堪,0.83
SG 553 | 擎天神 (战痕累累),SG 553 | 擎天神,军规级,战痕累累,0.50
SG 553 | 擎天神 (略有磨损),SG 553 | 擎天神,军规级,略有磨损,1.12
MP7 | 帝国 (崭新出厂),MP7 | 帝国,受限,崭新出厂,27.00
MP7 | 帝国 (久经沙场),MP7 | 帝国,受限,久经沙场,14.05
MP7 | 帝国 (破损不堪),MP7 | 帝国,受限,破损不堪,24.00
MP7 | 帝国 (略有磨损),MP7 | 帝国,受限,略有磨损,18.00
法玛斯 | 幕后主谋 (崭新出厂),法玛斯 | 幕后主谋,受限,崭新出厂,419.00
法玛斯 | 幕后主谋 (久经沙场),法玛斯 | 幕后主谋,受限,久经沙场,400.00
法玛斯 | 幕后主谋 (破损不堪),法玛斯 | 幕后主谋,受限,破损不堪,499.00
法玛斯 | 幕后主谋 (战痕累累),法玛斯 | 幕后主谋,受限,战痕累累,499.00
法玛斯 | 幕后主谋 (略有磨损),法玛斯 | 幕后主谋,受限,略有磨损,400.00
格洛克 18 型 | 钢铁禁锢 (崭新出厂),格洛克 18 型 | 钢铁禁锢,受限,崭新出厂,29.70
格洛克 18 型 | 钢铁禁锢 (久经沙场),格洛克 18 型 | 钢铁禁锢,受限,久经沙场,44.00
格洛克 18 型 | 钢铁禁锢 (略有磨损),格洛克 18 型 | 钢铁禁锢,受限,略有磨损,25.50
SCAR-20 | 暗夜活死鸡 (崭新出厂),SCAR-20 | 暗夜活死鸡,军规级,崭新出厂,1.75
SCAR-20 | 暗夜活死鸡 (久经沙场),SCAR-20 | 暗夜活死鸡,军规级,久经沙场,0.56
SCAR-20 | 暗夜活死鸡 (破损不堪),SCAR-20 | 暗夜活死鸡,军规级,破损不堪,0.54
SCAR-20 | 暗夜活死鸡 (战痕累累),SCAR-20 | 暗夜活死鸡,军规级,战痕累累,0.42
SCAR-20 | 暗夜活死鸡 (略有磨损),SCAR-20 | 暗夜活死鸡,军规级,略有磨损,0.87
MP9 | 残花败藤 (崭新出厂),MP9 | 残花败藤,工业级,崭新出厂,19.79
MP9 | 残花败藤 (久经沙场),MP9 | 残花败藤,工业级,久经沙场,17.22
MP9 | 残花败藤 (破损不堪),MP9 | 残花败藤,工业级,破损不堪,
MP9 | 残花败藤 (战痕累累),MP9 | 残花败藤,工业级,战痕累累,
MP9 | 残花败藤 (略有磨损),MP9 | 残花败藤,工业级,略有磨损,16.73
M4A4 | 辐射危机 (崭新出厂),M4A4 | 辐射危机,军规级,崭新出厂,2499.00
M4A4 | 辐射危机 (久经沙场),M4A4 | 辐射危机,军规级,久经沙场,168.16
M4A4 | 辐射危机 (破损不堪),M4A4 | 辐射危机,军规级,破损不堪,197.90
M4A4 | 辐射危机 (战痕累累),M4A4 | 辐射危机,军规级,战痕累累,
M4A4 | 辐射危机 (略有磨损),M4A4 | 辐射危机,军规级,略有磨损,499.99
鲍伊猎刀（★） | 森林 DDPAT (崭新出厂),鲍伊猎刀（★） | 森林 DDPAT,隐秘,崭新出厂,
鲍伊猎刀（★） | 森林 DDPAT (久经沙场),鲍伊猎刀（★） | 森林 DDPAT,隐秘,久经沙场,850.00
鲍伊猎刀（★） | 森林 DDPAT (破损不堪),鲍伊猎刀（★） | 森林 DDPAT,隐秘,破损不堪,
鲍伊猎刀（★） | 森林 DDPAT (战痕累累),鲍伊猎刀（★） | 森林 DDPAT,隐秘,战痕累累,803.65
鲍伊猎刀（★） | 森林 DDPAT (略有磨损),鲍伊猎刀（★） | 森林 DDPAT,隐秘,略有磨损,900.00
沙漠之鹰（纪念品） | 都市 DDPAT (崭新出厂),沙漠之鹰（纪念品） | 都市 DDPAT,工业级,崭新出厂,4999.99
沙漠之鹰（纪念品） | 都市 DDPAT (久经沙场),沙漠之鹰（纪念品） | 都市 DDPAT,工业级,久经沙场,6.69
沙漠之鹰（纪念品） | 都市 DDPAT (破损不堪),沙漠之鹰（纪念品） | 都市 DDPAT,工业级,破损不堪,11.78
沙漠之鹰（纪念品） | 都市 DDPAT (战痕累累),沙漠之鹰（纪念品） | 都市 DDPAT,工业级,战痕累累,12.54
沙漠之鹰（纪念品） | 都市 DDPAT (略有磨损),沙漠之鹰（纪念品） | 都市 DDPAT,工业级,略有磨损,23.50
SG 553 | 轻空 (崭新出厂),SG 553 | 轻空,军规级,崭新出厂,1.87
SG 553 | 轻空 (久经沙场),SG 553 | 轻空,军规级,久经沙场,0.57
SG 553 | 轻空 (破损不堪),SG 553 | 轻空,军规级,破损不堪,0.68
SG 553 | 轻空 (战痕累累),SG 553 | 轻空,军规级,战痕累累,0.87
SG 553 | 轻空 (略有磨损),SG 553 | 轻空,军规级,略有磨损,1.14
P90（纪念品） | 白蜡木 (崭新出厂),P90（纪念品） | 白蜡木,工业级,崭新出厂,44.45
P90（纪念品） | 白蜡木 (久经沙场),P90（纪念品） | 白蜡木,工业级,久经沙场,9.70
P90（纪念品） | 白蜡木 (破损不堪),P90（纪念品） | 白蜡木,工业级,破损不堪,34.55
P90（纪念品） | 白蜡木 (略有磨损),P90（纪念品） | 白蜡木,工业级,略有磨损,15.00
折刀（★ StatTrak™） | 都市伪装 (崭新出厂),折刀（★ StatTrak™） | 都市伪装,隐秘,崭新出厂,
折刀（★ StatTrak™） | 都市伪装 (久经沙场),折刀（★ StatTrak™） | 都市伪装,隐秘,久经沙场,700.00
折刀（★ StatTrak™） | 都市伪装 (破损不堪),折刀（★ StatTrak™） | 都市伪装,隐秘,破损不堪,
折刀（★ StatTrak™） | 都市伪装 (战痕累累),折刀（★ StatTrak™） | 都市伪装,隐秘,战痕累累,680.00
折刀（★ StatTrak™） | 都市伪装 (略有磨损),折刀（★ StatTrak™） | 都市伪装,隐秘,略有磨损,
法玛斯 | 日暮 (崭新出厂),法玛斯 | 日暮,军规级,崭新出厂,660.00
法玛斯 | 日暮 (久经沙场),法玛斯 | 日暮,军规级,久经沙场,
法玛斯 | 日暮 (破损不堪),法玛斯 | 日暮,军规级,破损不堪,
法玛斯 | 日暮 (战痕累累),法玛斯 | 日暮,军规级,战痕累累,600.00
法玛斯 | 日暮 (略有磨损),法玛斯 | 日暮,军规级,略有磨损,522.00
P2000（StatTrak™） | 红色碎片迷彩 (崭新出厂),P2000（StatTrak™） | 红色碎片迷彩,军规级,崭新出厂,39.00
P2000（StatTrak™） | 红色碎片迷彩 (久经沙场),P2000（StatTrak™） | 红色碎片迷彩,军规级,久经沙场,19.53
P2000（StatTrak™） | 红色碎片迷彩 (破损不堪),P2000（StatTrak™） | 红色碎片迷彩,军规级,破损不堪,
P2000（StatTrak™） | 红色碎片迷彩 (战痕累累),P2000（StatTrak™） | 红色碎片迷彩,军规级,战痕累累,88.00
P2000（StatTrak™） | 红色碎片迷彩 (略有磨损),P2000（StatTrak™） | 红色碎片迷彩,军规级,略有磨损,24.99
M4A4 | 镁元素 (崭新出厂),M4A4 | 镁元素,军规级,崭新出厂,6.56
M4A4 | 镁元素 (久经沙场),M4A4 | 镁元素,军规级,久经沙场,0.58
M4A4 | 镁元素 (破损不堪),M4A4 | 镁元素,军规级,破损不堪,0.41
M4A4 | 镁元素 (战痕累累),M4A4 | 镁元素,军规级,战痕累累,0.47
M4A4 | 镁元素 (略有磨损),M4A4 | 镁元素,军规级,略有磨损,1.12
MP7 | 枯焦之色 (崭新出厂),MP7 | 枯焦之色,消费级,崭新出厂,34.69
MP7 | 枯焦之色 (久经沙场),MP7 | 枯焦之色,消费级,久经沙场,15.95
MP7 | 枯焦之色 (破损不堪),MP7 | 枯焦之色,消费级,破损不堪,
MP7 | 枯焦之色 (战痕累累),MP7 | 枯焦之色,消费级,战痕累累,15.04
MP7 | 枯焦之色 (略有磨损),MP7 | 枯焦之色,消费级,略有磨损,18.42
暗影双匕（★） | 自由之手 (崭新出厂),暗影双匕（★） | 自由之手,隐秘,崭新出厂,1099.00
暗影双匕（★） | 自由之手 (久经沙场),暗影双匕（★） | 自由之手,隐秘,久经沙场,836.38
暗影双匕（★） | 自由之手 (破损不堪),暗影双匕（★） | 自由之手,隐秘,破损不堪,
暗影双匕（★） | 自由之手 (战痕累累),暗影双匕（★） | 自由之手,隐秘,战痕累累,
暗影双匕（★） | 自由之手 (略有磨损),暗影双匕（★） | 自由之手,隐秘,略有磨损,930.00
加利尔 AR（StatTrak™） | ~甜甜的~ (崭新出厂),加利尔 AR（StatTrak™） | ~甜甜的~,保密,崭新出厂,904.99
加利尔 AR（StatTrak™） | ~甜甜的~ (久经沙场),加利尔 AR（StatTrak™） | ~甜甜的~,保密,久经沙场,470.00
加利尔 AR（StatTrak™） | ~甜甜的~ (破损不堪),加利尔 AR（StatTrak™） | ~甜甜的~,保密,破损不堪,
加利尔 AR（StatTrak™） | ~甜甜的~ (战痕累累),加利尔 AR（StatTrak™） | ~甜甜的~,保密,战痕累累,
加利尔 AR（StatTrak™） | ~甜甜的~ (略有磨损),加利尔 AR（StatTrak™） | ~甜甜的~,保密,略有磨损,520.00
FN57（纪念品） | 热火朝天 (崭新出厂),FN57（纪念品） | 热火朝天,工业级,崭新出厂,999.99
FN57（纪念品） | 热火朝天 (久经沙场),FN57（纪念品） | 热火朝天,工业级,久经沙场,8.70
FN57（纪念品） | 热火朝天 (破损不堪),FN57（纪念品） | 热火朝天,工业级,破损不堪,7.00
FN57（纪念品） | 热火朝天 (战痕累累),FN57（纪念品） | 热火朝天,工业级,战痕累累,4.00
FN57（纪念品） | 热火朝天 (略有磨损),FN57（纪念品） | 热火朝天,工业级,略有磨损,25.00
SG 553 | 危险距离 (崭新出厂),SG 553 | 危险距离,军规级,崭新出厂,1.94
SG 553 | 危险距离 (久经沙场),SG 553 | 危险距离,军规级,久经沙场,0.46
SG 553 | 危险距离 (破损不堪),SG 553 | 危险距离,军规级,破损不堪,0.82
SG 553 | 危险距离 (战痕累累),SG 553 | 危险距离,军规级,战痕累累,0.49
SG 553 | 危险距离 (略有磨损),SG 553 | 危险距离,军规级,略有磨损,1.01
UMP-45（StatTrak™） | 塑胶炸弹 (崭新出厂),UMP-45（StatTrak™） | 塑胶炸弹,受限,崭新出厂,35.00
UMP-45（StatTrak™） | 塑胶炸弹 (久经沙场),UMP-45（StatTrak™） | 塑胶炸弹,受限,久经沙场,8.05
UMP-45（StatTrak™） | 塑胶炸弹 (破损不堪),UMP-45（StatTrak™） | 塑胶炸弹,受限,破损不堪,
UMP-45（StatTrak™） | 塑胶炸弹 (战痕累累),UMP-45（StatTrak™） | 塑胶炸弹,受限,战痕累累,7.41
UMP-45（StatTrak™） | 塑胶炸弹 (略有磨损),UMP-45（StatTrak™） | 塑胶炸弹,受限,略有磨损,18.13
穿肠刀（★） | 黑色层压板 (崭新出厂),穿肠刀（★） | 黑色层压板,隐秘,崭新出厂,
穿肠刀（★） | 黑色层压板 (久经沙场),穿肠刀（★） | 黑色层压板,隐秘,久经沙场,967.99
穿肠刀（★） | 黑色层压板 (破损不堪),穿肠刀（★） | 黑色层压板,隐秘,破损不堪,900.00
穿肠刀（★） | 黑色层压板 (战痕累累),穿肠刀（★） | 黑色层压板,隐秘,战痕累累,930.00
穿肠刀（★） | 黑色层压板 (略有磨损),穿肠刀（★） | 黑色层压板,隐秘,略有磨损,970.00
USP 消音版 | 守护者 (崭新出厂),USP 消音版 | 守护者,受限,崭新出厂,32.20
USP 消音版 | 守护者 (久经沙场),USP 消音版 | 守护者,受限,久经沙场,25.77
USP 消音版 | 守护者 (略有磨损),USP 消音版 | 守护者,受限,略有磨损,22.75
法玛斯 | 湖蓝涂装 (崭新出厂),法玛斯 | 湖蓝涂装,工业级,崭新出厂,9.49
法玛斯 | 湖蓝涂装 (久经沙场),法玛斯 | 湖蓝涂装,工业级,久经沙场,0.78
法玛斯 | 湖蓝涂装 (破损不堪),法玛斯 | 湖蓝涂装,工业级,破损不堪,0.76
法玛斯 | 湖蓝涂装 (战痕累累),法玛斯 | 湖蓝涂装,工业级,战痕累累,0.75
法玛斯 | 湖蓝涂装 (略有磨损),法玛斯 | 湖蓝涂装,工业级,略有磨损,1.14
PP-野牛 | 墨竹 (崭新出厂),PP-野牛 | 墨竹,消费级,崭新出厂,30.59
PP-野牛 | 墨竹 (久经沙场),PP-野牛 | 墨竹,消费级,久经沙场,16.00
PP-野牛 | 墨竹 (破损不堪),PP-野牛 | 墨竹,消费级,破损不堪,
PP-野牛 | 墨竹 (战痕累累),PP-野牛 | 墨竹,消费级,战痕累累,18.00
PP-野牛 | 墨竹 (略有磨损),PP-野牛 | 墨竹,消费级,略有磨损,23.46
M4A4 | 合纵 (崭新出厂),M4A4 | 合纵,隐秘,崭新出厂,2441.03
M4A4 | 合纵 (久经沙场),M4A4 | 合纵,隐秘,久经沙场,190.77
M4A4 | 合纵 (破损不堪),M4A4 | 合纵,隐秘,破损不堪,76.00
M4A4 | 合纵 (战痕累累),M4A4 | 合纵,隐秘,战痕累累,77.39
M4A4 | 合纵 (略有磨损),M4A4 | 合纵,隐秘,略有磨损,523.99
FN57 | 狩猎利器 (崭新出厂),FN57 | 狩猎利器,保密,崭新出厂,59.80
FN57 | 狩猎利器 (久经沙场),FN57 | 狩猎利器,保密,久经沙场,16.93
FN57 | 狩猎利器 (破损不堪),FN57 | 狩猎利器,保密,破损不堪,12.84
FN57 | 狩猎利器 (战痕累累),FN57 | 狩猎利器,保密,战痕累累,14.00
FN57 | 狩猎利器 (略有磨损),FN57 | 狩猎利器,保密,略有磨损,34.00
SCAR-20 | 翡翠色调 (崭新出厂),SCAR-20 | 翡翠色调,受限,崭新出厂,291.90
SCAR-20 | 翡翠色调 (略有磨损),SCAR-20 | 翡翠色调,受限,略有磨损,550.00
M4A4 | 主机 (崭新出厂),M4A4 | 主机,工业级,崭新出厂,1.79
M4A4 | 主机 (久经沙场),M4A4 | 主机,工业级,久经沙场,0.74
M4A4 | 主机 (破损不堪),M4A4 | 主机,工业级,破损不堪,1.10
M4A4 | 主机 (战痕累累),M4A4 | 主机,工业级,战痕累累,1.47
M4A4 | 主机 (略有磨损),M4A4 | 主机,工业级,略有磨损,1.10
穿肠刀（★） | 致命紫罗兰 (崭新出厂),穿肠刀（★） | 致命紫罗兰,隐秘,崭新出厂,
穿肠刀（★） | 致命紫罗兰 (久经沙场),穿肠刀（★） | 致命紫罗兰,隐秘,久经沙场,737.55
穿肠刀（★） | 致命紫罗兰 (破损不堪),穿肠刀（★） | 致命紫罗兰,隐秘,破损不堪,
穿肠刀（★） | 致命紫罗兰 (战痕累累),穿肠刀（★） | 致命紫罗兰,隐秘,战痕累累,730.00
穿肠刀（★） | 致命紫罗兰 (略有磨损),穿肠刀（★） | 致命紫罗兰,隐秘,略有磨损,950.00
USP 消音版 | 脑洞大开 (崭新出厂),USP 消音版 | 脑洞大开,保密,崭新出厂,67.00
USP 消音版 | 脑洞大开 (久经沙场),USP 消音版 | 脑洞大开,保密,久经沙场,14.00
USP 消音版 | 脑洞大开 (破损不堪),USP 消音版 | 脑洞大开,保密,破损不堪,10.87
USP 消音版 | 脑洞大开 (战痕累累),USP 消音版 | 脑洞大开,保密,战痕累累,11.25
USP 消音版 | 脑洞大开 (略有磨损),USP 消音版 | 脑洞大开,保密,略有磨损,24.50
M4A4（StatTrak™） | 地狱烈焰 (崭新出厂),M4A4（StatTrak™） | 地狱烈焰,保密,崭新出厂,1100.00
M4A4（StatTrak™） | 地狱烈焰 (久经沙场),M4A4（StatTrak™） | 地狱烈焰,保密,久经沙场,1099.00
M4A4（StatTrak™） | 地狱烈焰 (破损不堪),M4A4（StatTrak™） | 地狱烈焰,保密,破损不堪,
M4A4（StatTrak™） | 地狱烈焰 (战痕累累),M4A4（StatTrak™） | 地狱烈焰,保密,战痕累累,
M4A4（StatTrak™） | 地狱烈焰 (略有磨损),M4A4（StatTrak™） | 地狱烈焰,保密,略有磨损,551.36
M4A4 | 透明弹匣 (崭新出厂),M4A4 | 透明弹匣,军规级,崭新出厂,3.72
M4A4 | 透明弹匣 (久经沙场),M4A4 | 透明弹匣,军规级,久经沙场,0.76
M4A4 | 透明弹匣 (破损不堪),M4A4 | 透明弹匣,军规级,破损不堪,0.51
M4A4 | 透明弹匣 (战痕累累),M4A4 | 透明弹匣,军规级,战痕累累,0.38
M4A4 | 透明弹匣 (略有磨损),M4A4 | 透明弹匣,军规级,略有磨损,1.07
MP5-SD | 秋季方巾 (崭新出厂),MP5-SD | 秋季方巾,受限,崭新出厂,37.50
MP5-SD | 秋季方巾 (久经沙场),MP5-SD | 秋季方巾,受限,久经沙场,17.00
MP5-SD | 秋季方巾 (破损不堪),MP5-SD | 秋季方巾,受限,破损不堪,18.66
MP5-SD | 秋季方巾 (战痕累累),MP5-SD | 秋季方巾,受限,战痕累累,42.00
MP5-SD | 秋季方巾 (略有磨损),MP5-SD | 秋季方巾,受限,略有磨损,20.20
折刀（★ StatTrak™） | 致命紫罗兰 (久经沙场),折刀（★ StatTrak™） | 致命紫罗兰,隐秘,久经沙场,808.00
折刀（★ StatTrak™） | 致命紫罗兰 (破损不堪),折刀（★ StatTrak™） | 致命紫罗兰,隐秘,破损不堪,
折刀（★ StatTrak™） | 致命紫罗兰 (战痕累累),折刀（★ StatTrak™） | 致命紫罗兰,隐秘,战痕累累,
折刀（★ StatTrak™） | 致命紫罗兰 (略有磨损),折刀（★ StatTrak™） | 致命紫罗兰,隐秘,略有磨损,1295.96
Tec-9 | 黄铜 (崭新出厂),Tec-9 | 黄铜,军规级,崭新出厂,366.00
Tec-9 | 黄铜 (久经沙场),Tec-9 | 黄铜,军规级,久经沙场,12.80
Tec-9 | 黄铜 (破损不堪),Tec-9 | 黄铜,军规级,破损不堪,
Tec-9 | 黄铜 (战痕累累),Tec-9 | 黄铜,军规级,战痕累累,16.80
Tec-9 | 黄铜 (略有磨损),Tec-9 | 黄铜,军规级,略有磨损,27.61
法玛斯 | 退役 (崭新出厂),法玛斯 | 退役,军规级,崭新出厂,3.66
法玛斯 | 退役 (久经沙场),法玛斯 | 退役,军规级,久经沙场,0.88
法玛斯 | 退役 (破损不堪),法玛斯 | 退役,军规级,破损不堪,1.42
法玛斯 | 退役 (战痕累累),法玛斯 | 退役,军规级,战痕累累,0.71
法玛斯 | 退役 (略有磨损),法玛斯 | 退役,军规级,略有磨损,1.02
P90（纪念品） | 解视图 (崭新出厂),P90（纪念品） | 解视图,军规级,崭新出厂,25.00
P90（纪念品） | 解视图 (久经沙场),P90（纪念品） | 解视图,军规级,久经沙场,5.67
P90（纪念品） | 解视图 (破损不堪),P90（纪念品） | 解视图,军规级,破损不堪,24.00
P90（纪念品） | 解视图 (战痕累累),P90（纪念品） | 解视图,军规级,战痕累累,9.90
P90（纪念品） | 解视图 (略有磨损),P90（纪念品） | 解视图,军规级,略有磨损,15.99
M4A1 消音型（StatTrak™） | 次时代 (崭新出厂),M4A1 消音型（StatTrak™） | 次时代,隐秘,崭新出厂,737.00
M4A1 消音型（StatTrak™） | 次时代 (久经沙场),M4A1 消音型（StatTrak™） | 次时代,隐秘,久经沙场,318.73
M4A1 消音型（StatTrak™） | 次时代 (破损不堪),M4A1 消音型（StatTrak™） | 次时代,隐秘,破损不堪,
M4A1 消音型（StatTrak™） | 次时代 (战痕累累),M4A1 消音型（StatTrak™） | 次时代,隐秘,战痕累累,666.00
M4A1 消音型（StatTrak™） | 次时代 (略有磨损),M4A1 消音型（StatTrak™） | 次时代,隐秘,略有磨损,510.00
穿肠刀（★） | 蓝钢 (崭新出厂),穿肠刀（★） | 蓝钢,隐秘,崭新出厂,1250.00
穿肠刀（★） | 蓝钢 (久经沙场),穿肠刀（★） | 蓝钢,隐秘,久经沙场,920.00
穿肠刀（★） | 蓝钢 (破损不堪),穿肠刀（★） | 蓝钢,隐秘,破损不堪,840.00
穿肠刀（★） | 蓝钢 (战痕累累),穿肠刀（★） | 蓝钢,隐秘,战痕累累,820.00
穿肠刀（★） | 蓝钢 (略有磨损),穿肠刀（★） | 蓝钢,隐秘,略有磨损,930.00
USP 消音版（StatTrak™） | 血虎 (崭新出厂),USP 消音版（StatTrak™） | 血虎,军规级,崭新出厂,76.36
USP 消音版（StatTrak™） | 血虎 (久经沙场),USP 消音版（StatTrak™） | 血虎,军规级,久经沙场,50.00
USP 消音版（StatTrak™） | 血虎 (略有磨损),USP 消音版（StatTrak™） | 血虎,军规级,略有磨损,27.32
法玛斯 | 喵喵36 (崭新出厂),法玛斯 | 喵喵36,军规级,崭新出厂,3.36
法玛斯 | 喵喵36 (久经沙场),法玛斯 | 喵喵36,军规级,久经沙场,0.72
法玛斯 | 喵喵36 (破损不堪),法玛斯 | 喵喵36,军规级,破损不堪,0.71
法玛斯 | 喵喵36 (战痕累累),法玛斯 | 喵喵36,军规级,战痕累累,0.48
法玛斯 | 喵喵36 (略有磨损),法玛斯 | 喵喵36,军规级,略有磨损,1.01
MP7 | 硝烟 (崭新出厂),MP7 | 硝烟,工业级,崭新出厂,
MP7 | 硝烟 (久经沙场),MP7 | 硝烟,工业级,久经沙场,7.10
MP7 | 硝烟 (破损不堪),MP7 | 硝烟,工业级,破损不堪,13.52
MP7 | 硝烟 (战痕累累),MP7 | 硝烟,工业级,战痕累累,
MP7 | 硝烟 (略有磨损),MP7 | 硝烟,工业级,略有磨损,19.40
AK-47（纪念品） | 黑色层压板 (崭新出厂),AK-47（纪念品） | 黑色层压板,军规级,崭新出厂,
AK-47（纪念品） | 黑色层压板 (久经沙场),AK-47（纪念品） | 黑色层压板,军规级,久经沙场,218.00
AK-47（纪念品） | 黑色层压板 (破损不堪),AK-47（纪念品） | 黑色层压板,军规级,破损不堪,250.00
AK-47（纪念品） | 黑色层压板 (战痕累累),AK-47（纪念品） | 黑色层压板,军规级,战痕累累,176.80
AK-47（纪念品） | 黑色层压板 (略有磨损),AK-47（纪念品） | 黑色层压板,军规级,略有磨损,579.00
熊刀（★） | 枯焦之色 (崭新出厂),熊刀（★） | 枯焦之色,隐秘,崭新出厂,1700.00
熊刀（★） | 枯焦之色 (久经沙场),熊刀（★） | 枯焦之色,隐秘,久经沙场,943.00
熊刀（★） | 枯焦之色 (破损不堪),熊刀（★） | 枯焦之色,隐秘,破损不堪,999.00
熊刀（★） | 枯焦之色 (战痕累累),熊刀（★） | 枯焦之色,隐秘,战痕累累,905.00
熊刀（★） | 枯焦之色 (略有磨损),熊刀（★） | 枯焦之色,隐秘,略有磨损,1015.00
AK-47 | 红线 (久经沙场),AK-47 | 红线,保密,久经沙场,129.80
AK-47 | 红线 (破损不堪),AK-47 | 红线,保密,破损不堪,105.00
AK-47 | 红线 (战痕累累),AK-47 | 红线,保密,战痕累累,93.00
AK-47 | 红线 (略有磨损),AK-47 | 红线,保密,略有磨损,577.00
Tec-9 | 竹林 (崭新出厂),Tec-9 | 竹林,消费级,崭新出厂,49.90
Tec-9 | 竹林 (久经沙场),Tec-9 | 竹林,消费级,久经沙场,15.24
Tec-9 | 竹林 (破损不堪),Tec-9 | 竹林,消费级,破损不堪,24.00
Tec-9 | 竹林 (战痕累累),Tec-9 | 竹林,消费级,战痕累累,16.63
Tec-9 | 竹林 (略有磨损),Tec-9 | 竹林,消费级,略有磨损,26.94
MAC-10 | 都市 DDPAT (崭新出厂),MAC-10 | 都市 DDPAT,消费级,崭新出厂,200.00
MAC-10 | 都市 DDPAT (久经沙场),MAC-10 | 都市 DDPAT,消费级,久经沙场,15.00
MAC-10 | 都市 DDPAT (破损不堪),MAC-10 | 都市 DDPAT,消费级,破损不堪,
MAC-10 | 都市 DDPAT (战痕累累),MAC-10 | 都市 DDPAT,消费级,战痕累累,
MAC-10 | 都市 DDPAT (略有磨损),MAC-10 | 都市 DDPAT,消费级,略有磨损,20.00
求生匕首（★） | 都市伪装 (崭新出厂),求生匕首（★） | 都市伪装,隐秘,崭新出厂,2000.00
求生匕首（★） | 都市伪装 (久经沙场),求生匕首（★） | 都市伪装,隐秘,久经沙场,869.78
求生匕首（★） | 都市伪装 (破损不堪),求生匕首（★） | 都市伪装,隐秘,破损不堪,
求生匕首（★） | 都市伪装 (战痕累累),求生匕首（★） | 都市伪装,隐秘,战痕累累,900.00
求生匕首（★） | 都市伪装 (略有磨损),求生匕首（★） | 都市伪装,隐秘,略有磨损,1050.00
SCAR-20 | 仓库突击 (崭新出厂),SCAR-20 | 仓库突击,军规级,崭新出厂,2.76
SCAR-20 | 仓库突击 (久经沙场),SCAR-20 | 仓库突击,军规级,久经沙场,0.62
SCAR-20 | 仓库突击 (破损不堪),SCAR-20 | 仓库突击,军规级,破损不堪,0.89
SCAR-20 | 仓库突击 (战痕累累),SCAR-20 | 仓库突击,军规级,战痕累累,0.92
SCAR-20 | 仓库突击 (略有磨损),SCAR-20 | 仓库突击,军规级,略有磨损,1.27
SCAR-20（StatTrak™） | 次时代 (崭新出厂),SCAR-20（StatTrak™） | 次时代,保密,崭新出厂,
SCAR-20（StatTrak™） | 次时代 (久经沙场),SCAR-20（StatTrak™） | 次时代,保密,久经沙场,
SCAR-20（StatTrak™） | 次时代 (破损不堪),SCAR-20（StatTrak™） | 次时代,保密,破损不堪,
SCAR-20（StatTrak™） | 次时代 (战痕累累),SCAR-20（StatTrak™） | 次时代,保密,战痕累累,
SCAR-20（StatTrak™） | 次时代 (略有磨损),SCAR-20（StatTrak™） | 次时代,保密,略有磨损,625.00
USP 消音版（StatTrak™） | 地狱门票 (崭新出厂),USP 消音版（StatTrak™） | 地狱门票,受限,崭新出厂,66.89
USP 消音版（StatTrak™） | 地狱门票 (久经沙场),USP 消音版（StatTrak™） | 地狱门票,受限,久经沙场,11.63
USP 消音版（StatTrak™） | 地狱门票 (破损不堪),USP 消音版（StatTrak™） | 地狱门票,受限,破损不堪,23.00
USP 消音版（StatTrak™） | 地狱门票 (战痕累累),USP 消音版（StatTrak™） | 地狱门票,受限,战痕累累,9.59
USP 消音版（StatTrak™） | 地狱门票 (略有磨损),USP 消音版（StatTrak™） | 地狱门票,受限,略有磨损,26.63
AUG | 汤姆猫 (崭新出厂),AUG | 汤姆猫,军规级,崭新出厂,2.20
AUG | 汤姆猫 (久经沙场),AUG | 汤姆猫,军规级,久经沙场,0.39
AUG | 汤姆猫 (破损不堪),AUG | 汤姆猫,军规级,破损不堪,0.58
AUG | 汤姆猫 (战痕累累),AUG | 汤姆猫,军规级,战痕累累,0.43
AUG | 汤姆猫 (略有磨损),AUG | 汤姆猫,军规级,略有磨损,0.95
MP7（StatTrak™） | 权力之心 (崭新出厂),MP7（StatTrak™） | 权力之心,受限,崭新出厂,55.34
MP7（StatTrak™） | 权力之心 (久经沙场),MP7（StatTrak™） | 权力之心,受限,久经沙场,8.39
MP7（StatTrak™） | 权力之心 (破损不堪),MP7（StatTrak™） | 权力之心,受限,破损不堪,14.00
MP7（StatTrak™） | 权力之心 (战痕累累),MP7（StatTrak™） | 权力之心,受限,战痕累累,8.50
MP7（StatTrak™） | 权力之心 (略有磨损),MP7（StatTrak™） | 权力之心,受限,略有磨损,19.82
弯刀（★） | 黑色层压板 (崭新出厂),弯刀（★） | 黑色层压板,隐秘,崭新出厂,1500.00
弯刀（★） | 黑色层压板 (久经沙场),弯刀（★） | 黑色层压板,隐秘,久经沙场,946.00
弯刀（★） | 黑色层压板 (破损不堪),弯刀（★） | 黑色层压板,隐秘,破损不堪,900.00
弯刀（★） | 黑色层压板 (战痕累累),弯刀（★） | 黑色层压板,隐秘,战痕累累,897.95
弯刀（★） | 黑色层压板 (略有磨损),弯刀（★） | 黑色层压板,隐秘,略有磨损,1088.88
AWP（StatTrak™） | 无畏战神 (久经沙场),AWP（StatTrak™） | 无畏战神,隐秘,久经沙场,520.20
AWP（StatTrak™） | 无畏战神 (略有磨损),AWP（StatTrak™） | 无畏战神,隐秘,略有磨损,610.00
PP-野牛 | 路霸 (崭新出厂),PP-野牛 | 路霸,受限,崭新出厂,43.00
PP-野牛 | 路霸 (久经沙场),PP-野牛 | 路霸,受限,久经沙场,10.78
PP-野牛 | 路霸 (破损不堪),PP-野牛 | 路霸,受限,破损不堪,7.80
PP-野牛 | 路霸 (战痕累累),PP-野牛 | 路霸,受限,战痕累累,9.24
PP-野牛 | 路霸 (略有磨损),PP-野牛 | 路霸,受限,略有磨损,19.70
R8 左轮手枪 | 美洲驼炮 (崭新出厂),R8 左轮手枪 | 美洲驼炮,保密,崭新出厂,80.00
R8 左轮手枪 | 美洲驼炮 (久经沙场),R8 左轮手枪 | 美洲驼炮,保密,久经沙场,17.30
R8 左轮手枪 | 美洲驼炮 (破损不堪),R8 左轮手枪 | 美洲驼炮,保密,破损不堪,17.60
R8 左轮手枪 | 美洲驼炮 (战痕累累),R8 左轮手枪 | 美洲驼炮,保密,战痕累累,13.05
R8 左轮手枪 | 美洲驼炮 (略有磨损),R8 左轮手枪 | 美洲驼炮,保密,略有磨损,32.20
熊刀（★） | 狩猎网格 (崭新出厂),熊刀（★） | 狩猎网格,隐秘,崭新出厂,2666.00
熊刀（★） | 狩猎网格 (久经沙场),熊刀（★） | 狩猎网格,隐秘,久经沙场,913.89
熊刀（★） | 狩猎网格 (破损不堪),熊刀（★） | 狩猎网格,隐秘,破损不堪,955.00
熊刀（★） | 狩猎网格 (战痕累累),熊刀（★） | 狩猎网格,隐秘,战痕累累,928.80
熊刀（★） | 狩猎网格 (略有磨损),熊刀（★） | 狩猎网格,隐秘,略有磨损,977.88
加利尔 AR | 毁灭者 (崭新出厂),加利尔 AR | 毁灭者,军规级,崭新出厂,1.91
加利尔 AR | 毁灭者 (久经沙场),加利尔 AR | 毁灭者,军规级,久经沙场,0.60
加利尔 AR | 毁灭者 (破损不堪),加利尔 AR | 毁灭者,军规级,破损不堪,0.65
加利尔 AR | 毁灭者 (战痕累累),加利尔 AR | 毁灭者,军规级,战痕累累,0.48
加利尔 AR | 毁灭者 (略有磨损),加利尔 AR | 毁灭者,军规级,略有磨损,1.47
MP9（StatTrak™） | 红宝石毒镖 (崭新出厂),MP9（StatTrak™） | 红宝石毒镖,受限,崭新出厂,38.88
MP9（StatTrak™） | 红宝石毒镖 (久经沙场),MP9（StatTrak™） | 红宝石毒镖,受限,久经沙场,13.36
MP9（StatTrak™） | 红宝石毒镖 (破损不堪),MP9（StatTrak™） | 红宝石毒镖,受限,破损不堪,33.56
MP9（StatTrak™） | 红宝石毒镖 (战痕累累),MP9（StatTrak™） | 红宝石毒镖,受限,战痕累累,
MP9（StatTrak™） | 红宝石毒镖 (略有磨损),MP9（StatTrak™） | 红宝石毒镖,受限,略有磨损,21.00
M4A1 消音型（StatTrak™） | 二号玩家 (崭新出厂),M4A1 消音型（StatTrak™） | 二号玩家,隐秘,崭新出厂,1699.00
M4A1 消音型（StatTrak™） | 二号玩家 (久经沙场),M4A1 消音型（StatTrak™） | 二号玩家,隐秘,久经沙场,311.61
M4A1 消音型（StatTrak™） | 二号玩家 (破损不堪),M4A1 消音型（StatTrak™） | 二号玩家,隐秘,破损不堪,
M4A1 消音型（StatTrak™） | 二号玩家 (战痕累累),M4A1 消音型（StatTrak™） | 二号玩家,隐秘,战痕累累,300.00
M4A1 消音型（StatTrak™） | 二号玩家 (略有磨损),M4A1 消音型（StatTrak™） | 二号玩家,隐秘,略有磨损,638.99
FN57（StatTrak™） | 朝枪夕拾 (崭新出厂),FN57（StatTrak™） | 朝枪夕拾,受限,崭新出厂,55.00
FN57（StatTrak™） | 朝枪夕拾 (久经沙场),FN57（StatTrak™） | 朝枪夕拾,受限,久经沙场,12.20
FN57（StatTrak™） | 朝枪夕拾 (破损不堪),FN57（StatTrak™） | 朝枪夕拾,受限,破损不堪,10.00
FN57（StatTrak™） | 朝枪夕拾 (战痕累累),FN57（StatTrak™） | 朝枪夕拾,受限,战痕累累,8.00
FN57（StatTrak™） | 朝枪夕拾 (略有磨损),FN57（StatTrak™） | 朝枪夕拾,受限,略有磨损,28.20
P250 | 暗之镂刻 (崭新出厂),P250 | 暗之镂刻,工业级,崭新出厂,35.58
P250 | 暗之镂刻 (久经沙场),P250 | 暗之镂刻,工业级,久经沙场,25.16
P250 | 暗之镂刻 (破损不堪),P250 | 暗之镂刻,工业级,破损不堪,39.00
P250 | 暗之镂刻 (战痕累累),P250 | 暗之镂刻,工业级,战痕累累,100.00
P250 | 暗之镂刻 (略有磨损),P250 | 暗之镂刻,工业级,略有磨损,27.46
MAC-10（StatTrak™） | 绝界之行 (崭新出厂),MAC-10（StatTrak™） | 绝界之行,受限,崭新出厂,48.22
MAC-10（StatTrak™） | 绝界之行 (久经沙场),MAC-10（StatTrak™） | 绝界之行,受限,久经沙场,14.71
MAC-10（StatTrak™） | 绝界之行 (破损不堪),MAC-10（StatTrak™） | 绝界之行,受限,破损不堪,14.74
MAC-10（StatTrak™） | 绝界之行 (战痕累累),MAC-10（StatTrak™） | 绝界之行,受限,战痕累累,18.53
MAC-10（StatTrak™） | 绝界之行 (略有磨损),MAC-10（StatTrak™） | 绝界之行,受限,略有磨损,22.67
M4A1 消音型 | 金蛇缠绕 (崭新出厂),M4A1 消音型 | 金蛇缠绕,隐秘,崭新出厂,1240.27
M4A1 消音型 | 金蛇缠绕 (久经沙场),M4A1 消音型 | 金蛇缠绕,隐秘,久经沙场,343.00
M4A1 消音型 | 金蛇缠绕 (破损不堪),M4A1 消音型 | 金蛇缠绕,隐秘,破损不堪,255.97
M4A1 消音型 | 金蛇缠绕 (战痕累累),M4A1 消音型 | 金蛇缠绕,隐秘,战痕累累,171.46
M4A1 消音型 | 金蛇缠绕 (略有磨损),M4A1 消音型 | 金蛇缠绕,隐秘,略有磨损,600.00
AUG | 三角战术 (崭新出厂),AUG | 三角战术,军规级,崭新出厂,3.57
AUG | 三角战术 (久经沙场),AUG | 三角战术,军规级,久经沙场,1.80
AUG | 三角战术 (破损不堪),AUG | 三角战术,军规级,破损不堪,0.32
AUG | 三角战术 (战痕累累),AUG | 三角战术,军规级,战痕累累,0.36
AUG | 三角战术 (略有磨损),AUG | 三角战术,军规级,略有磨损,0.94
P2000 | 至尊威龙 (崭新出厂),P2000 | 至尊威龙,保密,崭新出厂,53.36
P2000 | 至尊威龙 (久经沙场),P2000 | 至尊威龙,保密,久经沙场,17.00
P2000 | 至尊威龙 (破损不堪),P2000 | 至尊威龙,保密,破损不堪,23.00
P2000 | 至尊威龙 (战痕累累),P2000 | 至尊威龙,保密,战痕累累,19.61
P2000 | 至尊威龙 (略有磨损),P2000 | 至尊威龙,保密,略有磨损,27.90
鲍伊猎刀（★） | 都市伪装 (崭新出厂),鲍伊猎刀（★） | 都市伪装,隐秘,崭新出厂,
鲍伊猎刀（★） | 都市伪装 (久经沙场),鲍伊猎刀（★） | 都市伪装,隐秘,久经沙场,840.00
鲍伊猎刀（★） | 都市伪装 (破损不堪),鲍伊猎刀（★） | 都市伪装,隐秘,破损不堪,
鲍伊猎刀（★） | 都市伪装 (战痕累累),鲍伊猎刀（★） | 都市伪装,隐秘,战痕累累,
鲍伊猎刀（★） | 都市伪装 (略有磨损),鲍伊猎刀（★） | 都市伪装,隐秘,略有磨损,1000.00
AUG（纪念品） | 雇佣兵 (崭新出厂),AUG（纪念品） | 雇佣兵,消费级,崭新出厂,
AUG（纪念品） | 雇佣兵 (久经沙场),AUG（纪念品） | 雇佣兵,消费级,久经沙场,599.00
AUG（纪念品） | 雇佣兵 (破损不堪),AUG（纪念品） | 雇佣兵,消费级,破损不堪,2022.00
AUG（纪念品） | 雇佣兵 (战痕累累),AUG（纪念品） | 雇佣兵,消费级,战痕累累,
AUG（纪念品） | 雇佣兵 (略有磨损),AUG（纪念品） | 雇佣兵,消费级,略有磨损,648.20
加利尔 AR | 冰核聚变 (崭新出厂),加利尔 AR | 冰核聚变,工业级,崭新出厂,2.66
加利尔 AR | 冰核聚变 (久经沙场),加利尔 AR | 冰核聚变,工业级,久经沙场,0.73
加利尔 AR | 冰核聚变 (破损不堪),加利尔 AR | 冰核聚变,工业级,破损不堪,1.30
加利尔 AR | 冰核聚变 (战痕累累),加利尔 AR | 冰核聚变,工业级,战痕累累,0.72
加利尔 AR | 冰核聚变 (略有磨损),加利尔 AR | 冰核聚变,工业级,略有磨损,1.51
猎杀者匕首（★） | 森林 DDPAT (崭新出厂),猎杀者匕首（★） | 森林 DDPAT,隐秘,崭新出厂,
猎杀者匕首（★） | 森林 DDPAT (久经沙场),猎杀者匕首（★） | 森林 DDPAT,隐秘,久经沙场,
猎杀者匕首（★） | 森林 DDPAT (破损不堪),猎杀者匕首（★） | 森林 DDPAT,隐秘,破损不堪,
猎杀者匕首（★） | 森林 DDPAT (战痕累累),猎杀者匕首（★） | 森林 DDPAT,隐秘,战痕累累,855.00
猎杀者匕首（★） | 森林 DDPAT (略有磨损),猎杀者匕首（★） | 森林 DDPAT,隐秘,略有磨损,1200.00
MP9 | 富士山 (崭新出厂),MP9 | 富士山,受限,崭新出厂,42.00
MP9 | 富士山 (久经沙场),MP9 | 富士山,受限,久经沙场,8.80
MP9 | 富士山 (破损不堪),MP9 | 富士山,受限,破损不堪,9.53
MP9 | 富士山 (战痕累累),MP9 | 富士山,受限,战痕累累,8.49
MP9 | 富士山 (略有磨损),MP9 | 富士山,受限,略有磨损,21.15
AK-47（StatTrak™） | 抽象派 1337 (崭新出厂),AK-47（StatTrak™） | 抽象派 1337,隐秘,崭新出厂,1199.00
AK-47（StatTrak™） | 抽象派 1337 (久经沙场),AK-47（StatTrak™） | 抽象派 1337,隐秘,久经沙场,390.00
AK-47（StatTrak™） | 抽象派 1337 (破损不堪),AK-47（StatTrak™） | 抽象派 1337,隐秘,破损不堪,
AK-47（StatTrak™） | 抽象派 1337 (战痕累累),AK-47（StatTrak™） | 抽象派 1337,隐秘,战痕累累,
AK-47（StatTrak™） | 抽象派 1337 (略有磨损),AK-47（StatTrak™） | 抽象派 1337,隐秘,略有磨损,616.00
SG 553 | 重金属摇滚 (崭新出厂),SG 553 | 重金属摇滚,军规级,崭新出厂,3.12
SG 553 | 重金属摇滚 (久经沙场),SG 553 | 重金属摇滚,军规级,久经沙场,0.97
SG 553 | 重金属摇滚 (破损不堪),SG 553 | 重金属摇滚,军规级,破损不堪,0.54
SG 553 | 重金属摇滚 (战痕累累),SG 553 | 重金属摇滚,军规级,战痕累累,0.53
SG 553 | 重金属摇滚 (略有磨损),SG 553 | 重金属摇滚,军规级,略有磨损,1.12
双持贝瑞塔（StatTrak™） | 黑豹 (崭新出厂),双持贝瑞塔（StatTrak™） | 黑豹,军规级,崭新出厂,61.55
双持贝瑞塔（StatTrak™） | 黑豹 (久经沙场),双持贝瑞塔（StatTrak™） | 黑豹,军规级,久经沙场,60.00
双持贝瑞塔（StatTrak™） | 黑豹 (破损不堪),双持贝瑞塔（StatTrak™） | 黑豹,军规级,破损不堪,
双持贝瑞塔（StatTrak™） | 黑豹 (战痕累累),双持贝瑞塔（StatTrak™） | 黑豹,军规级,战痕累累,39.00
双持贝瑞塔（StatTrak™） | 黑豹 (略有磨损),双持贝瑞塔（StatTrak™） | 黑豹,军规级,略有磨损,30.00
海豹短刀（★） | 狩猎网格 (崭新出厂),海豹短刀（★） | 狩猎网格,隐秘,崭新出厂,1900.00
海豹短刀（★） | 狩猎网格 (久经沙场),海豹短刀（★） | 狩猎网格,隐秘,久经沙场,994.00
海豹短刀（★） | 狩猎网格 (破损不堪),海豹短刀（★） | 狩猎网格,隐秘,破损不堪,1075.00
海豹短刀（★） | 狩猎网格 (战痕累累),海豹短刀（★） | 狩猎网格,隐秘,战痕累累,1013.96
海豹短刀（★） | 狩猎网格 (略有磨损),海豹短刀（★） | 狩猎网格,隐秘,略有磨损,1040.92
G3SG1 | 多变迷彩 (崭新出厂),G3SG1 | 多变迷彩,工业级,崭新出厂,1.75
G3SG1 | 多变迷彩 (久经沙场),G3SG1 | 多变迷彩,工业级,久经沙场,0.81
G3SG1 | 多变迷彩 (破损不堪),G3SG1 | 多变迷彩,工业级,破损不堪,2.59
G3SG1 | 多变迷彩 (战痕累累),G3SG1 | 多变迷彩,工业级,战痕累累,1.03
G3SG1 | 多变迷彩 (略有磨损),G3SG1 | 多变迷彩,工业级,略有磨损,1.85
MP5-SD（StatTrak™） | 探员 (崭新出厂),MP5-SD（StatTrak™） | 探员,受限,崭新出厂,119.26
MP5-SD（StatTrak™） | 探员 (久经沙场),MP5-SD（StatTrak™） | 探员,受限,久经沙场,12.88
MP5-SD（StatTrak™） | 探员 (破损不堪),MP5-SD（StatTrak™） | 探员,受限,破损不堪,8.88
MP5-SD（StatTrak™） | 探员 (战痕累累),MP5-SD（StatTrak™） | 探员,受限,战痕累累,9.53
MP5-SD（StatTrak™） | 探员 (略有磨损),MP5-SD（StatTrak™） | 探员,受限,略有磨损,24.00
AWP | 野火 (崭新出厂),AWP | 野火,隐秘,崭新出厂,1163.47
AWP | 野火 (久经沙场),AWP | 野火,隐秘,久经沙场,418.96
AWP | 野火 (破损不堪),AWP | 野火,隐秘,破损不堪,390.00
AWP | 野火 (战痕累累),AWP | 野火,隐秘,战痕累累,230.00
AWP | 野火 (略有磨损),AWP | 野火,隐秘,略有磨损,643.99
SSG 08 | 掠夺者 (崭新出厂),SSG 08 | 掠夺者,消费级,崭新出厂,2.47
SSG 08 | 掠夺者 (久经沙场),SSG 08 | 掠夺者,消费级,久经沙场,0.97
SSG 08 | 掠夺者 (破损不堪),SSG 08 | 掠夺者,消费级,破损不堪,1.34
SSG 08 | 掠夺者 (战痕累累),SSG 08 | 掠夺者,消费级,战痕累累,4.76
SSG 08 | 掠夺者 (略有磨损),SSG 08 | 掠夺者,消费级,略有磨损,1.19
猎杀者匕首（★） | 狩猎网格 (崭新出厂),猎杀者匕首（★） | 狩猎网格,隐秘,崭新出厂,
猎杀者匕首（★） | 狩猎网格 (久经沙场),猎杀者匕首（★） | 狩猎网格,隐秘,久经沙场,870.00
猎杀者匕首（★） | 狩猎网格 (破损不堪),猎杀者匕首（★） | 狩猎网格,隐秘,破损不堪,
猎杀者匕首（★） | 狩猎网格 (战痕累累),猎杀者匕首（★） | 狩猎网格,隐秘,战痕累累,850.00
猎杀者匕首（★） | 狩猎网格 (略有磨损),猎杀者匕首（★） | 狩猎网格,隐秘,略有磨损,980.00
P90（StatTrak™） | 沙漠战争 (崭新出厂),P90（StatTrak™） | 沙漠战争,军规级,崭新出厂,97.97
P90（StatTrak™） | 沙漠战争 (久经沙场),P90（StatTrak™） | 沙漠战争,军规级,久经沙场,15.68
P90（StatTrak™） | 沙漠战争 (破损不堪),P90（StatTrak™） | 沙漠战争,军规级,破损不堪,
P90（StatTrak™） | 沙漠战争 (战痕累累),P90（StatTrak™） | 沙漠战争,军规级,战痕累累,
P90（StatTrak™） | 沙漠战争 (略有磨损),P90（StatTrak™） | 沙漠战争,军规级,略有磨损,22.03
FN57（StatTrak™） | 同步力场 (崭新出厂),FN57（StatTrak™） | 同步力场,受限,崭新出厂,59.90
FN57（StatTrak™） | 同步力场 (久经沙场),FN57（StatTrak™） | 同步力场,受限,久经沙场,20.00
FN57（StatTrak™） | 同步力场 (破损不堪),FN57（StatTrak™） | 同步力场,受限,破损不堪,18.40
FN57（StatTrak™） | 同步力场 (略有磨损),FN57（StatTrak™） | 同步力场,受限,略有磨损,37.32
海豹短刀（★） | 森林 DDPAT (崭新出厂),海豹短刀（★） | 森林 DDPAT,隐秘,崭新出厂,
海豹短刀（★） | 森林 DDPAT (久经沙场),海豹短刀（★） | 森林 DDPAT,隐秘,久经沙场,1008.88
海豹短刀（★） | 森林 DDPAT (破损不堪),海豹短刀（★） | 森林 DDPAT,隐秘,破损不堪,1199.00
海豹短刀（★） | 森林 DDPAT (战痕累累),海豹短刀（★） | 森林 DDPAT,隐秘,战痕累累,997.49
海豹短刀（★） | 森林 DDPAT (略有磨损),海豹短刀（★） | 森林 DDPAT,隐秘,略有磨损,1140.00
AWP（StatTrak™） | 电子蜂巢 (崭新出厂),AWP（StatTrak™） | 电子蜂巢,保密,崭新出厂,831.00
AWP（StatTrak™） | 电子蜂巢 (久经沙场),AWP（StatTrak™） | 电子蜂巢,保密,久经沙场,370.00
AWP（StatTrak™） | 电子蜂巢 (破损不堪),AWP（StatTrak™） | 电子蜂巢,保密,破损不堪,
AWP（StatTrak™） | 电子蜂巢 (略有磨损),AWP（StatTrak™） | 电子蜂巢,保密,略有磨损,638.00
AUG | 众枪之的 (崭新出厂),AUG | 众枪之的,工业级,崭新出厂,6.57
AUG | 众枪之的 (久经沙场),AUG | 众枪之的,工业级,久经沙场,0.85
AUG | 众枪之的 (破损不堪),AUG | 众枪之的,工业级,破损不堪,1.10
AUG | 众枪之的 (战痕累累),AUG | 众枪之的,工业级,战痕累累,0.84
AUG | 众枪之的 (略有磨损),AUG | 众枪之的,工业级,略有磨损,1.45
P90（StatTrak™） | 给爷冲 (崭新出厂),P90（StatTrak™） | 给爷冲,受限,崭新出厂,43.00
P90（StatTrak™） | 给爷冲 (久经沙场),P90（StatTrak™） | 给爷冲,受限,久经沙场,12.00
P90（StatTrak™） | 给爷冲 (破损不堪),P90（StatTrak™） | 给爷冲,受限,破损不堪,9.18
P90（StatTrak™） | 给爷冲 (战痕累累),P90（StatTrak™） | 给爷冲,受限,战痕累累,7.20
P90（StatTrak™） | 给爷冲 (略有磨损),P90（StatTrak™） | 给爷冲,受限,略有磨损,20.00
Tec-9（StatTrak™） | 艾萨克 (崭新出厂),Tec-9（StatTrak™） | 艾萨克,军规级,崭新出厂,168.16
Tec-9（StatTrak™） | 艾萨克 (久经沙场),Tec-9（StatTrak™） | 艾萨克,军规级,久经沙场,17.45
Tec-9（StatTrak™） | 艾萨克 (破损不堪),Tec-9（StatTrak™） | 艾萨克,军规级,破损不堪,15.62
Tec-9（StatTrak™） | 艾萨克 (战痕累累),Tec-9（StatTrak™） | 艾萨克,军规级,战痕累累,15.00
Tec-9（StatTrak™） | 艾萨克 (略有磨损),Tec-9（StatTrak™） | 艾萨克,军规级,略有磨损,32.00
海豹短刀（★） | 都市伪装 (崭新出厂),海豹短刀（★） | 都市伪装,隐秘,崭新出厂,
海豹短刀（★） | 都市伪装 (久经沙场),海豹短刀（★） | 都市伪装,隐秘,久经沙场,1010.88
海豹短刀（★） | 都市伪装 (破损不堪),海豹短刀（★） | 都市伪装,隐秘,破损不堪,1100.00
海豹短刀（★） | 都市伪装 (战痕累累),海豹短刀（★） | 都市伪装,隐秘,战痕累累,1009.98
海豹短刀（★） | 都市伪装 (略有磨损),海豹短刀（★） | 都市伪装,隐秘,略有磨损,1128.85
加利尔 AR（纪念品） | 地狱看门犬 (崭新出厂),加利尔 AR（纪念品） | 地狱看门犬,受限,崭新出厂,3836.00
加利尔 AR（纪念品） | 地狱看门犬 (久经沙场),加利尔 AR（纪念品） | 地狱看门犬,受限,久经沙场,249.00
加利尔 AR（纪念品） | 地狱看门犬 (破损不堪),加利尔 AR（纪念品） | 地狱看门犬,受限,破损不堪,299.88
加利尔 AR（纪念品） | 地狱看门犬 (战痕累累),加利尔 AR（纪念品） | 地狱看门犬,受限,战痕累累,196.70
加利尔 AR（纪念品） | 地狱看门犬 (略有磨损),加利尔 AR（纪念品） | 地狱看门犬,受限,略有磨损,620.00
Tec-9 | 燃料喷射器 (崭新出厂),Tec-9 | 燃料喷射器,保密,崭新出厂,92.54
Tec-9 | 燃料喷射器 (久经沙场),Tec-9 | 燃料喷射器,保密,久经沙场,17.18
Tec-9 | 燃料喷射器 (破损不堪),Tec-9 | 燃料喷射器,保密,破损不堪,14.00
Tec-9 | 燃料喷射器 (战痕累累),Tec-9 | 燃料喷射器,保密,战痕累累,13.87
Tec-9 | 燃料喷射器 (略有磨损),Tec-9 | 燃料喷射器,保密,略有磨损,31.00
SCAR-20 | 丛林爆发 (崭新出厂),SCAR-20 | 丛林爆发,军规级,崭新出厂,2.54
SCAR-20 | 丛林爆发 (久经沙场),SCAR-20 | 丛林爆发,军规级,久经沙场,0.87
SCAR-20 | 丛林爆发 (破损不堪),SCAR-20 | 丛林爆发,军规级,破损不堪,0.87
SCAR-20 | 丛林爆发 (战痕累累),SCAR-20 | 丛林爆发,军规级,战痕累累,0.81
SCAR-20 | 丛林爆发 (略有磨损),SCAR-20 | 丛林爆发,军规级,略有磨损,1.14
MAC-10（纪念品） | 紫青之色 (崭新出厂),MAC-10（纪念品） | 紫青之色,消费级,崭新出厂,168.00
MAC-10（纪念品） | 紫青之色 (久经沙场),MAC-10（纪念品） | 紫青之色,消费级,久经沙场,8.41
MAC-10（纪念品） | 紫青之色 (破损不堪),MAC-10（纪念品） | 紫青之色,消费级,破损不堪,16.39
MAC-10（纪念品） | 紫青之色 (战痕累累),MAC-10（纪念品） | 紫青之色,消费级,战痕累累,6.84
MAC-10（纪念品） | 紫青之色 (略有磨损),MAC-10（纪念品） | 紫青之色,消费级,略有磨损,23.32
CZ75（纪念品） | 氮化处理 (崭新出厂),CZ75（纪念品） | 氮化处理,军规级,崭新出厂,300.00
CZ75（纪念品） | 氮化处理 (久经沙场),CZ75（纪念品） | 氮化处理,军规级,久经沙场,5.24
CZ75（纪念品） | 氮化处理 (破损不堪),CZ75（纪念品） | 氮化处理,军规级,破损不堪,8.32
CZ75（纪念品） | 氮化处理 (战痕累累),CZ75（纪念品） | 氮化处理,军规级,战痕累累,5.43
CZ75（纪念品） | 氮化处理 (略有磨损),CZ75（纪念品） | 氮化处理,军规级,略有磨损,30.00
鲍伊猎刀（★） | 北方森林 (崭新出厂),鲍伊猎刀（★） | 北方森林,隐秘,崭新出厂,2000.00
鲍伊猎刀（★） | 北方森林 (久经沙场),鲍伊猎刀（★） | 北方森林,隐秘,久经沙场,1500.00
鲍伊猎刀（★） | 北方森林 (破损不堪),鲍伊猎刀（★） | 北方森林,隐秘,破损不堪,850.00
鲍伊猎刀（★） | 北方森林 (战痕累累),鲍伊猎刀（★） | 北方森林,隐秘,战痕累累,830.83
鲍伊猎刀（★） | 北方森林 (略有磨损),鲍伊猎刀（★） | 北方森林,隐秘,略有磨损,
G3SG1（纪念品） | 碧藤青翠 (崭新出厂),G3SG1（纪念品） | 碧藤青翠,军规级,崭新出厂,4.33
G3SG1（纪念品） | 碧藤青翠 (久经沙场),G3SG1（纪念品） | 碧藤青翠,军规级,久经沙场,0.98
G3SG1（纪念品） | 碧藤青翠 (破损不堪),G3SG1（纪念品） | 碧藤青翠,军规级,破损不堪,1.73
G3SG1（纪念品） | 碧藤青翠 (战痕累累),G3SG1（纪念品） | 碧藤青翠,军规级,战痕累累,2.80
G3SG1（纪念品） | 碧藤青翠 (略有磨损),G3SG1（纪念品） | 碧藤青翠,军规级,略有磨损,1.33
MP9 | 干旱季节 (崭新出厂),MP9 | 干旱季节,消费级,崭新出厂,
MP9 | 干旱季节 (久经沙场),MP9 | 干旱季节,消费级,久经沙场,30.00
MP9 | 干旱季节 (破损不堪),MP9 | 干旱季节,消费级,破损不堪,
MP9 | 干旱季节 (战痕累累),MP9 | 干旱季节,消费级,战痕累累,
MP9 | 干旱季节 (略有磨损),MP9 | 干旱季节,消费级,略有磨损,23.66
M4A4（StatTrak™） | 皇帝 (崭新出厂),M4A4（StatTrak™） | 皇帝,隐秘,崭新出厂,2847.99
M4A4（StatTrak™） | 皇帝 (久经沙场),M4A4（StatTrak™） | 皇帝,隐秘,久经沙场,222.10
M4A4（StatTrak™） | 皇帝 (破损不堪),M4A4（StatTrak™） | 皇帝,隐秘,破损不堪,
M4A4（StatTrak™） | 皇帝 (战痕累累),M4A4（StatTrak™） | 皇帝,隐秘,战痕累累,199.99
M4A4（StatTrak™） | 皇帝 (略有磨损),M4A4（StatTrak™） | 皇帝,隐秘,略有磨损,649.59
系绳匕首（★） | 森林 DDPAT (崭新出厂),系绳匕首（★） | 森林 DDPAT,隐秘,崭新出厂,1850.00
系绳匕首（★） | 森林 DDPAT (久经沙场),系绳匕首（★） | 森林 DDPAT,隐秘,久经沙场,816.00
系绳匕首（★） | 森林 DDPAT (破损不堪),系绳匕首（★） | 森林 DDPAT,隐秘,破损不堪,868.00
系绳匕首（★） | 森林 DDPAT (战痕累累),系绳匕首（★） | 森林 DDPAT,隐秘,战痕累累,790.00
系绳匕首（★） | 森林 DDPAT (略有磨损),系绳匕首（★） | 森林 DDPAT,隐秘,略有磨损,1029.90
G3SG1 | 橙光冲击 (崭新出厂),G3SG1 | 橙光冲击,军规级,崭新出厂,1.84
G3SG1 | 橙光冲击 (久经沙场),G3SG1 | 橙光冲击,军规级,久经沙场,0.54
G3SG1 | 橙光冲击 (破损不堪),G3SG1 | 橙光冲击,军规级,破损不堪,1.12
G3SG1 | 橙光冲击 (战痕累累),G3SG1 | 橙光冲击,军规级,战痕累累,9.68
G3SG1 | 橙光冲击 (略有磨损),G3SG1 | 橙光冲击,军规级,略有磨损,1.28
P2000（StatTrak™） | 黑曜石 (崭新出厂),P2000（StatTrak™） | 黑曜石,受限,崭新出厂,108.00
P2000（StatTrak™） | 黑曜石 (久经沙场),P2000（StatTrak™） | 黑曜石,受限,久经沙场,14.73
P2000（StatTrak™） | 黑曜石 (破损不堪),P2000（StatTrak™） | 黑曜石,受限,破损不堪,89.00
P2000（StatTrak™） | 黑曜石 (战痕累累),P2000（StatTrak™） | 黑曜石,受限,战痕累累,30.00
P2000（StatTrak™） | 黑曜石 (略有磨损),P2000（StatTrak™） | 黑曜石,受限,略有磨损,35.54
UMP-45 | 金铋辉煌 (崭新出厂),UMP-45 | 金铋辉煌,受限,崭新出厂,33.14
UMP-45 | 金铋辉煌 (久经沙场),UMP-45 | 金铋辉煌,受限,久经沙场,17.43
UMP-45 | 金铋辉煌 (破损不堪),UMP-45 | 金铋辉煌,受限,破损不堪,
UMP-45 | 金铋辉煌 (战痕累累),UMP-45 | 金铋辉煌,受限,战痕累累,12.57
UMP-45 | 金铋辉煌 (略有磨损),UMP-45 | 金铋辉煌,受限,略有磨损,23.86
SCAR-20 | 黄铜 (崭新出厂),SCAR-20 | 黄铜,军规级,崭新出厂,660.00
SCAR-20 | 黄铜 (久经沙场),SCAR-20 | 黄铜,军规级,久经沙场,660.52
SCAR-20 | 黄铜 (破损不堪),SCAR-20 | 黄铜,军规级,破损不堪,
SCAR-20 | 黄铜 (战痕累累),SCAR-20 | 黄铜,军规级,战痕累累,800.00
SCAR-20 | 黄铜 (略有磨损),SCAR-20 | 黄铜,军规级,略有磨损,666.00
SCAR-20 | 蓝图 (崭新出厂),SCAR-20 | 蓝图,军规级,崭新出厂,2.72
SCAR-20 | 蓝图 (久经沙场),SCAR-20 | 蓝图,军规级,久经沙场,1.00
SCAR-20 | 蓝图 (破损不堪),SCAR-20 | 蓝图,军规级,破损不堪,2.11
SCAR-20 | 蓝图 (战痕累累),SCAR-20 | 蓝图,军规级,战痕累累,0.70
SCAR-20 | 蓝图 (略有磨损),SCAR-20 | 蓝图,军规级,略有磨损,1.45
MAC-10 | 炽热 (崭新出厂),MAC-10 | 炽热,受限,崭新出厂,37.00
MAC-10 | 炽热 (久经沙场),MAC-10 | 炽热,受限,久经沙场,13.50
MAC-10 | 炽热 (破损不堪),MAC-10 | 炽热,受限,破损不堪,11.80
MAC-10 | 炽热 (战痕累累),MAC-10 | 炽热,受限,战痕累累,14.95
MAC-10 | 炽热 (略有磨损),MAC-10 | 炽热,受限,略有磨损,23.72
双持贝瑞塔 | 瓜瓜 (崭新出厂),双持贝瑞塔 | 瓜瓜,保密,崭新出厂,78.00
双持贝瑞塔 | 瓜瓜 (久经沙场),双持贝瑞塔 | 瓜瓜,保密,久经沙场,14.26
双持贝瑞塔 | 瓜瓜 (破损不堪),双持贝瑞塔 | 瓜瓜,保密,破损不堪,11.62
双持贝瑞塔 | 瓜瓜 (战痕累累),双持贝瑞塔 | 瓜瓜,保密,战痕累累,9.90
双持贝瑞塔 | 瓜瓜 (略有磨损),双持贝瑞塔 | 瓜瓜,保密,略有磨损,29.20
海豹短刀（★） | 北方森林 (崭新出厂),海豹短刀（★） | 北方森林,隐秘,崭新出厂,
海豹短刀（★） | 北方森林 (久经沙场),海豹短刀（★） | 北方森林,隐秘,久经沙场,1049.00
海豹短刀（★） | 北方森林 (破损不堪),海豹短刀（★） | 北方森林,隐秘,破损不堪,1388.00
海豹短刀（★） | 北方森林 (战痕累累),海豹短刀（★） | 北方森林,隐秘,战痕累累,1050.00
海豹短刀（★） | 北方森林 (略有磨损),海豹短刀（★） | 北方森林,隐秘,略有磨损,1050.00
AK-47 | 血腥运动 (崭新出厂),AK-47 | 血腥运动,隐秘,崭新出厂,860.94
AK-47 | 血腥运动 (久经沙场),AK-47 | 血腥运动,隐秘,久经沙场,582.64
AK-47 | 血腥运动 (破损不堪),AK-47 | 血腥运动,隐秘,破损不堪,580.00
AK-47 | 血腥运动 (略有磨损),AK-47 | 血腥运动,隐秘,略有磨损,665.94
G3SG1 | 绿苹果 (崭新出厂),G3SG1 | 绿苹果,工业级,崭新出厂,1.73
G3SG1 | 绿苹果 (久经沙场),G3SG1 | 绿苹果,工业级,久经沙场,1.04
G3SG1 | 绿苹果 (略有磨损),G3SG1 | 绿苹果,工业级,略有磨损,1.36
P90 | 浅坟 (崭新出厂),P90 | 浅坟,保密,崭新出厂,54.66
P90 | 浅坟 (久经沙场),P90 | 浅坟,保密,久经沙场,14.49
P90 | 浅坟 (破损不堪),P90 | 浅坟,保密,破损不堪,19.53
P90 | 浅坟 (战痕累累),P90 | 浅坟,保密,战痕累累,15.00
P90 | 浅坟 (略有磨损),P90 | 浅坟,保密,略有磨损,27.80
系绳匕首（★） | 北方森林 (崭新出厂),系绳匕首（★） | 北方森林,隐秘,崭新出厂,
系绳匕首（★） | 北方森林 (久经沙场),系绳匕首（★） | 北方森林,隐秘,久经沙场,888.00
系绳匕首（★） | 北方森林 (破损不堪),系绳匕首（★） | 北方森林,隐秘,破损不堪,859.00
系绳匕首（★） | 北方森林 (战痕累累),系绳匕首（★） | 北方森林,隐秘,战痕累累,818.00
系绳匕首（★） | 北方森林 (略有磨损),系绳匕首（★） | 北方森林,隐秘,略有磨损,1049.91
M4A1 消音型（StatTrak™） | 机械工业 (崭新出厂),M4A1 消音型（StatTrak™） | 机械工业,隐秘,崭新出厂,1127.87
M4A1 消音型（StatTrak™） | 机械工业 (久经沙场),M4A1 消音型（StatTrak™） | 机械工业,隐秘,久经沙场,372.74
M4A1 消音型（StatTrak™） | 机械工业 (破损不堪),M4A1 消音型（StatTrak™） | 机械工业,隐秘,破损不堪,966.00
M4A1 消音型（StatTrak™） | 机械工业 (战痕累累),M4A1 消音型（StatTrak™） | 机械工业,隐秘,战痕累累,
M4A1 消音型（StatTrak™） | 机械工业 (略有磨损),M4A1 消音型（StatTrak™） | 机械工业,隐秘,略有磨损,550.00
G3SG1 | 通风机 (崭新出厂),G3SG1 | 通风机,军规级,崭新出厂,2.29
G3SG1 | 通风机 (久经沙场),G3SG1 | 通风机,军规级,久经沙场,0.57
G3SG1 | 通风机 (破损不堪),G3SG1 | 通风机,军规级,破损不堪,0.59
G3SG1 | 通风机 (略有磨损),G3SG1 | 通风机,军规级,略有磨损,0.87
P250 | 红巢 (崭新出厂),P250 | 红巢,军规级,崭新出厂,29.20
P250 | 红巢 (久经沙场),P250 | 红巢,军规级,久经沙场,25.00
P250 | 红巢 (略有磨损),P250 | 红巢,军规级,略有磨损,25.00
P90（StatTrak™） | 病毒危机 (崭新出厂),P90（StatTrak™） | 病毒危机,受限,崭新出厂,109.00
P90（StatTrak™） | 病毒危机 (久经沙场),P90（StatTrak™） | 病毒危机,受限,久经沙场,24.00
P90（StatTrak™） | 病毒危机 (破损不堪),P90（StatTrak™） | 病毒危机,受限,破损不堪,119.26
P90（StatTrak™） | 病毒危机 (战痕累累),P90（StatTrak™） | 病毒危机,受限,战痕累累,
P90（StatTrak™） | 病毒危机 (略有磨损),P90（StatTrak™） | 病毒危机,受限,略有磨损,37.52
暗影双匕（★） | 自动化 (崭新出厂),暗影双匕（★） | 自动化,隐秘,崭新出厂,1455.00
暗影双匕（★） | 自动化 (久经沙场),暗影双匕（★） | 自动化,隐秘,久经沙场,848.50
暗影双匕（★） | 自动化 (破损不堪),暗影双匕（★） | 自动化,隐秘,破损不堪,
暗影双匕（★） | 自动化 (战痕累累),暗影双匕（★） | 自动化,隐秘,战痕累累,
暗影双匕（★） | 自动化 (略有磨损),暗影双匕（★） | 自动化,隐秘,略有磨损,1014.00
AWP | 蝮蛇迷彩 (崭新出厂),AWP | 蝮蛇迷彩,军规级,崭新出厂,2488.00
AWP | 蝮蛇迷彩 (久经沙场),AWP | 蝮蛇迷彩,军规级,久经沙场,688.00
AWP | 蝮蛇迷彩 (破损不堪),AWP | 蝮蛇迷彩,军规级,破损不堪,888.00
AWP | 蝮蛇迷彩 (战痕累累),AWP | 蝮蛇迷彩,军规级,战痕累累,820.00
AWP | 蝮蛇迷彩 (略有磨损),AWP | 蝮蛇迷彩,军规级,略有磨损,700.00
AWP | 狩猎网格 (崭新出厂),AWP | 狩猎网格,工业级,崭新出厂,37.00
AWP | 狩猎网格 (久经沙场),AWP | 狩猎网格,工业级,久经沙场,0.74
AWP | 狩猎网格 (破损不堪),AWP | 狩猎网格,工业级,破损不堪,0.85
AWP | 狩猎网格 (战痕累累),AWP | 狩猎网格,工业级,战痕累累,1.53
AWP | 狩猎网格 (略有磨损),AWP | 狩猎网格,工业级,略有磨损,1.55
MP9 | 爆裂食物链 (崭新出厂),MP9 | 爆裂食物链,保密,崭新出厂,64.70
MP9 | 爆裂食物链 (久经沙场),MP9 | 爆裂食物链,保密,久经沙场,13.00
MP9 | 爆裂食物链 (破损不堪),MP9 | 爆裂食物链,保密,破损不堪,9.36
MP9 | 爆裂食物链 (战痕累累),MP9 | 爆裂食物链,保密,战痕累累,9.00
MP9 | 爆裂食物链 (略有磨损),MP9 | 爆裂食物链,保密,略有磨损,24.20
M4A4 | 红色 DDPAT (崭新出厂),M4A4 | 红色 DDPAT,受限,崭新出厂,558.00
M4A4 | 红色 DDPAT (久经沙场),M4A4 | 红色 DDPAT,受限,久经沙场,530.00
M4A4 | 红色 DDPAT (破损不堪),M4A4 | 红色 DDPAT,受限,破损不堪,1200.00
M4A4 | 红色 DDPAT (战痕累累),M4A4 | 红色 DDPAT,受限,战痕累累,
M4A4 | 红色 DDPAT (略有磨损),M4A4 | 红色 DDPAT,受限,略有磨损,540.00
弯刀（★） | 澄澈之水 (崭新出厂),弯刀（★） | 澄澈之水,隐秘,崭新出厂,1240.00
弯刀（★） | 澄澈之水 (久经沙场),弯刀（★） | 澄澈之水,隐秘,久经沙场,956.00
弯刀（★） | 澄澈之水 (破损不堪),弯刀（★） | 澄澈之水,隐秘,破损不堪,925.00
弯刀（★） | 澄澈之水 (战痕累累),弯刀（★） | 澄澈之水,隐秘,战痕累累,1145.14
弯刀（★） | 澄澈之水 (略有磨损),弯刀（★） | 澄澈之水,隐秘,略有磨损,1069.00
R8 左轮手枪（StatTrak™） | 蕉农炮 (崭新出厂),R8 左轮手枪（StatTrak™） | 蕉农炮,受限,崭新出厂,61.00
R8 左轮手枪（StatTrak™） | 蕉农炮 (久经沙场),R8 左轮手枪（StatTrak™） | 蕉农炮,受限,久经沙场,14.63
R8 左轮手枪（StatTrak™） | 蕉农炮 (破损不堪),R8 左轮手枪（StatTrak™） | 蕉农炮,受限,破损不堪,12.54
R8 左轮手枪（StatTrak™） | 蕉农炮 (战痕累累),R8 左轮手枪（StatTrak™） | 蕉农炮,受限,战痕累累,10.68
R8 左轮手枪（StatTrak™） | 蕉农炮 (略有磨损),R8 左轮手枪（StatTrak™） | 蕉农炮,受限,略有磨损,32.17
AWP | *嘣* (崭新出厂),AWP | *嘣*,保密,崭新出厂,2769.43
AWP | *嘣* (久经沙场),AWP | *嘣*,保密,久经沙场,556.63
AWP | *嘣* (略有磨损),AWP | *嘣*,保密,略有磨损,698.99
P250 | 死亡轮回 (崭新出厂),P250 | 死亡轮回,保密,崭新出厂,60.29
P250 | 死亡轮回 (久经沙场),P250 | 死亡轮回,保密,久经沙场,31.80
P250 | 死亡轮回 (破损不堪),P250 | 死亡轮回,保密,破损不堪,41.99
P250 | 死亡轮回 (战痕累累),P250 | 死亡轮回,保密,战痕累累,37.52
P250 | 死亡轮回 (略有磨损),P250 | 死亡轮回,保密,略有磨损,32.00
鲍伊猎刀（★） | 澄澈之水 (崭新出厂),鲍伊猎刀（★） | 澄澈之水,隐秘,崭新出厂,1255.00
鲍伊猎刀（★） | 澄澈之水 (久经沙场),鲍伊猎刀（★） | 澄澈之水,隐秘,久经沙场,962.00
鲍伊猎刀（★） | 澄澈之水 (破损不堪),鲍伊猎刀（★） | 澄澈之水,隐秘,破损不堪,963.00
鲍伊猎刀（★） | 澄澈之水 (战痕累累),鲍伊猎刀（★） | 澄澈之水,隐秘,战痕累累,
鲍伊猎刀（★） | 澄澈之水 (略有磨损),鲍伊猎刀（★） | 澄澈之水,隐秘,略有磨损,1180.00
加利尔 AR | 黑砂 (崭新出厂),加利尔 AR | 黑砂,军规级,崭新出厂,3.00
加利尔 AR | 黑砂 (久经沙场),加利尔 AR | 黑砂,军规级,久经沙场,0.56
加利尔 AR | 黑砂 (破损不堪),加利尔 AR | 黑砂,军规级,破损不堪,0.53
加利尔 AR | 黑砂 (战痕累累),加利尔 AR | 黑砂,军规级,战痕累累,0.44
加利尔 AR | 黑砂 (略有磨损),加利尔 AR | 黑砂,军规级,略有磨损,1.36
UMP-45（StatTrak™） | 支架 (崭新出厂),UMP-45（StatTrak™） | 支架,受限,崭新出厂,59.00
UMP-45（StatTrak™） | 支架 (久经沙场),UMP-45（StatTrak™） | 支架,受限,久经沙场,16.80
UMP-45（StatTrak™） | 支架 (破损不堪),UMP-45（StatTrak™） | 支架,受限,破损不堪,15.50
UMP-45（StatTrak™） | 支架 (战痕累累),UMP-45（StatTrak™） | 支架,受限,战痕累累,27.19
UMP-45（StatTrak™） | 支架 (略有磨损),UMP-45（StatTrak™） | 支架,受限,略有磨损,26.00
格洛克 18 型 | 荒野反叛 (崭新出厂),格洛克 18 型 | 荒野反叛,隐秘,崭新出厂,47.99
格洛克 18 型 | 荒野反叛 (久经沙场),格洛克 18 型 | 荒野反叛,隐秘,久经沙场,29.00
格洛克 18 型 | 荒野反叛 (破损不堪),格洛克 18 型 | 荒野反叛,隐秘,破损不堪,
格洛克 18 型 | 荒野反叛 (战痕累累),格洛克 18 型 | 荒野反叛,隐秘,战痕累累,50.00
格洛克 18 型 | 荒野反叛 (略有磨损),格洛克 18 型 | 荒野反叛,隐秘,略有磨损,30.98
暗影双匕（★ StatTrak™） | 自由之手 (崭新出厂),暗影双匕（★ StatTrak™） | 自由之手,隐秘,崭新出厂,1350.00
暗影双匕（★ StatTrak™） | 自由之手 (久经沙场),暗影双匕（★ StatTrak™） | 自由之手,隐秘,久经沙场,
暗影双匕（★ StatTrak™） | 自由之手 (破损不堪),暗影双匕（★ StatTrak™） | 自由之手,隐秘,破损不堪,
暗影双匕（★ StatTrak™） | 自由之手 (战痕累累),暗影双匕（★ StatTrak™） | 自由之手,隐秘,战痕累累,
暗影双匕（★ StatTrak™） | 自由之手 (略有磨损),暗影双匕（★ StatTrak™） | 自由之手,隐秘,略有磨损,
AUG | 搜索 (崭新出厂),AUG | 搜索,消费级,崭新出厂,2.48
AUG | 搜索 (久经沙场),AUG | 搜索,消费级,久经沙场,1.35
AUG | 搜索 (破损不堪),AUG | 搜索,消费级,破损不堪,3.29
AUG | 搜索 (战痕累累),AUG | 搜索,消费级,战痕累累,1.31
AUG | 搜索 (略有磨损),AUG | 搜索,消费级,略有磨损,1.52
M4A1 消音型（StatTrak™） | 女火神之炽焰 (崭新出厂),M4A1 消音型（StatTrak™） | 女火神之炽焰,隐秘,崭新出厂,2000.00
M4A1 消音型（StatTrak™） | 女火神之炽焰 (久经沙场),M4A1 消音型（StatTrak™） | 女火神之炽焰,隐秘,久经沙场,390.00
M4A1 消音型（StatTrak™） | 女火神之炽焰 (破损不堪),M4A1 消音型（StatTrak™） | 女火神之炽焰,隐秘,破损不堪,265.43
M4A1 消音型（StatTrak™） | 女火神之炽焰 (战痕累累),M4A1 消音型（StatTrak™） | 女火神之炽焰,隐秘,战痕累累,328.84
M4A1 消音型（StatTrak™） | 女火神之炽焰 (略有磨损),M4A1 消音型（StatTrak™） | 女火神之炽焰,隐秘,略有磨损,715.00
MP9 | 气密 (崭新出厂),MP9 | 气密,保密,崭新出厂,62.10
MP9 | 气密 (久经沙场),MP9 | 气密,保密,久经沙场,13.41
MP9 | 气密 (破损不堪),MP9 | 气密,保密,破损不堪,10.00
MP9 | 气密 (战痕累累),MP9 | 气密,保密,战痕累累,9.50
MP9 | 气密 (略有磨损),MP9 | 气密,保密,略有磨损,25.99
熊刀（★ StatTrak™） | 枯焦之色 (崭新出厂),熊刀（★ StatTrak™） | 枯焦之色,隐秘,崭新出厂,
熊刀（★ StatTrak™） | 枯焦之色 (久经沙场),熊刀（★ StatTrak™） | 枯焦之色,隐秘,久经沙场,988.00
熊刀（★ StatTrak™） | 枯焦之色 (破损不堪),熊刀（★ StatTrak™） | 枯焦之色,隐秘,破损不堪,
熊刀（★ StatTrak™） | 枯焦之色 (战痕累累),熊刀（★ StatTrak™） | 枯焦之色,隐秘,战痕累累,
熊刀（★ StatTrak™） | 枯焦之色 (略有磨损),熊刀（★ StatTrak™） | 枯焦之色,隐秘,略有磨损,
CZ75（StatTrak™） | 毒镖 (崭新出厂),CZ75（StatTrak™） | 毒镖,军规级,崭新出厂,158.00
CZ75（StatTrak™） | 毒镖 (久经沙场),CZ75（StatTrak™） | 毒镖,军规级,久经沙场,18.50
CZ75（StatTrak™） | 毒镖 (破损不堪),CZ75（StatTrak™） | 毒镖,军规级,破损不堪,2000.00
CZ75（StatTrak™） | 毒镖 (战痕累累),CZ75（StatTrak™） | 毒镖,军规级,战痕累累,98.90
CZ75（StatTrak™） | 毒镖 (略有磨损),CZ75（StatTrak™） | 毒镖,军规级,略有磨损,33.99
M4A4（StatTrak™） | 星级 (崭新出厂),M4A4（StatTrak™） | 星级,受限,崭新出厂,2000.00
M4A4（StatTrak™） | 星级 (久经沙场),M4A4（StatTrak™） | 星级,受限,久经沙场,446.60
M4A4（StatTrak™） | 星级 (破损不堪),M4A4（StatTrak™） | 星级,受限,破损不堪,380.00
M4A4（StatTrak™） | 星级 (略有磨损),M4A4（StatTrak™） | 星级,受限,略有磨损,425.00
AUG | 琥珀冲流 (崭新出厂),AUG | 琥珀冲流,军规级,崭新出厂,3.09
AUG | 琥珀冲流 (久经沙场),AUG | 琥珀冲流,军规级,久经沙场,0.77
AUG | 琥珀冲流 (破损不堪),AUG | 琥珀冲流,军规级,破损不堪,0.85
AUG | 琥珀冲流 (战痕累累),AUG | 琥珀冲流,军规级,战痕累累,1.03
AUG | 琥珀冲流 (略有磨损),AUG | 琥珀冲流,军规级,略有磨损,1.48
PP-野牛 | 水蓝条纹 (崭新出厂),PP-野牛 | 水蓝条纹,受限,崭新出厂,71.00
PP-野牛 | 水蓝条纹 (久经沙场),PP-野牛 | 水蓝条纹,受限,久经沙场,13.00
PP-野牛 | 水蓝条纹 (破损不堪),PP-野牛 | 水蓝条纹,受限,破损不堪,16.00
PP-野牛 | 水蓝条纹 (战痕累累),PP-野牛 | 水蓝条纹,受限,战痕累累,23.00
PP-野牛 | 水蓝条纹 (略有磨损),PP-野牛 | 水蓝条纹,受限,略有磨损,27.50
暗影双匕（★ StatTrak™） | 人工染色 (崭新出厂),暗影双匕（★ StatTrak™） | 人工染色,隐秘,崭新出厂,
暗影双匕（★ StatTrak™） | 人工染色 (久经沙场),暗影双匕（★ StatTrak™） | 人工染色,隐秘,久经沙场,1100.00
暗影双匕（★ StatTrak™） | 人工染色 (破损不堪),暗影双匕（★ StatTrak™） | 人工染色,隐秘,破损不堪,
暗影双匕（★ StatTrak™） | 人工染色 (战痕累累),暗影双匕（★ StatTrak™） | 人工染色,隐秘,战痕累累,
暗影双匕（★ StatTrak™） | 人工染色 (略有磨损),暗影双匕（★ StatTrak™） | 人工染色,隐秘,略有磨损,1100.00
P250（StatTrak™） | 红巢 (崭新出厂),P250（StatTrak™） | 红巢,军规级,崭新出厂,52.27
P250（StatTrak™） | 红巢 (久经沙场),P250（StatTrak™） | 红巢,军规级,久经沙场,27.72
P250（StatTrak™） | 红巢 (略有磨损),P250（StatTrak™） | 红巢,军规级,略有磨损,34.00
SCAR-20 | 丛林滑流 (崭新出厂),SCAR-20 | 丛林滑流,军规级,崭新出厂,1.45
SCAR-20 | 丛林滑流 (久经沙场),SCAR-20 | 丛林滑流,军规级,久经沙场,0.49
SCAR-20 | 丛林滑流 (破损不堪),SCAR-20 | 丛林滑流,军规级,破损不堪,0.94
SCAR-20 | 丛林滑流 (战痕累累),SCAR-20 | 丛林滑流,军规级,战痕累累,0.49
SCAR-20 | 丛林滑流 (略有磨损),SCAR-20 | 丛林滑流,军规级,略有磨损,1.03
AK-47（StatTrak™） | 夜愿 (崭新出厂),AK-47（StatTrak™） | 夜愿,隐秘,崭新出厂,2156.84
AK-47（StatTrak™） | 夜愿 (久经沙场),AK-47（StatTrak™） | 夜愿,隐秘,久经沙场,305.00
AK-47（StatTrak™） | 夜愿 (破损不堪),AK-47（StatTrak™） | 夜愿,隐秘,破损不堪,225.66
AK-47（StatTrak™） | 夜愿 (战痕累累),AK-47（StatTrak™） | 夜愿,隐秘,战痕累累,150.00
AK-47（StatTrak™） | 夜愿 (略有磨损),AK-47（StatTrak™） | 夜愿,隐秘,略有磨损,685.00
MAC-10（纪念品） | 棕榈色 (崭新出厂),MAC-10（纪念品） | 棕榈色,工业级,崭新出厂,356.00
MAC-10（纪念品） | 棕榈色 (久经沙场),MAC-10（纪念品） | 棕榈色,工业级,久经沙场,8.08
MAC-10（纪念品） | 棕榈色 (破损不堪),MAC-10（纪念品） | 棕榈色,工业级,破损不堪,15.00
MAC-10（纪念品） | 棕榈色 (战痕累累),MAC-10（纪念品） | 棕榈色,工业级,战痕累累,7.55
MAC-10（纪念品） | 棕榈色 (略有磨损),MAC-10（纪念品） | 棕榈色,工业级,略有磨损,27.34
沙漠之鹰（StatTrak™） | 指挥 (崭新出厂),沙漠之鹰（StatTrak™） | 指挥,受限,崭新出厂,317.72
沙漠之鹰（StatTrak™） | 指挥 (久经沙场),沙漠之鹰（StatTrak™） | 指挥,受限,久经沙场,8.82
沙漠之鹰（StatTrak™） | 指挥 (破损不堪),沙漠之鹰（StatTrak™） | 指挥,受限,破损不堪,9.34
沙漠之鹰（StatTrak™） | 指挥 (战痕累累),沙漠之鹰（StatTrak™） | 指挥,受限,战痕累累,8.41
沙漠之鹰（StatTrak™） | 指挥 (略有磨损),沙漠之鹰（StatTrak™） | 指挥,受限,略有磨损,34.55
SCAR-20（StatTrak™） | 丛林滑流 (崭新出厂),SCAR-20（StatTrak™） | 丛林滑流,军规级,崭新出厂,4.10
SCAR-20（StatTrak™） | 丛林滑流 (久经沙场),SCAR-20（StatTrak™） | 丛林滑流,军规级,久经沙场,1.34
SCAR-20（StatTrak™） | 丛林滑流 (破损不堪),SCAR-20（StatTrak™） | 丛林滑流,军规级,破损不堪,1.94
SCAR-20（StatTrak™） | 丛林滑流 (战痕累累),SCAR-20（StatTrak™） | 丛林滑流,军规级,战痕累累,2.39
SCAR-20（StatTrak™） | 丛林滑流 (略有磨损),SCAR-20（StatTrak™） | 丛林滑流,军规级,略有磨损,2.09
AUG | 铜斑蛇 (久经沙场),AUG | 铜斑蛇,军规级,久经沙场,
AUG | 铜斑蛇 (略有磨损),AUG | 铜斑蛇,军规级,略有磨损,736.51
PP-野牛（纪念品） | 化工之绿 (崭新出厂),PP-野牛（纪念品） | 化工之绿,工业级,崭新出厂,128.00
PP-野牛（纪念品） | 化工之绿 (久经沙场),PP-野牛（纪念品） | 化工之绿,工业级,久经沙场,6.40
PP-野牛（纪念品） | 化工之绿 (破损不堪),PP-野牛（纪念品） | 化工之绿,工业级,破损不堪,7.91
PP-野牛（纪念品） | 化工之绿 (战痕累累),PP-野牛（纪念品） | 化工之绿,工业级,战痕累累,6.00
PP-野牛（纪念品） | 化工之绿 (略有磨损),PP-野牛（纪念品） | 化工之绿,工业级,略有磨损,22.99
弯刀（★ StatTrak™） | 森林 DDPAT (崭新出厂),弯刀（★ StatTrak™） | 森林 DDPAT,隐秘,崭新出厂,
弯刀（★ StatTrak™） | 森林 DDPAT (久经沙场),弯刀（★ StatTrak™） | 森林 DDPAT,隐秘,久经沙场,920.00
弯刀（★ StatTrak™） | 森林 DDPAT (破损不堪),弯刀（★ StatTrak™） | 森林 DDPAT,隐秘,破损不堪,
弯刀（★ StatTrak™） | 森林 DDPAT (战痕累累),弯刀（★ StatTrak™） | 森林 DDPAT,隐秘,战痕累累,
弯刀（★ StatTrak™） | 森林 DDPAT (略有磨损),弯刀（★ StatTrak™） | 森林 DDPAT,隐秘,略有磨损,1100.00
双持贝瑞塔（StatTrak™） | 都市冲击 (崭新出厂),双持贝瑞塔（StatTrak™） | 都市冲击,受限,崭新出厂,66.56
双持贝瑞塔（StatTrak™） | 都市冲击 (久经沙场),双持贝瑞塔（StatTrak™） | 都市冲击,受限,久经沙场,24.65
双持贝瑞塔（StatTrak™） | 都市冲击 (破损不堪),双持贝瑞塔（StatTrak™） | 都市冲击,受限,破损不堪,
双持贝瑞塔（StatTrak™） | 都市冲击 (战痕累累),双持贝瑞塔（StatTrak™） | 都市冲击,受限,战痕累累,28.70
双持贝瑞塔（StatTrak™） | 都市冲击 (略有磨损),双持贝瑞塔（StatTrak™） | 都市冲击,受限,略有磨损,32.88
M4A1 消音型（StatTrak™） | 原子合金 (崭新出厂),M4A1 消音型（StatTrak™） | 原子合金,保密,崭新出厂,1798.00
M4A1 消音型（StatTrak™） | 原子合金 (久经沙场),M4A1 消音型（StatTrak™） | 原子合金,保密,久经沙场,335.77
M4A1 消音型（StatTrak™） | 原子合金 (破损不堪),M4A1 消音型（StatTrak™） | 原子合金,保密,破损不堪,555.00
M4A1 消音型（StatTrak™） | 原子合金 (战痕累累),M4A1 消音型（StatTrak™） | 原子合金,保密,战痕累累,218.88
M4A1 消音型（StatTrak™） | 原子合金 (略有磨损),M4A1 消音型（StatTrak™） | 原子合金,保密,略有磨损,740.00
穿肠刀（★ StatTrak™） | 大马士革钢 (崭新出厂),穿肠刀（★ StatTrak™） | 大马士革钢,隐秘,崭新出厂,
穿肠刀（★ StatTrak™） | 大马士革钢 (久经沙场),穿肠刀（★ StatTrak™） | 大马士革钢,隐秘,久经沙场,
穿肠刀（★ StatTrak™） | 大马士革钢 (破损不堪),穿肠刀（★ StatTrak™） | 大马士革钢,隐秘,破损不堪,
穿肠刀（★ StatTrak™） | 大马士革钢 (战痕累累),穿肠刀（★ StatTrak™） | 大马士革钢,隐秘,战痕累累,
穿肠刀（★ StatTrak™） | 大马士革钢 (略有磨损),穿肠刀（★ StatTrak™） | 大马士革钢,隐秘,略有磨损,1111.00
MAC-10（StatTrak™） | 致命紫罗兰 (崭新出厂),MAC-10（StatTrak™） | 致命紫罗兰,军规级,崭新出厂,
MAC-10（StatTrak™） | 致命紫罗兰 (久经沙场),MAC-10（StatTrak™） | 致命紫罗兰,军规级,久经沙场,11.09
MAC-10（StatTrak™） | 致命紫罗兰 (破损不堪),MAC-10（StatTrak™） | 致命紫罗兰,军规级,破损不堪,23.37
MAC-10（StatTrak™） | 致命紫罗兰 (战痕累累),MAC-10（StatTrak™） | 致命紫罗兰,军规级,战痕累累,12.00
MAC-10（StatTrak™） | 致命紫罗兰 (略有磨损),MAC-10（StatTrak™） | 致命紫罗兰,军规级,略有磨损,23.00
G3SG1（StatTrak™） | 通风机 (崭新出厂),G3SG1（StatTrak™） | 通风机,军规级,崭新出厂,4.66
G3SG1（StatTrak™） | 通风机 (久经沙场),G3SG1（StatTrak™） | 通风机,军规级,久经沙场,1.13
G3SG1（StatTrak™） | 通风机 (破损不堪),G3SG1（StatTrak™） | 通风机,军规级,破损不堪,1.23
G3SG1（StatTrak™） | 通风机 (略有磨损),G3SG1（StatTrak™） | 通风机,军规级,略有磨损,2.07
Tec-9 | 穆拉诺之橙 (崭新出厂),Tec-9 | 穆拉诺之橙,工业级,崭新出厂,37.52
Tec-9 | 穆拉诺之橙 (久经沙场),Tec-9 | 穆拉诺之橙,工业级,久经沙场,27.93
Tec-9 | 穆拉诺之橙 (破损不堪),Tec-9 | 穆拉诺之橙,工业级,破损不堪,26.63
Tec-9 | 穆拉诺之橙 (战痕累累),Tec-9 | 穆拉诺之橙,工业级,战痕累累,30.00
Tec-9 | 穆拉诺之橙 (略有磨损),Tec-9 | 穆拉诺之橙,工业级,略有磨损,31.00
AK-47 | 至高皮革 (崭新出厂),AK-47 | 至高皮革,受限,崭新出厂,1139.27
AK-47 | 至高皮革 (久经沙场),AK-47 | 至高皮革,受限,久经沙场,
AK-47 | 至高皮革 (破损不堪),AK-47 | 至高皮革,受限,破损不堪,
AK-47 | 至高皮革 (战痕累累),AK-47 | 至高皮革,受限,战痕累累,
AK-47 | 至高皮革 (略有磨损),AK-47 | 至高皮革,受限,略有磨损,759.00
海豹短刀（★ StatTrak™） | 枯焦之色 (崭新出厂),海豹短刀（★ StatTrak™） | 枯焦之色,隐秘,崭新出厂,
海豹短刀（★ StatTrak™） | 枯焦之色 (久经沙场),海豹短刀（★ StatTrak™） | 枯焦之色,隐秘,久经沙场,1155.00
海豹短刀（★ StatTrak™） | 枯焦之色 (破损不堪),海豹短刀（★ StatTrak™） | 枯焦之色,隐秘,破损不堪,
海豹短刀（★ StatTrak™） | 枯焦之色 (战痕累累),海豹短刀（★ StatTrak™） | 枯焦之色,隐秘,战痕累累,
海豹短刀（★ StatTrak™） | 枯焦之色 (略有磨损),海豹短刀（★ StatTrak™） | 枯焦之色,隐秘,略有磨损,
CZ75（StatTrak™） | 深红之网 (崭新出厂),CZ75（StatTrak™） | 深红之网,军规级,崭新出厂,497.50
CZ75（StatTrak™） | 深红之网 (久经沙场),CZ75（StatTrak™） | 深红之网,军规级,久经沙场,19.00
CZ75（StatTrak™） | 深红之网 (破损不堪),CZ75（StatTrak™） | 深红之网,军规级,破损不堪,
CZ75（StatTrak™） | 深红之网 (战痕累累),CZ75（StatTrak™） | 深红之网,军规级,战痕累累,48.81
CZ75（StatTrak™） | 深红之网 (略有磨损),CZ75（StatTrak™） | 深红之网,军规级,略有磨损,34.50
AUG | 弹跳线条 (崭新出厂),AUG | 弹跳线条,军规级,崭新出厂,4.59
AUG | 弹跳线条 (久经沙场),AUG | 弹跳线条,军规级,久经沙场,0.78
AUG | 弹跳线条 (破损不堪),AUG | 弹跳线条,军规级,破损不堪,1.87
AUG | 弹跳线条 (战痕累累),AUG | 弹跳线条,军规级,战痕累累,0.62
AUG | 弹跳线条 (略有磨损),AUG | 弹跳线条,军规级,略有磨损,1.64
PP-野牛（StatTrak™） | 核燃料棒 (崭新出厂),PP-野牛（StatTrak™） | 核燃料棒,受限,崭新出厂,78.38
PP-野牛（StatTrak™） | 核燃料棒 (久经沙场),PP-野牛（StatTrak™） | 核燃料棒,受限,久经沙场,13.00
PP-野牛（StatTrak™） | 核燃料棒 (破损不堪),PP-野牛（StatTrak™） | 核燃料棒,受限,破损不堪,13.13
PP-野牛（StatTrak™） | 核燃料棒 (战痕累累),PP-野牛（StatTrak™） | 核燃料棒,受限,战痕累累,12.99
PP-野牛（StatTrak™） | 核燃料棒 (略有磨损),PP-野牛（StatTrak™） | 核燃料棒,受限,略有磨损,34.59
AK-47（StatTrak™） | 二西莫夫 (崭新出厂),AK-47（StatTrak™） | 二西莫夫,隐秘,崭新出厂,3999.00
AK-47（StatTrak™） | 二西莫夫 (久经沙场),AK-47（StatTrak™） | 二西莫夫,隐秘,久经沙场,423.88
AK-47（StatTrak™） | 二西莫夫 (破损不堪),AK-47（StatTrak™） | 二西莫夫,隐秘,破损不堪,
AK-47（StatTrak™） | 二西莫夫 (战痕累累),AK-47（StatTrak™） | 二西莫夫,隐秘,战痕累累,398.70
AK-47（StatTrak™） | 二西莫夫 (略有磨损),AK-47（StatTrak™） | 二西莫夫,隐秘,略有磨损,759.00
FN57（纪念品） | 橘皮涂装 (崭新出厂),FN57（纪念品） | 橘皮涂装,工业级,崭新出厂,1499.00
FN57（纪念品） | 橘皮涂装 (久经沙场),FN57（纪念品） | 橘皮涂装,工业级,久经沙场,6.48
FN57（纪念品） | 橘皮涂装 (破损不堪),FN57（纪念品） | 橘皮涂装,工业级,破损不堪,39.40
FN57（纪念品） | 橘皮涂装 (战痕累累),FN57（纪念品） | 橘皮涂装,工业级,战痕累累,6.52
FN57（纪念品） | 橘皮涂装 (略有磨损),FN57（纪念品） | 橘皮涂装,工业级,略有磨损,33.00
熊刀（★） | 北方森林 (崭新出厂),熊刀（★） | 北方森林,隐秘,崭新出厂,
熊刀（★） | 北方森林 (久经沙场),熊刀（★） | 北方森林,隐秘,久经沙场,916.00
熊刀（★） | 北方森林 (破损不堪),熊刀（★） | 北方森林,隐秘,破损不堪,950.00
熊刀（★） | 北方森林 (战痕累累),熊刀（★） | 北方森林,隐秘,战痕累累,890.00
熊刀（★） | 北方森林 (略有磨损),熊刀（★） | 北方森林,隐秘,略有磨损,1149.00
G3SG1（StatTrak™） | 猎人 (崭新出厂),G3SG1（StatTrak™） | 猎人,军规级,崭新出厂,9.44
G3SG1（StatTrak™） | 猎人 (久经沙场),G3SG1（StatTrak™） | 猎人,军规级,久经沙场,1.91
G3SG1（StatTrak™） | 猎人 (破损不堪),G3SG1（StatTrak™） | 猎人,军规级,破损不堪,1.00
G3SG1（StatTrak™） | 猎人 (战痕累累),G3SG1（StatTrak™） | 猎人,军规级,战痕累累,1.09
G3SG1（StatTrak™） | 猎人 (略有磨损),G3SG1（StatTrak™） | 猎人,军规级,略有磨损,1.85
MP7 | 幽幻深渊 (崭新出厂),MP7 | 幽幻深渊,保密,崭新出厂,76.20
MP7 | 幽幻深渊 (久经沙场),MP7 | 幽幻深渊,保密,久经沙场,13.26
MP7 | 幽幻深渊 (破损不堪),MP7 | 幽幻深渊,保密,破损不堪,12.09
MP7 | 幽幻深渊 (战痕累累),MP7 | 幽幻深渊,保密,战痕累累,11.25
MP7 | 幽幻深渊 (略有磨损),MP7 | 幽幻深渊,保密,略有磨损,28.71
P250（StatTrak™） | 翼击 (崭新出厂),P250（StatTrak™） | 翼击,受限,崭新出厂,93.00
P250（StatTrak™） | 翼击 (久经沙场),P250（StatTrak™） | 翼击,受限,久经沙场,19.75
P250（StatTrak™） | 翼击 (破损不堪),P250（StatTrak™） | 翼击,受限,破损不堪,18.49
P250（StatTrak™） | 翼击 (战痕累累),P250（StatTrak™） | 翼击,受限,战痕累累,19.00
P250（StatTrak™） | 翼击 (略有磨损),P250（StatTrak™） | 翼击,受限,略有磨损,30.00
M4A4（纪念品） | 辐射危机 (崭新出厂),M4A4（纪念品） | 辐射危机,军规级,崭新出厂,7699.00
M4A4（纪念品） | 辐射危机 (久经沙场),M4A4（纪念品） | 辐射危机,军规级,久经沙场,269.98
M4A4（纪念品） | 辐射危机 (破损不堪),M4A4（纪念品） | 辐射危机,军规级,破损不堪,888.00
M4A4（纪念品） | 辐射危机 (战痕累累),M4A4（纪念品） | 辐射危机,军规级,战痕累累,258.80
M4A4（纪念品） | 辐射危机 (略有磨损),M4A4（纪念品） | 辐射危机,军规级,略有磨损,716.12
熊刀（★） | 森林 DDPAT (崭新出厂),熊刀（★） | 森林 DDPAT,隐秘,崭新出厂,
熊刀（★） | 森林 DDPAT (久经沙场),熊刀（★） | 森林 DDPAT,隐秘,久经沙场,929.59
熊刀（★） | 森林 DDPAT (破损不堪),熊刀（★） | 森林 DDPAT,隐秘,破损不堪,916.00
熊刀（★） | 森林 DDPAT (战痕累累),熊刀（★） | 森林 DDPAT,隐秘,战痕累累,912.67
熊刀（★） | 森林 DDPAT (略有磨损),熊刀（★） | 森林 DDPAT,隐秘,略有磨损,1100.00
法玛斯（纪念品） | 线路故障 (崭新出厂),法玛斯（纪念品） | 线路故障,消费级,崭新出厂,2.62
法玛斯（纪念品） | 线路故障 (久经沙场),法玛斯（纪念品） | 线路故障,消费级,久经沙场,0.54
法玛斯（纪念品） | 线路故障 (破损不堪),法玛斯（纪念品） | 线路故障,消费级,破损不堪,1.18
法玛斯（纪念品） | 线路故障 (战痕累累),法玛斯（纪念品） | 线路故障,消费级,战痕累累,3.40
法玛斯（纪念品） | 线路故障 (略有磨损),法玛斯（纪念品） | 线路故障,消费级,略有磨损,1.53
沙漠之鹰（StatTrak™） | 后发制人 (崭新出厂),沙漠之鹰（StatTrak™） | 后发制人,受限,崭新出厂,60.90
沙漠之鹰（StatTrak™） | 后发制人 (久经沙场),沙漠之鹰（StatTrak™） | 后发制人,受限,久经沙场,12.77
沙漠之鹰（StatTrak™） | 后发制人 (破损不堪),沙漠之鹰（StatTrak™） | 后发制人,受限,破损不堪,9.32
沙漠之鹰（StatTrak™） | 后发制人 (战痕累累),沙漠之鹰（StatTrak™） | 后发制人,受限,战痕累累,9.01
沙漠之鹰（StatTrak™） | 后发制人 (略有磨损),沙漠之鹰（StatTrak™） | 后发制人,受限,略有磨损,24.93
P90 | 精雕木刻 (崭新出厂),P90 | 精雕木刻,保密,崭新出厂,77.00
P90 | 精雕木刻 (久经沙场),P90 | 精雕木刻,保密,久经沙场,11.50
P90 | 精雕木刻 (破损不堪),P90 | 精雕木刻,保密,破损不堪,10.10
P90 | 精雕木刻 (战痕累累),P90 | 精雕木刻,保密,战痕累累,9.00
P90 | 精雕木刻 (略有磨损),P90 | 精雕木刻,保密,略有磨损,28.80
加利尔 AR | 水蓝阶地 (崭新出厂),加利尔 AR | 水蓝阶地,军规级,崭新出厂,1099.00
加利尔 AR | 水蓝阶地 (久经沙场),加利尔 AR | 水蓝阶地,军规级,久经沙场,
加利尔 AR | 水蓝阶地 (破损不堪),加利尔 AR | 水蓝阶地,军规级,破损不堪,
加利尔 AR | 水蓝阶地 (战痕累累),加利尔 AR | 水蓝阶地,军规级,战痕累累,
加利尔 AR | 水蓝阶地 (略有磨损),加利尔 AR | 水蓝阶地,军规级,略有磨损,950.00
法玛斯 | 保护色 (崭新出厂),法玛斯 | 保护色,军规级,崭新出厂,3.00
法玛斯 | 保护色 (久经沙场),法玛斯 | 保护色,军规级,久经沙场,0.88
法玛斯 | 保护色 (破损不堪),法玛斯 | 保护色,军规级,破损不堪,0.76
法玛斯 | 保护色 (战痕累累),法玛斯 | 保护色,军规级,战痕累累,1.30
法玛斯 | 保护色 (略有磨损),法玛斯 | 保护色,军规级,略有磨损,1.75
折刀（★） | 表面淬火 (崭新出厂),折刀（★） | 表面淬火,隐秘,崭新出厂,1500.00
折刀（★） | 表面淬火 (久经沙场),折刀（★） | 表面淬火,隐秘,久经沙场,962.79
折刀（★） | 表面淬火 (破损不堪),折刀（★） | 表面淬火,隐秘,破损不堪,900.00
折刀（★） | 表面淬火 (战痕累累),折刀（★） | 表面淬火,隐秘,战痕累累,866.00
折刀（★） | 表面淬火 (略有磨损),折刀（★） | 表面淬火,隐秘,略有磨损,1124.87
MP7（StatTrak™） | 速递 (崭新出厂),MP7（StatTrak™） | 速递,受限,崭新出厂,65.50
MP7（StatTrak™） | 速递 (久经沙场),MP7（StatTrak™） | 速递,受限,久经沙场,24.65
MP7（StatTrak™） | 速递 (破损不堪),MP7（StatTrak™） | 速递,受限,破损不堪,20.00
MP7（StatTrak™） | 速递 (战痕累累),MP7（StatTrak™） | 速递,受限,战痕累累,25.00
MP7（StatTrak™） | 速递 (略有磨损),MP7（StatTrak™） | 速递,受限,略有磨损,35.00
P250（StatTrak™） | 钢铁禁锢 (崭新出厂),P250（StatTrak™） | 钢铁禁锢,军规级,崭新出厂,35.54
P250（StatTrak™） | 钢铁禁锢 (久经沙场),P250（StatTrak™） | 钢铁禁锢,军规级,久经沙场,39.50
P250（StatTrak™） | 钢铁禁锢 (略有磨损),P250（StatTrak™） | 钢铁禁锢,军规级,略有磨损,34.76
系绳匕首（★） | 都市伪装 (崭新出厂),系绳匕首（★） | 都市伪装,隐秘,崭新出厂,
系绳匕首（★） | 都市伪装 (久经沙场),系绳匕首（★） | 都市伪装,隐秘,久经沙场,872.00
系绳匕首（★） | 都市伪装 (破损不堪),系绳匕首（★） | 都市伪装,隐秘,破损不堪,897.70
系绳匕首（★） | 都市伪装 (战痕累累),系绳匕首（★） | 都市伪装,隐秘,战痕累累,799.00
系绳匕首（★） | 都市伪装 (略有磨损),系绳匕首（★） | 都市伪装,隐秘,略有磨损,1090.00
M4A1 消音型（StatTrak™） | 黑水 (久经沙场),M4A1 消音型（StatTrak™） | 黑水,受限,久经沙场,750.00
M4A1 消音型（StatTrak™） | 黑水 (略有磨损),M4A1 消音型（StatTrak™） | 黑水,受限,略有磨损,888.00
UMP-45 | 野蛮剑齿虎 (崭新出厂),UMP-45 | 野蛮剑齿虎,保密,崭新出厂,69.00
UMP-45 | 野蛮剑齿虎 (久经沙场),UMP-45 | 野蛮剑齿虎,保密,久经沙场,14.30
UMP-45 | 野蛮剑齿虎 (破损不堪),UMP-45 | 野蛮剑齿虎,保密,破损不堪,24.88
UMP-45 | 野蛮剑齿虎 (战痕累累),UMP-45 | 野蛮剑齿虎,保密,战痕累累,21.04
UMP-45 | 野蛮剑齿虎 (略有磨损),UMP-45 | 野蛮剑齿虎,保密,略有磨损,32.00
Tec-9 | 遥控 (崭新出厂),Tec-9 | 遥控,保密,崭新出厂,85.09
Tec-9 | 遥控 (久经沙场),Tec-9 | 遥控,保密,久经沙场,19.38
Tec-9 | 遥控 (破损不堪),Tec-9 | 遥控,保密,破损不堪,15.74
Tec-9 | 遥控 (战痕累累),Tec-9 | 遥控,保密,战痕累累,20.38
Tec-9 | 遥控 (略有磨损),Tec-9 | 遥控,保密,略有磨损,35.50
SSG 08（纪念品） | 致命一击 (崭新出厂),SSG 08（纪念品） | 致命一击,保密,崭新出厂,2288.00
SSG 08（纪念品） | 致命一击 (久经沙场),SSG 08（纪念品） | 致命一击,保密,久经沙场,520.00
SSG 08（纪念品） | 致命一击 (破损不堪),SSG 08（纪念品） | 致命一击,保密,破损不堪,
SSG 08（纪念品） | 致命一击 (战痕累累),SSG 08（纪念品） | 致命一击,保密,战痕累累,
SSG 08（纪念品） | 致命一击 (略有磨损),SSG 08（纪念品） | 致命一击,保密,略有磨损,917.56
MP7 | 星点 (崭新出厂),MP7 | 星点,消费级,崭新出厂,27.92
MP7 | 星点 (久经沙场),MP7 | 星点,消费级,久经沙场,27.00
MP7 | 星点 (破损不堪),MP7 | 星点,消费级,破损不堪,
MP7 | 星点 (战痕累累),MP7 | 星点,消费级,战痕累累,495.51
MP7 | 星点 (略有磨损),MP7 | 星点,消费级,略有磨损,31.58
弯刀（★ StatTrak™） | 黑色层压板 (崭新出厂),弯刀（★ StatTrak™） | 黑色层压板,隐秘,崭新出厂,
弯刀（★ StatTrak™） | 黑色层压板 (久经沙场),弯刀（★ StatTrak™） | 黑色层压板,隐秘,久经沙场,
弯刀（★ StatTrak™） | 黑色层压板 (破损不堪),弯刀（★ StatTrak™） | 黑色层压板,隐秘,破损不堪,1050.00
弯刀（★ StatTrak™） | 黑色层压板 (战痕累累),弯刀（★ StatTrak™） | 黑色层压板,隐秘,战痕累累,
弯刀（★ StatTrak™） | 黑色层压板 (略有磨损),弯刀（★ StatTrak™） | 黑色层压板,隐秘,略有磨损,1150.00
Tec-9（StatTrak™） | 坍雪寒裘 (崭新出厂),Tec-9（StatTrak™） | 坍雪寒裘,受限,崭新出厂,82.00
Tec-9（StatTrak™） | 坍雪寒裘 (久经沙场),Tec-9（StatTrak™） | 坍雪寒裘,受限,久经沙场,15.50
Tec-9（StatTrak™） | 坍雪寒裘 (破损不堪),Tec-9（StatTrak™） | 坍雪寒裘,受限,破损不堪,15.00
Tec-9（StatTrak™） | 坍雪寒裘 (战痕累累),Tec-9（StatTrak™） | 坍雪寒裘,受限,战痕累累,10.09
Tec-9（StatTrak™） | 坍雪寒裘 (略有磨损),Tec-9（StatTrak™） | 坍雪寒裘,受限,略有磨损,34.40
SG 553（StatTrak™） | 锈蚀之刃 (崭新出厂),SG 553（StatTrak™） | 锈蚀之刃,军规级,崭新出厂,3.74
SG 553（StatTrak™） | 锈蚀之刃 (久经沙场),SG 553（StatTrak™） | 锈蚀之刃,军规级,久经沙场,0.80
SG 553（StatTrak™） | 锈蚀之刃 (破损不堪),SG 553（StatTrak™） | 锈蚀之刃,军规级,破损不堪,1.10
SG 553（StatTrak™） | 锈蚀之刃 (战痕累累),SG 553（StatTrak™） | 锈蚀之刃,军规级,战痕累累,0.67
SG 553（StatTrak™） | 锈蚀之刃 (略有磨损),SG 553（StatTrak™） | 锈蚀之刃,军规级,略有磨损,1.62
AK-47 | 一发入魂 (崭新出厂),AK-47 | 一发入魂,隐秘,崭新出厂,1790.00
AK-47 | 一发入魂 (久经沙场),AK-47 | 一发入魂,隐秘,久经沙场,451.40
AK-47 | 一发入魂 (破损不堪),AK-47 | 一发入魂,隐秘,破损不堪,233.00
AK-47 | 一发入魂 (战痕累累),AK-47 | 一发入魂,隐秘,战痕累累,149.00
AK-47 | 一发入魂 (略有磨损),AK-47 | 一发入魂,隐秘,略有磨损,870.50
MAC-10（StatTrak™） | 孔雀石 (崭新出厂),MAC-10（StatTrak™） | 孔雀石,受限,崭新出厂,90.00
MAC-10（StatTrak™） | 孔雀石 (久经沙场),MAC-10（StatTrak™） | 孔雀石,受限,久经沙场,19.99
MAC-10（StatTrak™） | 孔雀石 (破损不堪),MAC-10（StatTrak™） | 孔雀石,受限,破损不堪,
MAC-10（StatTrak™） | 孔雀石 (战痕累累),MAC-10（StatTrak™） | 孔雀石,受限,战痕累累,25.00
MAC-10（StatTrak™） | 孔雀石 (略有磨损),MAC-10（StatTrak™） | 孔雀石,受限,略有磨损,37.66
SG 553（StatTrak™） | 危险距离 (崭新出厂),SG 553（StatTrak™） | 危险距离,军规级,崭新出厂,8.00
SG 553（StatTrak™） | 危险距离 (久经沙场),SG 553（StatTrak™） | 危险距离,军规级,久经沙场,0.99
SG 553（StatTrak™） | 危险距离 (破损不堪),SG 553（StatTrak™） | 危险距离,军规级,破损不堪,1.30
SG 553（StatTrak™） | 危险距离 (战痕累累),SG 553（StatTrak™） | 危险距离,军规级,战痕累累,0.63
SG 553（StatTrak™） | 危险距离 (略有磨损),SG 553（StatTrak™） | 危险距离,军规级,略有磨损,1.97
暗影双匕（★ StatTrak™） | 大马士革钢 (崭新出厂),暗影双匕（★ StatTrak™） | 大马士革钢,隐秘,崭新出厂,1500.00
暗影双匕（★ StatTrak™） | 大马士革钢 (久经沙场),暗影双匕（★ StatTrak™） | 大马士革钢,隐秘,久经沙场,1500.00
暗影双匕（★ StatTrak™） | 大马士革钢 (破损不堪),暗影双匕（★ StatTrak™） | 大马士革钢,隐秘,破损不堪,
暗影双匕（★ StatTrak™） | 大马士革钢 (战痕累累),暗影双匕（★ StatTrak™） | 大马士革钢,隐秘,战痕累累,
暗影双匕（★ StatTrak™） | 大马士革钢 (略有磨损),暗影双匕（★ StatTrak™） | 大马士革钢,隐秘,略有磨损,1150.00
沙漠之鹰（StatTrak™） | 轻轨 (崭新出厂),沙漠之鹰（StatTrak™） | 轻轨,受限,崭新出厂,92.53
沙漠之鹰（StatTrak™） | 轻轨 (久经沙场),沙漠之鹰（StatTrak™） | 轻轨,受限,久经沙场,15.84
沙漠之鹰（StatTrak™） | 轻轨 (破损不堪),沙漠之鹰（StatTrak™） | 轻轨,受限,破损不堪,19.40
沙漠之鹰（StatTrak™） | 轻轨 (战痕累累),沙漠之鹰（StatTrak™） | 轻轨,受限,战痕累累,17.61
沙漠之鹰（StatTrak™） | 轻轨 (略有磨损),沙漠之鹰（StatTrak™） | 轻轨,受限,略有磨损,34.18
折刀（★） | 屠夫 (崭新出厂),折刀（★） | 屠夫,隐秘,崭新出厂,1356.91
折刀（★） | 屠夫 (久经沙场),折刀（★） | 屠夫,隐秘,久经沙场,1090.92
折刀（★） | 屠夫 (略有磨损),折刀（★） | 屠夫,隐秘,略有磨损,1125.95
M4A1 消音型（StatTrak™） | 暴怒野兽 (崭新出厂),M4A1 消音型（StatTrak™） | 暴怒野兽,隐秘,崭新出厂,12888.00
M4A1 消音型（StatTrak™） | 暴怒野兽 (久经沙场),M4A1 消音型（StatTrak™） | 暴怒野兽,隐秘,久经沙场,450.00
M4A1 消音型（StatTrak™） | 暴怒野兽 (破损不堪),M4A1 消音型（StatTrak™） | 暴怒野兽,隐秘,破损不堪,350.00
M4A1 消音型（StatTrak™） | 暴怒野兽 (战痕累累),M4A1 消音型（StatTrak™） | 暴怒野兽,隐秘,战痕累累,299.99
M4A1 消音型（StatTrak™） | 暴怒野兽 (略有磨损),M4A1 消音型（StatTrak™） | 暴怒野兽,隐秘,略有磨损,920.00
USP 消音版（StatTrak™） | 黑莲花 (崭新出厂),USP 消音版（StatTrak™） | 黑莲花,军规级,崭新出厂,190.00
USP 消音版（StatTrak™） | 黑莲花 (久经沙场),USP 消音版（StatTrak™） | 黑莲花,军规级,久经沙场,19.60
USP 消音版（StatTrak™） | 黑莲花 (破损不堪),USP 消音版（StatTrak™） | 黑莲花,军规级,破损不堪,17.72
USP 消音版（StatTrak™） | 黑莲花 (战痕累累),USP 消音版（StatTrak™） | 黑莲花,军规级,战痕累累,14.90
USP 消音版（StatTrak™） | 黑莲花 (略有磨损),USP 消音版（StatTrak™） | 黑莲花,军规级,略有磨损,37.00
PP-野牛 | 买定离手 (崭新出厂),PP-野牛 | 买定离手,保密,崭新出厂,85.50
PP-野牛 | 买定离手 (久经沙场),PP-野牛 | 买定离手,保密,久经沙场,17.50
PP-野牛 | 买定离手 (破损不堪),PP-野牛 | 买定离手,保密,破损不堪,14.45
PP-野牛 | 买定离手 (战痕累累),PP-野牛 | 买定离手,保密,战痕累累,14.00
PP-野牛 | 买定离手 (略有磨损),PP-野牛 | 买定离手,保密,略有磨损,30.69
Tec-9 | 核子剧毒 (崭新出厂),Tec-9 | 核子剧毒,军规级,崭新出厂,48.00
Tec-9 | 核子剧毒 (久经沙场),Tec-9 | 核子剧毒,军规级,久经沙场,35.17
Tec-9 | 核子剧毒 (破损不堪),Tec-9 | 核子剧毒,军规级,破损不堪,200.00
Tec-9 | 核子剧毒 (战痕累累),Tec-9 | 核子剧毒,军规级,战痕累累,29.20
Tec-9 | 核子剧毒 (略有磨损),Tec-9 | 核子剧毒,军规级,略有磨损,40.41
加利尔 AR | 战吼斑纹 (崭新出厂),加利尔 AR | 战吼斑纹,军规级,崭新出厂,3.62
加利尔 AR | 战吼斑纹 (久经沙场),加利尔 AR | 战吼斑纹,军规级,久经沙场,0.82
加利尔 AR | 战吼斑纹 (破损不堪),加利尔 AR | 战吼斑纹,军规级,破损不堪,1.30
加利尔 AR | 战吼斑纹 (战痕累累),加利尔 AR | 战吼斑纹,军规级,战痕累累,1.11
加利尔 AR | 战吼斑纹 (略有磨损),加利尔 AR | 战吼斑纹,军规级,略有磨损,1.95
暗影双匕（★ StatTrak™） | 黑色层压板 (崭新出厂),暗影双匕（★ StatTrak™） | 黑色层压板,隐秘,崭新出厂,
暗影双匕（★ StatTrak™） | 黑色层压板 (久经沙场),暗影双匕（★ StatTrak™） | 黑色层压板,隐秘,久经沙场,1200.00
暗影双匕（★ StatTrak™） | 黑色层压板 (破损不堪),暗影双匕（★ StatTrak™） | 黑色层压板,隐秘,破损不堪,
暗影双匕（★ StatTrak™） | 黑色层压板 (战痕累累),暗影双匕（★ StatTrak™） | 黑色层压板,隐秘,战痕累累,
暗影双匕（★ StatTrak™） | 黑色层压板 (略有磨损),暗影双匕（★ StatTrak™） | 黑色层压板,隐秘,略有磨损,
AK-47（StatTrak™） | 皇后 (崭新出厂),AK-47（StatTrak™） | 皇后,隐秘,崭新出厂,2530.00
AK-47（StatTrak™） | 皇后 (久经沙场),AK-47（StatTrak™） | 皇后,隐秘,久经沙场,534.90
AK-47（StatTrak™） | 皇后 (破损不堪),AK-47（StatTrak™） | 皇后,隐秘,破损不堪,431.80
AK-47（StatTrak™） | 皇后 (战痕累累),AK-47（StatTrak™） | 皇后,隐秘,战痕累累,410.00
AK-47（StatTrak™） | 皇后 (略有磨损),AK-47（StatTrak™） | 皇后,隐秘,略有磨损,879.90
沙漠之鹰 | 机械工业 (崭新出厂),沙漠之鹰 | 机械工业,保密,崭新出厂,59.87
沙漠之鹰 | 机械工业 (久经沙场),沙漠之鹰 | 机械工业,保密,久经沙场,24.50
沙漠之鹰 | 机械工业 (破损不堪),沙漠之鹰 | 机械工业,保密,破损不堪,34.00
沙漠之鹰 | 机械工业 (战痕累累),沙漠之鹰 | 机械工业,保密,战痕累累,25.64
沙漠之鹰 | 机械工业 (略有磨损),沙漠之鹰 | 机械工业,保密,略有磨损,36.90
暗影双匕（★ StatTrak™） | 噩梦之夜 (崭新出厂),暗影双匕（★ StatTrak™） | 噩梦之夜,隐秘,崭新出厂,
暗影双匕（★ StatTrak™） | 噩梦之夜 (久经沙场),暗影双匕（★ StatTrak™） | 噩梦之夜,隐秘,久经沙场,
暗影双匕（★ StatTrak™） | 噩梦之夜 (破损不堪),暗影双匕（★ StatTrak™） | 噩梦之夜,隐秘,破损不堪,
暗影双匕（★ StatTrak™） | 噩梦之夜 (战痕累累),暗影双匕（★ StatTrak™） | 噩梦之夜,隐秘,战痕累累,
暗影双匕（★ StatTrak™） | 噩梦之夜 (略有磨损),暗影双匕（★ StatTrak™） | 噩梦之夜,隐秘,略有磨损,
G3SG1（纪念品） | 远古仪式 (崭新出厂),G3SG1（纪念品） | 远古仪式,工业级,崭新出厂,5.00
G3SG1（纪念品） | 远古仪式 (久经沙场),G3SG1（纪念品） | 远古仪式,工业级,久经沙场,0.51
G3SG1（纪念品） | 远古仪式 (破损不堪),G3SG1（纪念品） | 远古仪式,工业级,破损不堪,3.26
G3SG1（纪念品） | 远古仪式 (战痕累累),G3SG1（纪念品） | 远古仪式,工业级,战痕累累,0.43
G3SG1（纪念品） | 远古仪式 (略有磨损),G3SG1（纪念品） | 远古仪式,工业级,略有磨损,1.09
法玛斯（纪念品） | 殖民侵略者 (崭新出厂),法玛斯（纪念品） | 殖民侵略者,消费级,崭新出厂,
法玛斯（纪念品） | 殖民侵略者 (久经沙场),法玛斯（纪念品） | 殖民侵略者,消费级,久经沙场,200.00
法玛斯（纪念品） | 殖民侵略者 (破损不堪),法玛斯（纪念品） | 殖民侵略者,消费级,破损不堪,
法玛斯（纪念品） | 殖民侵略者 (战痕累累),法玛斯（纪念品） | 殖民侵略者,消费级,战痕累累,57.00
法玛斯（纪念品） | 殖民侵略者 (略有磨损),法玛斯（纪念品） | 殖民侵略者,消费级,略有磨损,996.00
弯刀（★） | 蓝钢 (崭新出厂),弯刀（★） | 蓝钢,隐秘,崭新出厂,
弯刀（★） | 蓝钢 (久经沙场),弯刀（★） | 蓝钢,隐秘,久经沙场,1100.00
弯刀（★） | 蓝钢 (破损不堪),弯刀（★） | 蓝钢,隐秘,破损不堪,1036.96
弯刀（★） | 蓝钢 (战痕累累),弯刀（★） | 蓝钢,隐秘,战痕累累,1547.84
弯刀（★） | 蓝钢 (略有磨损),弯刀（★） | 蓝钢,隐秘,略有磨损,1150.00
格洛克 18 型（StatTrak™） | 圆影玉兔 (崭新出厂),格洛克 18 型（StatTrak™） | 圆影玉兔,受限,崭新出厂,69.30
格洛克 18 型（StatTrak™） | 圆影玉兔 (久经沙场),格洛克 18 型（StatTrak™） | 圆影玉兔,受限,久经沙场,15.90
格洛克 18 型（StatTrak™） | 圆影玉兔 (破损不堪),格洛克 18 型（StatTrak™） | 圆影玉兔,受限,破损不堪,18.34
格洛克 18 型（StatTrak™） | 圆影玉兔 (战痕累累),格洛克 18 型（StatTrak™） | 圆影玉兔,受限,战痕累累,12.00
格洛克 18 型（StatTrak™） | 圆影玉兔 (略有磨损),格洛克 18 型（StatTrak™） | 圆影玉兔,受限,略有磨损,35.11
加利尔 AR | 多变迷彩 (崭新出厂),加利尔 AR | 多变迷彩,工业级,崭新出厂,2.05
加利尔 AR | 多变迷彩 (久经沙场),加利尔 AR | 多变迷彩,工业级,久经沙场,1.03
加利尔 AR | 多变迷彩 (破损不堪),加利尔 AR | 多变迷彩,工业级,破损不堪,1.87
加利尔 AR | 多变迷彩 (战痕累累),加利尔 AR | 多变迷彩,工业级,战痕累累,1.19
加利尔 AR | 多变迷彩 (略有磨损),加利尔 AR | 多变迷彩,工业级,略有磨损,1.37
法玛斯（纪念品） | 湖蓝涂装 (久经沙场),法玛斯（纪念品） | 湖蓝涂装,工业级,久经沙场,205.00
法玛斯（纪念品） | 湖蓝涂装 (破损不堪),法玛斯（纪念品） | 湖蓝涂装,工业级,破损不堪,
法玛斯（纪念品） | 湖蓝涂装 (战痕累累),法玛斯（纪念品） | 湖蓝涂装,工业级,战痕累累,
法玛斯（纪念品） | 湖蓝涂装 (略有磨损),法玛斯（纪念品） | 湖蓝涂装,工业级,略有磨损,999.00
MAC-10（StatTrak™） | 阿罗哈 (崭新出厂),MAC-10（StatTrak™） | 阿罗哈,军规级,崭新出厂,47.99
MAC-10（StatTrak™） | 阿罗哈 (久经沙场),MAC-10（StatTrak™） | 阿罗哈,军规级,久经沙场,33.56
MAC-10（StatTrak™） | 阿罗哈 (破损不堪),MAC-10（StatTrak™） | 阿罗哈,军规级,破损不堪,
MAC-10（StatTrak™） | 阿罗哈 (战痕累累),MAC-10（StatTrak™） | 阿罗哈,军规级,战痕累累,
MAC-10（StatTrak™） | 阿罗哈 (略有磨损),MAC-10（StatTrak™） | 阿罗哈,军规级,略有磨损,34.55
AK-47（StatTrak™） | 霓虹骑士 (崭新出厂),AK-47（StatTrak™） | 霓虹骑士,隐秘,崭新出厂,3099.00
AK-47（StatTrak™） | 霓虹骑士 (久经沙场),AK-47（StatTrak™） | 霓虹骑士,隐秘,久经沙场,518.00
AK-47（StatTrak™） | 霓虹骑士 (破损不堪),AK-47（StatTrak™） | 霓虹骑士,隐秘,破损不堪,
AK-47（StatTrak™） | 霓虹骑士 (战痕累累),AK-47（StatTrak™） | 霓虹骑士,隐秘,战痕累累,600.00
AK-47（StatTrak™） | 霓虹骑士 (略有磨损),AK-47（StatTrak™） | 霓虹骑士,隐秘,略有磨损,1192.80
P250 | 生化短吻鳄 (崭新出厂),P250 | 生化短吻鳄,隐秘,崭新出厂,75.75
P250 | 生化短吻鳄 (久经沙场),P250 | 生化短吻鳄,隐秘,久经沙场,20.60
P250 | 生化短吻鳄 (破损不堪),P250 | 生化短吻鳄,隐秘,破损不堪,33.88
P250 | 生化短吻鳄 (战痕累累),P250 | 生化短吻鳄,隐秘,战痕累累,20.75
P250 | 生化短吻鳄 (略有磨损),P250 | 生化短吻鳄,隐秘,略有磨损,39.30
SG 553（StatTrak™） | 阿罗哈 (崭新出厂),SG 553（StatTrak™） | 阿罗哈,军规级,崭新出厂,3.42
SG 553（StatTrak™） | 阿罗哈 (久经沙场),SG 553（StatTrak™） | 阿罗哈,军规级,久经沙场,1.01
SG 553（StatTrak™） | 阿罗哈 (破损不堪),SG 553（StatTrak™） | 阿罗哈,军规级,破损不堪,1.01
SG 553（StatTrak™） | 阿罗哈 (战痕累累),SG 553（StatTrak™） | 阿罗哈,军规级,战痕累累,0.73
SG 553（StatTrak™） | 阿罗哈 (略有磨损),SG 553（StatTrak™） | 阿罗哈,军规级,略有磨损,1.71
P90 | 冰川网格 (崭新出厂),P90 | 冰川网格,军规级,崭新出厂,286.00
P90 | 冰川网格 (久经沙场),P90 | 冰川网格,军规级,久经沙场,31.00
P90 | 冰川网格 (破损不堪),P90 | 冰川网格,军规级,破损不堪,
P90 | 冰川网格 (战痕累累),P90 | 冰川网格,军规级,战痕累累,30.00
P90 | 冰川网格 (略有磨损),P90 | 冰川网格,军规级,略有磨损,37.06
弯刀（★ StatTrak™） | 澄澈之水 (崭新出厂),弯刀（★ StatTrak™） | 澄澈之水,隐秘,崭新出厂,1330.00
弯刀（★ StatTrak™） | 澄澈之水 (久经沙场),弯刀（★ StatTrak™） | 澄澈之水,隐秘,久经沙场,1246.00
弯刀（★ StatTrak™） | 澄澈之水 (破损不堪),弯刀（★ StatTrak™） | 澄澈之水,隐秘,破损不堪,1000.00
弯刀（★ StatTrak™） | 澄澈之水 (战痕累累),弯刀（★ StatTrak™） | 澄澈之水,隐秘,战痕累累,
弯刀（★ StatTrak™） | 澄澈之水 (略有磨损),弯刀（★ StatTrak™） | 澄澈之水,隐秘,略有磨损,
P90（StatTrak™） | 元女王 (崭新出厂),P90（StatTrak™） | 元女王,受限,崭新出厂,55.66
P90（StatTrak™） | 元女王 (久经沙场),P90（StatTrak™） | 元女王,受限,久经沙场,15.12
P90（StatTrak™） | 元女王 (破损不堪),P90（StatTrak™） | 元女王,受限,破损不堪,24.20
P90（StatTrak™） | 元女王 (战痕累累),P90（StatTrak™） | 元女王,受限,战痕累累,37.02
P90（StatTrak™） | 元女王 (略有磨损),P90（StatTrak™） | 元女王,受限,略有磨损,31.99
AK-47（StatTrak™） | 深海复仇 (崭新出厂),AK-47（StatTrak™） | 深海复仇,隐秘,崭新出厂,2035.00
AK-47（StatTrak™） | 深海复仇 (久经沙场),AK-47（StatTrak™） | 深海复仇,隐秘,久经沙场,589.99
AK-47（StatTrak™） | 深海复仇 (破损不堪),AK-47（StatTrak™） | 深海复仇,隐秘,破损不堪,360.00
AK-47（StatTrak™） | 深海复仇 (战痕累累),AK-47（StatTrak™） | 深海复仇,隐秘,战痕累累,
AK-47（StatTrak™） | 深海复仇 (略有磨损),AK-47（StatTrak™） | 深海复仇,隐秘,略有磨损,1026.00
SCAR-20 | 碎片 (崭新出厂),SCAR-20 | 碎片,军规级,崭新出厂,3.90
SCAR-20 | 碎片 (久经沙场),SCAR-20 | 碎片,军规级,久经沙场,1.21
SCAR-20 | 碎片 (破损不堪),SCAR-20 | 碎片,军规级,破损不堪,1.04
SCAR-20 | 碎片 (战痕累累),SCAR-20 | 碎片,军规级,战痕累累,0.88
SCAR-20 | 碎片 (略有磨损),SCAR-20 | 碎片,军规级,略有磨损,2.31
USP 消音版（纪念品） | 紫色 DDPAT (崭新出厂),USP 消音版（纪念品） | 紫色 DDPAT,军规级,崭新出厂,76.00
USP 消音版（纪念品） | 紫色 DDPAT (久经沙场),USP 消音版（纪念品） | 紫色 DDPAT,军规级,久经沙场,17.30
USP 消音版（纪念品） | 紫色 DDPAT (破损不堪),USP 消音版（纪念品） | 紫色 DDPAT,军规级,破损不堪,29.00
USP 消音版（纪念品） | 紫色 DDPAT (战痕累累),USP 消音版（纪念品） | 紫色 DDPAT,军规级,战痕累累,16.30
USP 消音版（纪念品） | 紫色 DDPAT (略有磨损),USP 消音版（纪念品） | 紫色 DDPAT,军规级,略有磨损,36.80
猎杀者匕首（★） | 人工染色 (崭新出厂),猎杀者匕首（★） | 人工染色,隐秘,崭新出厂,
猎杀者匕首（★） | 人工染色 (久经沙场),猎杀者匕首（★） | 人工染色,隐秘,久经沙场,1520.00
猎杀者匕首（★） | 人工染色 (破损不堪),猎杀者匕首（★） | 人工染色,隐秘,破损不堪,999.00
猎杀者匕首（★） | 人工染色 (战痕累累),猎杀者匕首（★） | 人工染色,隐秘,战痕累累,
猎杀者匕首（★） | 人工染色 (略有磨损),猎杀者匕首（★） | 人工染色,隐秘,略有磨损,1170.00
SG 553 | 废墟丛生 (崭新出厂),SG 553 | 废墟丛生,消费级,崭新出厂,3.25
SG 553 | 废墟丛生 (久经沙场),SG 553 | 废墟丛生,消费级,久经沙场,2.68
SG 553 | 废墟丛生 (破损不堪),SG 553 | 废墟丛生,消费级,破损不堪,
SG 553 | 废墟丛生 (战痕累累),SG 553 | 废墟丛生,消费级,战痕累累,2.24
SG 553 | 废墟丛生 (略有磨损),SG 553 | 废墟丛生,消费级,略有磨损,1.99
M4A4 | 反冲精英 (崭新出厂),M4A4 | 反冲精英,隐秘,崭新出厂,2527.99
M4A4 | 反冲精英 (久经沙场),M4A4 | 反冲精英,隐秘,久经沙场,304.00
M4A4 | 反冲精英 (破损不堪),M4A4 | 反冲精英,隐秘,破损不堪,250.86
M4A4 | 反冲精英 (战痕累累),M4A4 | 反冲精英,隐秘,战痕累累,128.50
M4A4 | 反冲精英 (略有磨损),M4A4 | 反冲精英,隐秘,略有磨损,1041.19
SG 553 | 赛博之力 (崭新出厂),SG 553 | 赛博之力,军规级,崭新出厂,4.58
SG 553 | 赛博之力 (久经沙场),SG 553 | 赛博之力,军规级,久经沙场,0.88
SG 553 | 赛博之力 (破损不堪),SG 553 | 赛博之力,军规级,破损不堪,0.80
SG 553 | 赛博之力 (战痕累累),SG 553 | 赛博之力,军规级,战痕累累,0.71
SG 553 | 赛博之力 (略有磨损),SG 553 | 赛博之力,军规级,略有磨损,2.08
弯刀（★） | 致命紫罗兰 (崭新出厂),弯刀（★） | 致命紫罗兰,隐秘,崭新出厂,2564.50
弯刀（★） | 致命紫罗兰 (久经沙场),弯刀（★） | 致命紫罗兰,隐秘,久经沙场,924.69
弯刀（★） | 致命紫罗兰 (破损不堪),弯刀（★） | 致命紫罗兰,隐秘,破损不堪,919.00
弯刀（★） | 致命紫罗兰 (战痕累累),弯刀（★） | 致命紫罗兰,隐秘,战痕累累,799.00
弯刀（★） | 致命紫罗兰 (略有磨损),弯刀（★） | 致命紫罗兰,隐秘,略有磨损,1222.00
AK-47（StatTrak™） | 红色层压板 (崭新出厂),AK-47（StatTrak™） | 红色层压板,保密,崭新出厂,25000.00
AK-47（StatTrak™） | 红色层压板 (久经沙场),AK-47（StatTrak™） | 红色层压板,保密,久经沙场,640.00
AK-47（StatTrak™） | 红色层压板 (破损不堪),AK-47（StatTrak™） | 红色层压板,保密,破损不堪,8888.00
AK-47（StatTrak™） | 红色层压板 (战痕累累),AK-47（StatTrak™） | 红色层压板,保密,战痕累累,1588.00
AK-47（StatTrak™） | 红色层压板 (略有磨损),AK-47（StatTrak™） | 红色层压板,保密,略有磨损,1110.00
格洛克 18 型（StatTrak™） | 粉碎者 (崭新出厂),格洛克 18 型（StatTrak™） | 粉碎者,受限,崭新出厂,65.24
格洛克 18 型（StatTrak™） | 粉碎者 (久经沙场),格洛克 18 型（StatTrak™） | 粉碎者,受限,久经沙场,43.91
格洛克 18 型（StatTrak™） | 粉碎者 (略有磨损),格洛克 18 型（StatTrak™） | 粉碎者,受限,略有磨损,37.52
SCAR-20 | 碳素纤维 (崭新出厂),SCAR-20 | 碳素纤维,工业级,崭新出厂,2.44
SCAR-20 | 碳素纤维 (略有磨损),SCAR-20 | 碳素纤维,工业级,略有磨损,1.99
AWP（StatTrak™） | 红线 (久经沙场),AWP（StatTrak™） | 红线,保密,久经沙场,506.00
AWP（StatTrak™） | 红线 (破损不堪),AWP（StatTrak™） | 红线,保密,破损不堪,
AWP（StatTrak™） | 红线 (略有磨损),AWP（StatTrak™） | 红线,保密,略有磨损,1055.00
MP7（StatTrak™） | 帝国 (崭新出厂),MP7（StatTrak™） | 帝国,受限,崭新出厂,61.32
MP7（StatTrak™） | 帝国 (久经沙场),MP7（StatTrak™） | 帝国,受限,久经沙场,26.29
MP7（StatTrak™） | 帝国 (破损不堪),MP7（StatTrak™） | 帝国,受限,破损不堪,
MP7（StatTrak™） | 帝国 (略有磨损),MP7（StatTrak™） | 帝国,受限,略有磨损,37.50
猎杀者匕首（★） | 澄澈之水 (崭新出厂),猎杀者匕首（★） | 澄澈之水,隐秘,崭新出厂,1330.00
猎杀者匕首（★） | 澄澈之水 (久经沙场),猎杀者匕首（★） | 澄澈之水,隐秘,久经沙场,970.00
猎杀者匕首（★） | 澄澈之水 (破损不堪),猎杀者匕首（★） | 澄澈之水,隐秘,破损不堪,970.00
猎杀者匕首（★） | 澄澈之水 (战痕累累),猎杀者匕首（★） | 澄澈之水,隐秘,战痕累累,999.00
猎杀者匕首（★） | 澄澈之水 (略有磨损),猎杀者匕首（★） | 澄澈之水,隐秘,略有磨损,1160.00
沙漠之鹰 | 阴谋者 (崭新出厂),沙漠之鹰 | 阴谋者,保密,崭新出厂,61.58
沙漠之鹰 | 阴谋者 (久经沙场),沙漠之鹰 | 阴谋者,保密,久经沙场,34.60
沙漠之鹰 | 阴谋者 (略有磨损),沙漠之鹰 | 阴谋者,保密,略有磨损,37.85
G3SG1（StatTrak™） | 橙光冲击 (崭新出厂),G3SG1（StatTrak™） | 橙光冲击,军规级,崭新出厂,6.50
G3SG1（StatTrak™） | 橙光冲击 (久经沙场),G3SG1（StatTrak™） | 橙光冲击,军规级,久经沙场,0.89
G3SG1（StatTrak™） | 橙光冲击 (破损不堪),G3SG1（StatTrak™） | 橙光冲击,军规级,破损不堪,2.00
G3SG1（StatTrak™） | 橙光冲击 (战痕累累),G3SG1（StatTrak™） | 橙光冲击,军规级,战痕累累,2.13
G3SG1（StatTrak™） | 橙光冲击 (略有磨损),G3SG1（StatTrak™） | 橙光冲击,军规级,略有磨损,2.31
G3SG1（纪念品） | 狩猎网格 (崭新出厂),G3SG1（纪念品） | 狩猎网格,消费级,崭新出厂,66.66
G3SG1（纪念品） | 狩猎网格 (久经沙场),G3SG1（纪念品） | 狩猎网格,消费级,久经沙场,0.88
G3SG1（纪念品） | 狩猎网格 (破损不堪),G3SG1（纪念品） | 狩猎网格,消费级,破损不堪,1.27
G3SG1（纪念品） | 狩猎网格 (战痕累累),G3SG1（纪念品） | 狩猎网格,消费级,战痕累累,1.44
G3SG1（纪念品） | 狩猎网格 (略有磨损),G3SG1（纪念品） | 狩猎网格,消费级,略有磨损,2.47
MP5-SD | 磷光体 (崭新出厂),MP5-SD | 磷光体,保密,崭新出厂,60.00
MP5-SD | 磷光体 (久经沙场),MP5-SD | 磷光体,保密,久经沙场,23.72
MP5-SD | 磷光体 (破损不堪),MP5-SD | 磷光体,保密,破损不堪,26.99
MP5-SD | 磷光体 (战痕累累),MP5-SD | 磷光体,保密,战痕累累,23.82
MP5-SD | 磷光体 (略有磨损),MP5-SD | 磷光体,保密,略有磨损,36.90
AWP | 冲出重围 (崭新出厂),AWP | 冲出重围,隐秘,崭新出厂,3277.79
AWP | 冲出重围 (久经沙场),AWP | 冲出重围,隐秘,久经沙场,596.00
AWP | 冲出重围 (破损不堪),AWP | 冲出重围,隐秘,破损不堪,445.00
AWP | 冲出重围 (战痕累累),AWP | 冲出重围,隐秘,战痕累累,322.68
AWP | 冲出重围 (略有磨损),AWP | 冲出重围,隐秘,略有磨损,1107.19
M4A4 | 都市 DDPAT (崭新出厂),M4A4 | 都市 DDPAT,工业级,崭新出厂,24.00
M4A4 | 都市 DDPAT (久经沙场),M4A4 | 都市 DDPAT,工业级,久经沙场,1.75
M4A4 | 都市 DDPAT (破损不堪),M4A4 | 都市 DDPAT,工业级,破损不堪,1.78
M4A4 | 都市 DDPAT (战痕累累),M4A4 | 都市 DDPAT,工业级,战痕累累,1.76
M4A4 | 都市 DDPAT (略有磨损),M4A4 | 都市 DDPAT,工业级,略有磨损,1.98
法玛斯（纪念品） | 奈芙蒂斯之河 (崭新出厂),法玛斯（纪念品） | 奈芙蒂斯之河,保密,崭新出厂,3500.00
法玛斯（纪念品） | 奈芙蒂斯之河 (久经沙场),法玛斯（纪念品） | 奈芙蒂斯之河,保密,久经沙场,519.50
法玛斯（纪念品） | 奈芙蒂斯之河 (破损不堪),法玛斯（纪念品） | 奈芙蒂斯之河,保密,破损不堪,
法玛斯（纪念品） | 奈芙蒂斯之河 (战痕累累),法玛斯（纪念品） | 奈芙蒂斯之河,保密,战痕累累,746.00
法玛斯（纪念品） | 奈芙蒂斯之河 (略有磨损),法玛斯（纪念品） | 奈芙蒂斯之河,保密,略有磨损,1243.00
求生匕首（★ StatTrak™） | 北方森林 (崭新出厂),求生匕首（★ StatTrak™） | 北方森林,隐秘,崭新出厂,
求生匕首（★ StatTrak™） | 北方森林 (久经沙场),求生匕首（★ StatTrak™） | 北方森林,隐秘,久经沙场,
求生匕首（★ StatTrak™） | 北方森林 (破损不堪),求生匕首（★ StatTrak™） | 北方森林,隐秘,破损不堪,1100.00
求生匕首（★ StatTrak™） | 北方森林 (战痕累累),求生匕首（★ StatTrak™） | 北方森林,隐秘,战痕累累,828.00
求生匕首（★ StatTrak™） | 北方森林 (略有磨损),求生匕首（★ StatTrak™） | 北方森林,隐秘,略有磨损,1200.00
UMP-45 | 动量 (崭新出厂),UMP-45 | 动量,保密,崭新出厂,59.45
UMP-45 | 动量 (久经沙场),UMP-45 | 动量,保密,久经沙场,24.79
UMP-45 | 动量 (破损不堪),UMP-45 | 动量,保密,破损不堪,36.00
UMP-45 | 动量 (战痕累累),UMP-45 | 动量,保密,战痕累累,26.78
UMP-45 | 动量 (略有磨损),UMP-45 | 动量,保密,略有磨损,35.97
M4A1 消音型 | 北方森林 (崭新出厂),M4A1 消音型 | 北方森林,工业级,崭新出厂,27.22
M4A1 消音型 | 北方森林 (久经沙场),M4A1 消音型 | 北方森林,工业级,久经沙场,0.74
M4A1 消音型 | 北方森林 (破损不堪),M4A1 消音型 | 北方森林,工业级,破损不堪,1.10
M4A1 消音型 | 北方森林 (战痕累累),M4A1 消音型 | 北方森林,工业级,战痕累累,2.01
M4A1 消音型 | 北方森林 (略有磨损),M4A1 消音型 | 北方森林,工业级,略有磨损,2.46
猎杀者匕首（★） | 枯焦之色 (崭新出厂),猎杀者匕首（★） | 枯焦之色,隐秘,崭新出厂,
猎杀者匕首（★） | 枯焦之色 (久经沙场),猎杀者匕首（★） | 枯焦之色,隐秘,久经沙场,900.00
猎杀者匕首（★） | 枯焦之色 (破损不堪),猎杀者匕首（★） | 枯焦之色,隐秘,破损不堪,
猎杀者匕首（★） | 枯焦之色 (战痕累累),猎杀者匕首（★） | 枯焦之色,隐秘,战痕累累,850.00
猎杀者匕首（★） | 枯焦之色 (略有磨损),猎杀者匕首（★） | 枯焦之色,隐秘,略有磨损,1550.00
SSG 08（StatTrak™） | 水中之血 (崭新出厂),SSG 08（StatTrak™） | 水中之血,隐秘,崭新出厂,
SSG 08（StatTrak™） | 水中之血 (久经沙场),SSG 08（StatTrak™） | 水中之血,隐秘,久经沙场,
SSG 08（StatTrak™） | 水中之血 (略有磨损),SSG 08（StatTrak™） | 水中之血,隐秘,略有磨损,1250.00
MAC-10 | 狂哮飓风 (崭新出厂),MAC-10 | 狂哮飓风,消费级,崭新出厂,
MAC-10 | 狂哮飓风 (久经沙场),MAC-10 | 狂哮飓风,消费级,久经沙场,10.79
MAC-10 | 狂哮飓风 (破损不堪),MAC-10 | 狂哮飓风,消费级,破损不堪,
MAC-10 | 狂哮飓风 (战痕累累),MAC-10 | 狂哮飓风,消费级,战痕累累,
MAC-10 | 狂哮飓风 (略有磨损),MAC-10 | 狂哮飓风,消费级,略有磨损,39.50
SG 553（纪念品） | 玩命职场 (崭新出厂),SG 553（纪念品） | 玩命职场,保密,崭新出厂,2388.88
SG 553（纪念品） | 玩命职场 (久经沙场),SG 553（纪念品） | 玩命职场,保密,久经沙场,807.00
SG 553（纪念品） | 玩命职场 (破损不堪),SG 553（纪念品） | 玩命职场,保密,破损不堪,
SG 553（纪念品） | 玩命职场 (战痕累累),SG 553（纪念品） | 玩命职场,保密,战痕累累,
SG 553（纪念品） | 玩命职场 (略有磨损),SG 553（纪念品） | 玩命职场,保密,略有磨损,1520.90
MAC-10 | 渐变迪斯科 (崭新出厂),MAC-10 | 渐变迪斯科,保密,崭新出厂,120.21
MAC-10 | 渐变迪斯科 (久经沙场),MAC-10 | 渐变迪斯科,保密,久经沙场,19.86
MAC-10 | 渐变迪斯科 (破损不堪),MAC-10 | 渐变迪斯科,保密,破损不堪,13.52
MAC-10 | 渐变迪斯科 (战痕累累),MAC-10 | 渐变迪斯科,保密,战痕累累,12.31
MAC-10 | 渐变迪斯科 (略有磨损),MAC-10 | 渐变迪斯科,保密,略有磨损,37.80
海豹短刀（★ StatTrak™） | 都市伪装 (久经沙场),海豹短刀（★ StatTrak™） | 都市伪装,隐秘,久经沙场,1035.00
海豹短刀（★ StatTrak™） | 都市伪装 (破损不堪),海豹短刀（★ StatTrak™） | 都市伪装,隐秘,破损不堪,1110.00
海豹短刀（★ StatTrak™） | 都市伪装 (战痕累累),海豹短刀（★ StatTrak™） | 都市伪装,隐秘,战痕累累,1297.70
海豹短刀（★ StatTrak™） | 都市伪装 (略有磨损),海豹短刀（★ StatTrak™） | 都市伪装,隐秘,略有磨损,
AWP（StatTrak™） | 暴怒野兽 (崭新出厂),AWP（StatTrak™） | 暴怒野兽,隐秘,崭新出厂,2440.00
AWP（StatTrak™） | 暴怒野兽 (久经沙场),AWP（StatTrak™） | 暴怒野兽,隐秘,久经沙场,471.50
AWP（StatTrak™） | 暴怒野兽 (破损不堪),AWP（StatTrak™） | 暴怒野兽,隐秘,破损不堪,
AWP（StatTrak™） | 暴怒野兽 (战痕累累),AWP（StatTrak™） | 暴怒野兽,隐秘,战痕累累,363.00
AWP（StatTrak™） | 暴怒野兽 (略有磨损),AWP（StatTrak™） | 暴怒野兽,隐秘,略有磨损,1300.00
MP7（StatTrak™） | 七彩斑斓 (崭新出厂),MP7（StatTrak™） | 七彩斑斓,受限,崭新出厂,82.00
MP7（StatTrak™） | 七彩斑斓 (久经沙场),MP7（StatTrak™） | 七彩斑斓,受限,久经沙场,25.00
MP7（StatTrak™） | 七彩斑斓 (破损不堪),MP7（StatTrak™） | 七彩斑斓,受限,破损不堪,30.00
MP7（StatTrak™） | 七彩斑斓 (战痕累累),MP7（StatTrak™） | 七彩斑斓,受限,战痕累累,
MP7（StatTrak™） | 七彩斑斓 (略有磨损),MP7（StatTrak™） | 七彩斑斓,受限,略有磨损,40.00
SCAR-20 | 蓝洞 (崭新出厂),SCAR-20 | 蓝洞,军规级,崭新出厂,3.85
SCAR-20 | 蓝洞 (久经沙场),SCAR-20 | 蓝洞,军规级,久经沙场,1.30
SCAR-20 | 蓝洞 (破损不堪),SCAR-20 | 蓝洞,军规级,破损不堪,2.69
SCAR-20 | 蓝洞 (战痕累累),SCAR-20 | 蓝洞,军规级,战痕累累,2.45
SCAR-20 | 蓝洞 (略有磨损),SCAR-20 | 蓝洞,军规级,略有磨损,2.39
猎杀者匕首（★） | 都市伪装 (崭新出厂),猎杀者匕首（★） | 都市伪装,隐秘,崭新出厂,
猎杀者匕首（★） | 都市伪装 (久经沙场),猎杀者匕首（★） | 都市伪装,隐秘,久经沙场,
猎杀者匕首（★） | 都市伪装 (破损不堪),猎杀者匕首（★） | 都市伪装,隐秘,破损不堪,
猎杀者匕首（★） | 都市伪装 (战痕累累),猎杀者匕首（★） | 都市伪装,隐秘,战痕累累,948.00
猎杀者匕首（★） | 都市伪装 (略有磨损),猎杀者匕首（★） | 都市伪装,隐秘,略有磨损,
SCAR-20（StatTrak™） | 暗夜活死鸡 (崭新出厂),SCAR-20（StatTrak™） | 暗夜活死鸡,军规级,崭新出厂,5.39
SCAR-20（StatTrak™） | 暗夜活死鸡 (久经沙场),SCAR-20（StatTrak™） | 暗夜活死鸡,军规级,久经沙场,1.10
SCAR-20（StatTrak™） | 暗夜活死鸡 (破损不堪),SCAR-20（StatTrak™） | 暗夜活死鸡,军规级,破损不堪,1.18
SCAR-20（StatTrak™） | 暗夜活死鸡 (战痕累累),SCAR-20（StatTrak™） | 暗夜活死鸡,军规级,战痕累累,1.24
SCAR-20（StatTrak™） | 暗夜活死鸡 (略有磨损),SCAR-20（StatTrak™） | 暗夜活死鸡,军规级,略有磨损,2.40
MP9（StatTrak™） | 富士山 (崭新出厂),MP9（StatTrak™） | 富士山,受限,崭新出厂,93.00
MP9（StatTrak™） | 富士山 (久经沙场),MP9（StatTrak™） | 富士山,受限,久经沙场,14.29
MP9（StatTrak™） | 富士山 (破损不堪),MP9（StatTrak™） | 富士山,受限,破损不堪,21.99
MP9（StatTrak™） | 富士山 (战痕累累),MP9（StatTrak™） | 富士山,受限,战痕累累,20.33
MP9（StatTrak™） | 富士山 (略有磨损),MP9（StatTrak™） | 富士山,受限,略有磨损,40.49
折刀（★） | 虎牙 (崭新出厂),折刀（★） | 虎牙,隐秘,崭新出厂,1244.99
折刀（★） | 虎牙 (略有磨损),折刀（★） | 虎牙,隐秘,略有磨损,1630.00
SG 553 | 白骨 (崭新出厂),SG 553 | 白骨,消费级,崭新出厂,2.87
SG 553 | 白骨 (久经沙场),SG 553 | 白骨,消费级,久经沙场,2.35
SG 553 | 白骨 (破损不堪),SG 553 | 白骨,消费级,破损不堪,2.55
SG 553 | 白骨 (战痕累累),SG 553 | 白骨,消费级,战痕累累,2.50
SG 553 | 白骨 (略有磨损),SG 553 | 白骨,消费级,略有磨损,2.47
PP-野牛（StatTrak™） | 路霸 (崭新出厂),PP-野牛（StatTrak™） | 路霸,受限,崭新出厂,88.00
PP-野牛（StatTrak™） | 路霸 (久经沙场),PP-野牛（StatTrak™） | 路霸,受限,久经沙场,17.20
PP-野牛（StatTrak™） | 路霸 (破损不堪),PP-野牛（StatTrak™） | 路霸,受限,破损不堪,15.00
PP-野牛（StatTrak™） | 路霸 (战痕累累),PP-野牛（StatTrak™） | 路霸,受限,战痕累累,14.73
PP-野牛（StatTrak™） | 路霸 (略有磨损),PP-野牛（StatTrak™） | 路霸,受限,略有磨损,54.35
鲍伊猎刀（★） | 人工染色 (崭新出厂),鲍伊猎刀（★） | 人工染色,隐秘,崭新出厂,
鲍伊猎刀（★） | 人工染色 (久经沙场),鲍伊猎刀（★） | 人工染色,隐秘,久经沙场,1188.00
鲍伊猎刀（★） | 人工染色 (破损不堪),鲍伊猎刀（★） | 人工染色,隐秘,破损不堪,980.00
鲍伊猎刀（★） | 人工染色 (战痕累累),鲍伊猎刀（★） | 人工染色,隐秘,战痕累累,
鲍伊猎刀（★） | 人工染色 (略有磨损),鲍伊猎刀（★） | 人工染色,隐秘,略有磨损,1239.00
AWP | 石墨黑 (崭新出厂),AWP | 石墨黑,保密,崭新出厂,1399.98
AWP | 石墨黑 (略有磨损),AWP | 石墨黑,保密,略有磨损,1367.63
MP9 | 落日 (崭新出厂),MP9 | 落日,军规级,崭新出厂,52.00
MP9 | 落日 (久经沙场),MP9 | 落日,军规级,久经沙场,30.80
MP9 | 落日 (破损不堪),MP9 | 落日,军规级,破损不堪,
MP9 | 落日 (战痕累累),MP9 | 落日,军规级,战痕累累,
MP9 | 落日 (略有磨损),MP9 | 落日,军规级,略有磨损,49.90
SSG 08（StatTrak™） | 主机001 (崭新出厂),SSG 08（StatTrak™） | 主机001,军规级,崭新出厂,13.97
SSG 08（StatTrak™） | 主机001 (久经沙场),SSG 08（StatTrak™） | 主机001,军规级,久经沙场,1.11
SSG 08（StatTrak™） | 主机001 (破损不堪),SSG 08（StatTrak™） | 主机001,军规级,破损不堪,0.95
SSG 08（StatTrak™） | 主机001 (战痕累累),SSG 08（StatTrak™） | 主机001,军规级,战痕累累,0.76
SSG 08（StatTrak™） | 主机001 (略有磨损),SSG 08（StatTrak™） | 主机001,军规级,略有磨损,2.68
流浪者匕首（★） | 狩猎网格 (崭新出厂),流浪者匕首（★） | 狩猎网格,隐秘,崭新出厂,2080.00
流浪者匕首（★） | 狩猎网格 (久经沙场),流浪者匕首（★） | 狩猎网格,隐秘,久经沙场,1170.00
流浪者匕首（★） | 狩猎网格 (破损不堪),流浪者匕首（★） | 狩猎网格,隐秘,破损不堪,1095.80
流浪者匕首（★） | 狩猎网格 (战痕累累),流浪者匕首（★） | 狩猎网格,隐秘,战痕累累,1095.79
流浪者匕首（★） | 狩猎网格 (略有磨损),流浪者匕首（★） | 狩猎网格,隐秘,略有磨损,1295.00
P2000 | 珊瑚树 (崭新出厂),P2000 | 珊瑚树,保密,崭新出厂,146.68
P2000 | 珊瑚树 (久经沙场),P2000 | 珊瑚树,保密,久经沙场,44.11
P2000 | 珊瑚树 (略有磨损),P2000 | 珊瑚树,保密,略有磨损,37.00
MAC-10 | 玩具盒子 (崭新出厂),MAC-10 | 玩具盒子,保密,崭新出厂,137.00
MAC-10 | 玩具盒子 (久经沙场),MAC-10 | 玩具盒子,保密,久经沙场,25.06
MAC-10 | 玩具盒子 (破损不堪),MAC-10 | 玩具盒子,保密,破损不堪,22.90
MAC-10 | 玩具盒子 (战痕累累),MAC-10 | 玩具盒子,保密,战痕累累,44.25
MAC-10 | 玩具盒子 (略有磨损),MAC-10 | 玩具盒子,保密,略有磨损,39.50
AK-47（StatTrak™） | 美洲猛虎 (崭新出厂),AK-47（StatTrak™） | 美洲猛虎,隐秘,崭新出厂,3200.00
AK-47（StatTrak™） | 美洲猛虎 (久经沙场),AK-47（StatTrak™） | 美洲猛虎,隐秘,久经沙场,699.00
AK-47（StatTrak™） | 美洲猛虎 (破损不堪),AK-47（StatTrak™） | 美洲猛虎,隐秘,破损不堪,779.99
AK-47（StatTrak™） | 美洲猛虎 (战痕累累),AK-47（StatTrak™） | 美洲猛虎,隐秘,战痕累累,1388.00
AK-47（StatTrak™） | 美洲猛虎 (略有磨损),AK-47（StatTrak™） | 美洲猛虎,隐秘,略有磨损,1299.99
AWP | 毛细血管 (崭新出厂),AWP | 毛细血管,军规级,崭新出厂,11.13
AWP | 毛细血管 (久经沙场),AWP | 毛细血管,军规级,久经沙场,1.15
AWP | 毛细血管 (破损不堪),AWP | 毛细血管,军规级,破损不堪,2.21
AWP | 毛细血管 (战痕累累),AWP | 毛细血管,军规级,战痕累累,1.17
AWP | 毛细血管 (略有磨损),AWP | 毛细血管,军规级,略有磨损,2.62
暗影双匕（★） | 表面淬火 (崭新出厂),暗影双匕（★） | 表面淬火,隐秘,崭新出厂,2040.00
暗影双匕（★） | 表面淬火 (久经沙场),暗影双匕（★） | 表面淬火,隐秘,久经沙场,1178.00
暗影双匕（★） | 表面淬火 (破损不堪),暗影双匕（★） | 表面淬火,隐秘,破损不堪,1138.00
暗影双匕（★） | 表面淬火 (战痕累累),暗影双匕（★） | 表面淬火,隐秘,战痕累累,1099.00
暗影双匕（★） | 表面淬火 (略有磨损),暗影双匕（★） | 表面淬火,隐秘,略有磨损,1486.00
双持贝瑞塔 | 海斗士 (崭新出厂),双持贝瑞塔 | 海斗士,受限,崭新出厂,150.00
双持贝瑞塔 | 海斗士 (久经沙场),双持贝瑞塔 | 海斗士,受限,久经沙场,33.98
双持贝瑞塔 | 海斗士 (破损不堪),双持贝瑞塔 | 海斗士,受限,破损不堪,
双持贝瑞塔 | 海斗士 (战痕累累),双持贝瑞塔 | 海斗士,受限,战痕累累,
双持贝瑞塔 | 海斗士 (略有磨损),双持贝瑞塔 | 海斗士,受限,略有磨损,37.22
AWP（StatTrak™） | 野火 (崭新出厂),AWP（StatTrak™） | 野火,隐秘,崭新出厂,2329.67
AWP（StatTrak™） | 野火 (久经沙场),AWP（StatTrak™） | 野火,隐秘,久经沙场,767.56
AWP（StatTrak™） | 野火 (破损不堪),AWP（StatTrak™） | 野火,隐秘,破损不堪,788.00
AWP（StatTrak™） | 野火 (战痕累累),AWP（StatTrak™） | 野火,隐秘,战痕累累,480.00
AWP（StatTrak™） | 野火 (略有磨损),AWP（StatTrak™） | 野火,隐秘,略有磨损,1410.00
MP9 | 铁血玫瑰 (崭新出厂),MP9 | 铁血玫瑰,受限,崭新出厂,51.08
MP9 | 铁血玫瑰 (久经沙场),MP9 | 铁血玫瑰,受限,久经沙场,43.00
MP9 | 铁血玫瑰 (略有磨损),MP9 | 铁血玫瑰,受限,略有磨损,42.00
弯刀（★） | 大马士革钢 (崭新出厂),弯刀（★） | 大马士革钢,隐秘,崭新出厂,1486.51
弯刀（★） | 大马士革钢 (久经沙场),弯刀（★） | 大马士革钢,隐秘,久经沙场,1089.00
弯刀（★） | 大马士革钢 (破损不堪),弯刀（★） | 大马士革钢,隐秘,破损不堪,
弯刀（★） | 大马士革钢 (战痕累累),弯刀（★） | 大马士革钢,隐秘,战痕累累,
弯刀（★） | 大马士革钢 (略有磨损),弯刀（★） | 大马士革钢,隐秘,略有磨损,1297.00
SG 553（纪念品） | 沙漠之花 (崭新出厂),SG 553（纪念品） | 沙漠之花,军规级,崭新出厂,7.17
SG 553（纪念品） | 沙漠之花 (久经沙场),SG 553（纪念品） | 沙漠之花,军规级,久经沙场,1.37
SG 553（纪念品） | 沙漠之花 (破损不堪),SG 553（纪念品） | 沙漠之花,军规级,破损不堪,2.40
SG 553（纪念品） | 沙漠之花 (战痕累累),SG 553（纪念品） | 沙漠之花,军规级,战痕累累,2.43
SG 553（纪念品） | 沙漠之花 (略有磨损),SG 553（纪念品） | 沙漠之花,军规级,略有磨损,2.38
PP-野牛 | 阿努比斯之审判 (崭新出厂),PP-野牛 | 阿努比斯之审判,隐秘,崭新出厂,70.16
PP-野牛 | 阿努比斯之审判 (久经沙场),PP-野牛 | 阿努比斯之审判,隐秘,久经沙场,31.00
PP-野牛 | 阿努比斯之审判 (破损不堪),PP-野牛 | 阿努比斯之审判,隐秘,破损不堪,31.90
PP-野牛 | 阿努比斯之审判 (战痕累累),PP-野牛 | 阿努比斯之审判,隐秘,战痕累累,34.99
PP-野牛 | 阿努比斯之审判 (略有磨损),PP-野牛 | 阿努比斯之审判,隐秘,略有磨损,42.08
求生匕首（★） | 蓝钢 (崭新出厂),求生匕首（★） | 蓝钢,隐秘,崭新出厂,1950.00
求生匕首（★） | 蓝钢 (久经沙场),求生匕首（★） | 蓝钢,隐秘,久经沙场,1200.00
求生匕首（★） | 蓝钢 (破损不堪),求生匕首（★） | 蓝钢,隐秘,破损不堪,1016.00
求生匕首（★） | 蓝钢 (战痕累累),求生匕首（★） | 蓝钢,隐秘,战痕累累,999.00
求生匕首（★） | 蓝钢 (略有磨损),求生匕首（★） | 蓝钢,隐秘,略有磨损,1280.00
SCAR-20 | 绿色陆战队 (崭新出厂),SCAR-20 | 绿色陆战队,军规级,崭新出厂,5.29
SCAR-20 | 绿色陆战队 (久经沙场),SCAR-20 | 绿色陆战队,军规级,久经沙场,1.03
SCAR-20 | 绿色陆战队 (破损不堪),SCAR-20 | 绿色陆战队,军规级,破损不堪,1.91
SCAR-20 | 绿色陆战队 (战痕累累),SCAR-20 | 绿色陆战队,军规级,战痕累累,2.72
SCAR-20 | 绿色陆战队 (略有磨损),SCAR-20 | 绿色陆战队,军规级,略有磨损,2.64
FN57 | 怒氓 (崭新出厂),FN57 | 怒氓,隐秘,崭新出厂,84.46
FN57 | 怒氓 (久经沙场),FN57 | 怒氓,隐秘,久经沙场,23.84
FN57 | 怒氓 (破损不堪),FN57 | 怒氓,隐秘,破损不堪,27.99
FN57 | 怒氓 (战痕累累),FN57 | 怒氓,隐秘,战痕累累,22.70
FN57 | 怒氓 (略有磨损),FN57 | 怒氓,隐秘,略有磨损,45.47
法玛斯 | 奈芙蒂斯之河 (崭新出厂),法玛斯 | 奈芙蒂斯之河,保密,崭新出厂,1937.06
法玛斯 | 奈芙蒂斯之河 (久经沙场),法玛斯 | 奈芙蒂斯之河,保密,久经沙场,795.00
法玛斯 | 奈芙蒂斯之河 (破损不堪),法玛斯 | 奈芙蒂斯之河,保密,破损不堪,777.00
法玛斯 | 奈芙蒂斯之河 (战痕累累),法玛斯 | 奈芙蒂斯之河,保密,战痕累累,600.00
法玛斯 | 奈芙蒂斯之河 (略有磨损),法玛斯 | 奈芙蒂斯之河,保密,略有磨损,1440.00
穿肠刀（★） | 噩梦之夜 (崭新出厂),穿肠刀（★） | 噩梦之夜,隐秘,崭新出厂,
穿肠刀（★） | 噩梦之夜 (久经沙场),穿肠刀（★） | 噩梦之夜,隐秘,久经沙场,870.00
穿肠刀（★） | 噩梦之夜 (破损不堪),穿肠刀（★） | 噩梦之夜,隐秘,破损不堪,
穿肠刀（★） | 噩梦之夜 (战痕累累),穿肠刀（★） | 噩梦之夜,隐秘,战痕累累,750.00
穿肠刀（★） | 噩梦之夜 (略有磨损),穿肠刀（★） | 噩梦之夜,隐秘,略有磨损,1250.00
法玛斯 | 线路故障 (崭新出厂),法玛斯 | 线路故障,消费级,崭新出厂,3.70
法玛斯 | 线路故障 (久经沙场),法玛斯 | 线路故障,消费级,久经沙场,2.84
法玛斯 | 线路故障 (破损不堪),法玛斯 | 线路故障,消费级,破损不堪,2.86
法玛斯 | 线路故障 (战痕累累),法玛斯 | 线路故障,消费级,战痕累累,4.95
法玛斯 | 线路故障 (略有磨损),法玛斯 | 线路故障,消费级,略有磨损,2.86
AK-47（StatTrak™） | 荒野反叛 (崭新出厂),AK-47（StatTrak™） | 荒野反叛,隐秘,崭新出厂,
AK-47（StatTrak™） | 荒野反叛 (久经沙场),AK-47（StatTrak™） | 荒野反叛,隐秘,久经沙场,601.49
AK-47（StatTrak™） | 荒野反叛 (破损不堪),AK-47（StatTrak™） | 荒野反叛,隐秘,破损不堪,
AK-47（StatTrak™） | 荒野反叛 (战痕累累),AK-47（StatTrak™） | 荒野反叛,隐秘,战痕累累,888.88
AK-47（StatTrak™） | 荒野反叛 (略有磨损),AK-47（StatTrak™） | 荒野反叛,隐秘,略有磨损,1150.00
FN57（StatTrak™） | 三位一体 (崭新出厂),FN57（StatTrak™） | 三位一体,受限,崭新出厂,396.40
FN57（StatTrak™） | 三位一体 (久经沙场),FN57（StatTrak™） | 三位一体,受限,久经沙场,29.19
FN57（StatTrak™） | 三位一体 (破损不堪),FN57（StatTrak™） | 三位一体,受限,破损不堪,
FN57（StatTrak™） | 三位一体 (战痕累累),FN57（StatTrak™） | 三位一体,受限,战痕累累,
FN57（StatTrak™） | 三位一体 (略有磨损),FN57（StatTrak™） | 三位一体,受限,略有磨损,41.00
MP7 | 地下水 (崭新出厂),MP7 | 地下水,消费级,崭新出厂,
MP7 | 地下水 (久经沙场),MP7 | 地下水,消费级,久经沙场,
MP7 | 地下水 (破损不堪),MP7 | 地下水,消费级,破损不堪,
MP7 | 地下水 (战痕累累),MP7 | 地下水,消费级,战痕累累,
MP7 | 地下水 (略有磨损),MP7 | 地下水,消费级,略有磨损,45.00
AK-47（StatTrak™） | 血腥运动 (崭新出厂),AK-47（StatTrak™） | 血腥运动,隐秘,崭新出厂,2002.47
AK-47（StatTrak™） | 血腥运动 (久经沙场),AK-47（StatTrak™） | 血腥运动,隐秘,久经沙场,1191.39
AK-47（StatTrak™） | 血腥运动 (破损不堪),AK-47（StatTrak™） | 血腥运动,隐秘,破损不堪,
AK-47（StatTrak™） | 血腥运动 (略有磨损),AK-47（StatTrak™） | 血腥运动,隐秘,略有磨损,1498.00
沙漠之鹰 | 噩梦之夜 (崭新出厂),沙漠之鹰 | 噩梦之夜,工业级,崭新出厂,300.00
沙漠之鹰 | 噩梦之夜 (久经沙场),沙漠之鹰 | 噩梦之夜,工业级,久经沙场,36.30
沙漠之鹰 | 噩梦之夜 (破损不堪),沙漠之鹰 | 噩梦之夜,工业级,破损不堪,38.00
沙漠之鹰 | 噩梦之夜 (战痕累累),沙漠之鹰 | 噩梦之夜,工业级,战痕累累,39.99
沙漠之鹰 | 噩梦之夜 (略有磨损),沙漠之鹰 | 噩梦之夜,工业级,略有磨损,41.86
折刀（★） | 深红之网 (崭新出厂),折刀（★） | 深红之网,隐秘,崭新出厂,
折刀（★） | 深红之网 (久经沙场),折刀（★） | 深红之网,隐秘,久经沙场,847.80
折刀（★） | 深红之网 (破损不堪),折刀（★） | 深红之网,隐秘,破损不堪,850.00
折刀（★） | 深红之网 (战痕累累),折刀（★） | 深红之网,隐秘,战痕累累,1080.00
折刀（★） | 深红之网 (略有磨损),折刀（★） | 深红之网,隐秘,略有磨损,1250.00
SG 553（StatTrak™） | 擎天神 (崭新出厂),SG 553（StatTrak™） | 擎天神,军规级,崭新出厂,6.46
SG 553（StatTrak™） | 擎天神 (久经沙场),SG 553（StatTrak™） | 擎天神,军规级,久经沙场,1.02
SG 553（StatTrak™） | 擎天神 (破损不堪),SG 553（StatTrak™） | 擎天神,军规级,破损不堪,3.95
SG 553（StatTrak™） | 擎天神 (战痕累累),SG 553（StatTrak™） | 擎天神,军规级,战痕累累,0.90
SG 553（StatTrak™） | 擎天神 (略有磨损),SG 553（StatTrak™） | 擎天神,军规级,略有磨损,2.65
MP7 | 海之泡沫 (崭新出厂),MP7 | 海之泡沫,受限,崭新出厂,24.68
MP7 | 海之泡沫 (略有磨损),MP7 | 海之泡沫,受限,略有磨损,45.50
SG 553 | 玩命职场 (崭新出厂),SG 553 | 玩命职场,保密,崭新出厂,2040.00
SG 553 | 玩命职场 (久经沙场),SG 553 | 玩命职场,保密,久经沙场,1152.52
SG 553 | 玩命职场 (破损不堪),SG 553 | 玩命职场,保密,破损不堪,999.00
SG 553 | 玩命职场 (战痕累累),SG 553 | 玩命职场,保密,战痕累累,
SG 553 | 玩命职场 (略有磨损),SG 553 | 玩命职场,保密,略有磨损,1450.00
海豹短刀（★ StatTrak™） | 狩猎网格 (久经沙场),海豹短刀（★ StatTrak™） | 狩猎网格,隐秘,久经沙场,1000.00
海豹短刀（★ StatTrak™） | 狩猎网格 (破损不堪),海豹短刀（★ StatTrak™） | 狩猎网格,隐秘,破损不堪,
海豹短刀（★ StatTrak™） | 狩猎网格 (战痕累累),海豹短刀（★ StatTrak™） | 狩猎网格,隐秘,战痕累累,1026.00
海豹短刀（★ StatTrak™） | 狩猎网格 (略有磨损),海豹短刀（★ StatTrak™） | 狩猎网格,隐秘,略有磨损,1255.00
SSG 08 | 通灵者 (崭新出厂),SSG 08 | 通灵者,军规级,崭新出厂,6.69
SSG 08 | 通灵者 (久经沙场),SSG 08 | 通灵者,军规级,久经沙场,2.85
SSG 08 | 通灵者 (破损不堪),SSG 08 | 通灵者,军规级,破损不堪,3.82
SSG 08 | 通灵者 (战痕累累),SSG 08 | 通灵者,军规级,战痕累累,3.50
SSG 08 | 通灵者 (略有磨损),SSG 08 | 通灵者,军规级,略有磨损,3.80
UMP-45（StatTrak™） | 金铋辉煌 (崭新出厂),UMP-45（StatTrak™） | 金铋辉煌,受限,崭新出厂,70.00
UMP-45（StatTrak™） | 金铋辉煌 (久经沙场),UMP-45（StatTrak™） | 金铋辉煌,受限,久经沙场,21.50
UMP-45（StatTrak™） | 金铋辉煌 (破损不堪),UMP-45（StatTrak™） | 金铋辉煌,受限,破损不堪,19.70
UMP-45（StatTrak™） | 金铋辉煌 (战痕累累),UMP-45（StatTrak™） | 金铋辉煌,受限,战痕累累,15.41
UMP-45（StatTrak™） | 金铋辉煌 (略有磨损),UMP-45（StatTrak™） | 金铋辉煌,受限,略有磨损,46.43
AK-47（StatTrak™） | 红线 (久经沙场),AK-47（StatTrak™） | 红线,保密,久经沙场,323.33
AK-47（StatTrak™） | 红线 (破损不堪),AK-47（StatTrak™） | 红线,保密,破损不堪,328.99
AK-47（StatTrak™） | 红线 (战痕累累),AK-47（StatTrak™） | 红线,保密,战痕累累,178.02
AK-47（StatTrak™） | 红线 (略有磨损),AK-47（StatTrak™） | 红线,保密,略有磨损,1695.41
法玛斯（StatTrak™） | 退役 (崭新出厂),法玛斯（StatTrak™） | 退役,军规级,崭新出厂,15.30
法玛斯（StatTrak™） | 退役 (久经沙场),法玛斯（StatTrak™） | 退役,军规级,久经沙场,2.14
法玛斯（StatTrak™） | 退役 (破损不堪),法玛斯（StatTrak™） | 退役,军规级,破损不堪,1.60
法玛斯（StatTrak™） | 退役 (战痕累累),法玛斯（StatTrak™） | 退役,军规级,战痕累累,1.59
法玛斯（StatTrak™） | 退役 (略有磨损),法玛斯（StatTrak™） | 退役,军规级,略有磨损,3.44
格洛克 18 型 | 摩登时代 (崭新出厂),格洛克 18 型 | 摩登时代,保密,崭新出厂,68.41
格洛克 18 型 | 摩登时代 (久经沙场),格洛克 18 型 | 摩登时代,保密,久经沙场,24.40
格洛克 18 型 | 摩登时代 (破损不堪),格洛克 18 型 | 摩登时代,保密,破损不堪,23.82
格洛克 18 型 | 摩登时代 (战痕累累),格洛克 18 型 | 摩登时代,保密,战痕累累,20.22
格洛克 18 型 | 摩登时代 (略有磨损),格洛克 18 型 | 摩登时代,保密,略有磨损,45.17
求生匕首（★） | 夜色 (崭新出厂),求生匕首（★） | 夜色,隐秘,崭新出厂,
求生匕首（★） | 夜色 (久经沙场),求生匕首（★） | 夜色,隐秘,久经沙场,998.99
求生匕首（★） | 夜色 (破损不堪),求生匕首（★） | 夜色,隐秘,破损不堪,
求生匕首（★） | 夜色 (战痕累累),求生匕首（★） | 夜色,隐秘,战痕累累,880.00
求生匕首（★） | 夜色 (略有磨损),求生匕首（★） | 夜色,隐秘,略有磨损,1258.00
AK-47 | 迷踪秘境 (崭新出厂),AK-47 | 迷踪秘境,军规级,崭新出厂,7.70
AK-47 | 迷踪秘境 (久经沙场),AK-47 | 迷踪秘境,军规级,久经沙场,1.78
AK-47 | 迷踪秘境 (破损不堪),AK-47 | 迷踪秘境,军规级,破损不堪,6.76
AK-47 | 迷踪秘境 (战痕累累),AK-47 | 迷踪秘境,军规级,战痕累累,2.02
AK-47 | 迷踪秘境 (略有磨损),AK-47 | 迷踪秘境,军规级,略有磨损,3.13
USP 消音版 | 绿色伞兵 (崭新出厂),USP 消音版 | 绿色伞兵,工业级,崭新出厂,88.00
USP 消音版 | 绿色伞兵 (久经沙场),USP 消音版 | 绿色伞兵,工业级,久经沙场,43.36
USP 消音版 | 绿色伞兵 (破损不堪),USP 消音版 | 绿色伞兵,工业级,破损不堪,86.00
USP 消音版 | 绿色伞兵 (战痕累累),USP 消音版 | 绿色伞兵,工业级,战痕累累,45.00
USP 消音版 | 绿色伞兵 (略有磨损),USP 消音版 | 绿色伞兵,工业级,略有磨损,44.45
MAC-10（纪念品） | 红苹果 (崭新出厂),MAC-10（纪念品） | 红苹果,工业级,崭新出厂,120.00
MAC-10（纪念品） | 红苹果 (久经沙场),MAC-10（纪念品） | 红苹果,工业级,久经沙场,45.00
MAC-10（纪念品） | 红苹果 (略有磨损),MAC-10（纪念品） | 红苹果,工业级,略有磨损,47.00
鲍伊猎刀（★） | 自由之手 (崭新出厂),鲍伊猎刀（★） | 自由之手,隐秘,崭新出厂,1600.00
鲍伊猎刀（★） | 自由之手 (久经沙场),鲍伊猎刀（★） | 自由之手,隐秘,久经沙场,1108.00
鲍伊猎刀（★） | 自由之手 (破损不堪),鲍伊猎刀（★） | 自由之手,隐秘,破损不堪,
鲍伊猎刀（★） | 自由之手 (战痕累累),鲍伊猎刀（★） | 自由之手,隐秘,战痕累累,50000.00
鲍伊猎刀（★） | 自由之手 (略有磨损),鲍伊猎刀（★） | 自由之手,隐秘,略有磨损,1278.00
M4A1 消音型（StatTrak™） | 金蛇缠绕 (崭新出厂),M4A1 消音型（StatTrak™） | 金蛇缠绕,隐秘,崭新出厂,2346.65
M4A1 消音型（StatTrak™） | 金蛇缠绕 (久经沙场),M4A1 消音型（StatTrak™） | 金蛇缠绕,隐秘,久经沙场,714.03
M4A1 消音型（StatTrak™） | 金蛇缠绕 (破损不堪),M4A1 消音型（StatTrak™） | 金蛇缠绕,隐秘,破损不堪,
M4A1 消音型（StatTrak™） | 金蛇缠绕 (战痕累累),M4A1 消音型（StatTrak™） | 金蛇缠绕,隐秘,战痕累累,399.99
M4A1 消音型（StatTrak™） | 金蛇缠绕 (略有磨损),M4A1 消音型（StatTrak™） | 金蛇缠绕,隐秘,略有磨损,1200.00
Tec-9（StatTrak™） | 剪纸 (崭新出厂),Tec-9（StatTrak™） | 剪纸,军规级,崭新出厂,140.00
Tec-9（StatTrak™） | 剪纸 (久经沙场),Tec-9（StatTrak™） | 剪纸,军规级,久经沙场,26.00
Tec-9（StatTrak™） | 剪纸 (破损不堪),Tec-9（StatTrak™） | 剪纸,军规级,破损不堪,
Tec-9（StatTrak™） | 剪纸 (战痕累累),Tec-9（StatTrak™） | 剪纸,军规级,战痕累累,24.65
Tec-9（StatTrak™） | 剪纸 (略有磨损),Tec-9（StatTrak™） | 剪纸,军规级,略有磨损,43.91
MAC-10 | 阿罗哈 (崭新出厂),MAC-10 | 阿罗哈,军规级,崭新出厂,44.90
MAC-10 | 阿罗哈 (久经沙场),MAC-10 | 阿罗哈,军规级,久经沙场,39.00
MAC-10 | 阿罗哈 (破损不堪),MAC-10 | 阿罗哈,军规级,破损不堪,
MAC-10 | 阿罗哈 (战痕累累),MAC-10 | 阿罗哈,军规级,战痕累累,
MAC-10 | 阿罗哈 (略有磨损),MAC-10 | 阿罗哈,军规级,略有磨损,48.00
海豹短刀（★） | 枯焦之色 (崭新出厂),海豹短刀（★） | 枯焦之色,隐秘,崭新出厂,
海豹短刀（★） | 枯焦之色 (久经沙场),海豹短刀（★） | 枯焦之色,隐秘,久经沙场,1122.00
海豹短刀（★） | 枯焦之色 (破损不堪),海豹短刀（★） | 枯焦之色,隐秘,破损不堪,1800.00
海豹短刀（★） | 枯焦之色 (战痕累累),海豹短刀（★） | 枯焦之色,隐秘,战痕累累,1080.00
海豹短刀（★） | 枯焦之色 (略有磨损),海豹短刀（★） | 枯焦之色,隐秘,略有磨损,1089.50
SSG 08 | 丛林虚线 (崭新出厂),SSG 08 | 丛林虚线,消费级,崭新出厂,
SSG 08 | 丛林虚线 (久经沙场),SSG 08 | 丛林虚线,消费级,久经沙场,1.97
SSG 08 | 丛林虚线 (破损不堪),SSG 08 | 丛林虚线,消费级,破损不堪,4.53
SSG 08 | 丛林虚线 (战痕累累),SSG 08 | 丛林虚线,消费级,战痕累累,2.98
SSG 08 | 丛林虚线 (略有磨损),SSG 08 | 丛林虚线,消费级,略有磨损,2.47
M4A1 消音型 | 神来之作 (崭新出厂),M4A1 消音型 | 神来之作,保密,崭新出厂,3898.00
M4A1 消音型 | 神来之作 (久经沙场),M4A1 消音型 | 神来之作,保密,久经沙场,1000.00
M4A1 消音型 | 神来之作 (破损不堪),M4A1 消音型 | 神来之作,保密,破损不堪,700.00
M4A1 消音型 | 神来之作 (战痕累累),M4A1 消音型 | 神来之作,保密,战痕累累,
M4A1 消音型 | 神来之作 (略有磨损),M4A1 消音型 | 神来之作,保密,略有磨损,1650.00
格洛克 18 型 | 零食派对 (崭新出厂),格洛克 18 型 | 零食派对,保密,崭新出厂,150.00
格洛克 18 型 | 零食派对 (久经沙场),格洛克 18 型 | 零食派对,保密,久经沙场,27.80
格洛克 18 型 | 零食派对 (破损不堪),格洛克 18 型 | 零食派对,保密,破损不堪,19.95
格洛克 18 型 | 零食派对 (战痕累累),格洛克 18 型 | 零食派对,保密,战痕累累,21.00
格洛克 18 型 | 零食派对 (略有磨损),格洛克 18 型 | 零食派对,保密,略有磨损,41.09
MP7 | 复仇者 (崭新出厂),MP7 | 复仇者,保密,崭新出厂,96.00
MP7 | 复仇者 (久经沙场),MP7 | 复仇者,保密,久经沙场,38.02
MP7 | 复仇者 (略有磨损),MP7 | 复仇者,保密,略有磨损,46.69
鲍伊猎刀（★） | 噩梦之夜 (崭新出厂),鲍伊猎刀（★） | 噩梦之夜,隐秘,崭新出厂,
鲍伊猎刀（★） | 噩梦之夜 (久经沙场),鲍伊猎刀（★） | 噩梦之夜,隐秘,久经沙场,1899.00
鲍伊猎刀（★） | 噩梦之夜 (破损不堪),鲍伊猎刀（★） | 噩梦之夜,隐秘,破损不堪,
鲍伊猎刀（★） | 噩梦之夜 (战痕累累),鲍伊猎刀（★） | 噩梦之夜,隐秘,战痕累累,1050.00
鲍伊猎刀（★） | 噩梦之夜 (略有磨损),鲍伊猎刀（★） | 噩梦之夜,隐秘,略有磨损,
AK-47（StatTrak™） | 一发入魂 (崭新出厂),AK-47（StatTrak™） | 一发入魂,隐秘,崭新出厂,4800.00
AK-47（StatTrak™） | 一发入魂 (久经沙场),AK-47（StatTrak™） | 一发入魂,隐秘,久经沙场,780.00
AK-47（StatTrak™） | 一发入魂 (破损不堪),AK-47（StatTrak™） | 一发入魂,隐秘,破损不堪,516.92
AK-47（StatTrak™） | 一发入魂 (战痕累累),AK-47（StatTrak™） | 一发入魂,隐秘,战痕累累,348.00
AK-47（StatTrak™） | 一发入魂 (略有磨损),AK-47（StatTrak™） | 一发入魂,隐秘,略有磨损,1597.40
SSG 08 | 碧蓝雕文 (崭新出厂),SSG 08 | 碧蓝雕文,工业级,崭新出厂,8.76
SSG 08 | 碧蓝雕文 (久经沙场),SSG 08 | 碧蓝雕文,工业级,久经沙场,2.00
SSG 08 | 碧蓝雕文 (破损不堪),SSG 08 | 碧蓝雕文,工业级,破损不堪,1.69
SSG 08 | 碧蓝雕文 (战痕累累),SSG 08 | 碧蓝雕文,工业级,战痕累累,1.70
SSG 08 | 碧蓝雕文 (略有磨损),SSG 08 | 碧蓝雕文,工业级,略有磨损,3.40
CZ75 | 维多利亚 (崭新出厂),CZ75 | 维多利亚,隐秘,崭新出厂,79.10
CZ75 | 维多利亚 (久经沙场),CZ75 | 维多利亚,隐秘,久经沙场,34.62
CZ75 | 维多利亚 (破损不堪),CZ75 | 维多利亚,隐秘,破损不堪,
CZ75 | 维多利亚 (战痕累累),CZ75 | 维多利亚,隐秘,战痕累累,42.50
CZ75 | 维多利亚 (略有磨损),CZ75 | 维多利亚,隐秘,略有磨损,44.45
MP7（StatTrak™） | 血腥运动 (崭新出厂),MP7（StatTrak™） | 血腥运动,隐秘,崭新出厂,124.24
MP7（StatTrak™） | 血腥运动 (久经沙场),MP7（StatTrak™） | 血腥运动,隐秘,久经沙场,28.50
MP7（StatTrak™） | 血腥运动 (破损不堪),MP7（StatTrak™） | 血腥运动,隐秘,破损不堪,49.37
MP7（StatTrak™） | 血腥运动 (战痕累累),MP7（StatTrak™） | 血腥运动,隐秘,战痕累累,32.00
MP7（StatTrak™） | 血腥运动 (略有磨损),MP7（StatTrak™） | 血腥运动,隐秘,略有磨损,52.95
弯刀（★） | 自由之手 (崭新出厂),弯刀（★） | 自由之手,隐秘,崭新出厂,1426.00
弯刀（★） | 自由之手 (久经沙场),弯刀（★） | 自由之手,隐秘,久经沙场,1129.00
弯刀（★） | 自由之手 (破损不堪),弯刀（★） | 自由之手,隐秘,破损不堪,1000.00
弯刀（★） | 自由之手 (战痕累累),弯刀（★） | 自由之手,隐秘,战痕累累,
弯刀（★） | 自由之手 (略有磨损),弯刀（★） | 自由之手,隐秘,略有磨损,1260.00
加利尔 AR | 破坏者 (崭新出厂),加利尔 AR | 破坏者,军规级,崭新出厂,7.12
加利尔 AR | 破坏者 (久经沙场),加利尔 AR | 破坏者,军规级,久经沙场,2.87
加利尔 AR | 破坏者 (破损不堪),加利尔 AR | 破坏者,军规级,破损不堪,2.81
加利尔 AR | 破坏者 (战痕累累),加利尔 AR | 破坏者,军规级,战痕累累,1.38
加利尔 AR | 破坏者 (略有磨损),加利尔 AR | 破坏者,军规级,略有磨损,3.16
AWP | 锦虎 (崭新出厂),AWP | 锦虎,保密,崭新出厂,2125.00
AWP | 锦虎 (久经沙场),AWP | 锦虎,保密,久经沙场,960.64
AWP | 锦虎 (破损不堪),AWP | 锦虎,保密,破损不堪,860.00
AWP | 锦虎 (战痕累累),AWP | 锦虎,保密,战痕累累,
AWP | 锦虎 (略有磨损),AWP | 锦虎,保密,略有磨损,1676.00
熊刀（★） | 都市伪装 (崭新出厂),熊刀（★） | 都市伪装,隐秘,崭新出厂,
熊刀（★） | 都市伪装 (久经沙场),熊刀（★） | 都市伪装,隐秘,久经沙场,1068.65
熊刀（★） | 都市伪装 (破损不堪),熊刀（★） | 都市伪装,隐秘,破损不堪,1050.00
熊刀（★） | 都市伪装 (战痕累累),熊刀（★） | 都市伪装,隐秘,战痕累累,910.00
熊刀（★） | 都市伪装 (略有磨损),熊刀（★） | 都市伪装,隐秘,略有磨损,1380.00
UMP-45 | 白骨之堆 (崭新出厂),UMP-45 | 白骨之堆,军规级,崭新出厂,85.00
UMP-45 | 白骨之堆 (久经沙场),UMP-45 | 白骨之堆,军规级,久经沙场,41.03
UMP-45 | 白骨之堆 (略有磨损),UMP-45 | 白骨之堆,军规级,略有磨损,48.31
法玛斯 | 幸存者 Z (崭新出厂),法玛斯 | 幸存者 Z,军规级,崭新出厂,3.99
法玛斯 | 幸存者 Z (久经沙场),法玛斯 | 幸存者 Z,军规级,久经沙场,1.34
法玛斯 | 幸存者 Z (破损不堪),法玛斯 | 幸存者 Z,军规级,破损不堪,2.88
法玛斯 | 幸存者 Z (战痕累累),法玛斯 | 幸存者 Z,军规级,战痕累累,9.67
法玛斯 | 幸存者 Z (略有磨损),法玛斯 | 幸存者 Z,军规级,略有磨损,2.37
海豹短刀（★） | 夜色 (崭新出厂),海豹短刀（★） | 夜色,隐秘,崭新出厂,
海豹短刀（★） | 夜色 (久经沙场),海豹短刀（★） | 夜色,隐秘,久经沙场,1300.00
海豹短刀（★） | 夜色 (破损不堪),海豹短刀（★） | 夜色,隐秘,破损不堪,1770.00
海豹短刀（★） | 夜色 (战痕累累),海豹短刀（★） | 夜色,隐秘,战痕累累,1360.00
海豹短刀（★） | 夜色 (略有磨损),海豹短刀（★） | 夜色,隐秘,略有磨损,1288.00
AK-47 | 表面淬火 (崭新出厂),AK-47 | 表面淬火,保密,崭新出厂,2501.00
AK-47 | 表面淬火 (久经沙场),AK-47 | 表面淬火,保密,久经沙场,1450.00
AK-47 | 表面淬火 (破损不堪),AK-47 | 表面淬火,保密,破损不堪,1269.00
AK-47 | 表面淬火 (战痕累累),AK-47 | 表面淬火,保密,战痕累累,1043.00
AK-47 | 表面淬火 (略有磨损),AK-47 | 表面淬火,保密,略有磨损,1786.96
PP-野牛（StatTrak™） | 水纹之印 (崭新出厂),PP-野牛（StatTrak™） | 水纹之印,军规级,崭新出厂,32.00
PP-野牛（StatTrak™） | 水纹之印 (久经沙场),PP-野牛（StatTrak™） | 水纹之印,军规级,久经沙场,96.83
PP-野牛（StatTrak™） | 水纹之印 (破损不堪),PP-野牛（StatTrak™） | 水纹之印,军规级,破损不堪,
PP-野牛（StatTrak™） | 水纹之印 (战痕累累),PP-野牛（StatTrak™） | 水纹之印,军规级,战痕累累,44.00
PP-野牛（StatTrak™） | 水纹之印 (略有磨损),PP-野牛（StatTrak™） | 水纹之印,军规级,略有磨损,49.00
Tec-9 | 剪纸 (崭新出厂),Tec-9 | 剪纸,军规级,崭新出厂,48.88
Tec-9 | 剪纸 (久经沙场),Tec-9 | 剪纸,军规级,久经沙场,41.36
Tec-9 | 剪纸 (破损不堪),Tec-9 | 剪纸,军规级,破损不堪,
Tec-9 | 剪纸 (战痕累累),Tec-9 | 剪纸,军规级,战痕累累,
Tec-9 | 剪纸 (略有磨损),Tec-9 | 剪纸,军规级,略有磨损,44.44
SCAR-20（纪念品） | 沙漠网格 (崭新出厂),SCAR-20（纪念品） | 沙漠网格,消费级,崭新出厂,44.35
SCAR-20（纪念品） | 沙漠网格 (久经沙场),SCAR-20（纪念品） | 沙漠网格,消费级,久经沙场,1.45
SCAR-20（纪念品） | 沙漠网格 (破损不堪),SCAR-20（纪念品） | 沙漠网格,消费级,破损不堪,2.35
SCAR-20（纪念品） | 沙漠网格 (战痕累累),SCAR-20（纪念品） | 沙漠网格,消费级,战痕累累,2.58
SCAR-20（纪念品） | 沙漠网格 (略有磨损),SCAR-20（纪念品） | 沙漠网格,消费级,略有磨损,3.40
M4A1 消音型 | 印花集 (崭新出厂),M4A1 消音型 | 印花集,隐秘,崭新出厂,3344.00
M4A1 消音型 | 印花集 (久经沙场),M4A1 消音型 | 印花集,隐秘,久经沙场,1157.75
M4A1 消音型 | 印花集 (破损不堪),M4A1 消音型 | 印花集,隐秘,破损不堪,990.00
M4A1 消音型 | 印花集 (战痕累累),M4A1 消音型 | 印花集,隐秘,战痕累累,729.84
M4A1 消音型 | 印花集 (略有磨损),M4A1 消音型 | 印花集,隐秘,略有磨损,1801.93
鲍伊猎刀（★） | 黑色层压板 (崭新出厂),鲍伊猎刀（★） | 黑色层压板,隐秘,崭新出厂,1997.00
鲍伊猎刀（★） | 黑色层压板 (久经沙场),鲍伊猎刀（★） | 黑色层压板,隐秘,久经沙场,1180.00
鲍伊猎刀（★） | 黑色层压板 (破损不堪),鲍伊猎刀（★） | 黑色层压板,隐秘,破损不堪,1200.00
鲍伊猎刀（★） | 黑色层压板 (战痕累累),鲍伊猎刀（★） | 黑色层压板,隐秘,战痕累累,
鲍伊猎刀（★） | 黑色层压板 (略有磨损),鲍伊猎刀（★） | 黑色层压板,隐秘,略有磨损,1249.00
AUG（StatTrak™） | 三角战术 (崭新出厂),AUG（StatTrak™） | 三角战术,军规级,崭新出厂,14.97
AUG（StatTrak™） | 三角战术 (久经沙场),AUG（StatTrak™） | 三角战术,军规级,久经沙场,1.00
AUG（StatTrak™） | 三角战术 (破损不堪),AUG（StatTrak™） | 三角战术,军规级,破损不堪,1.04
AUG（StatTrak™） | 三角战术 (战痕累累),AUG（StatTrak™） | 三角战术,军规级,战痕累累,0.99
AUG（StatTrak™） | 三角战术 (略有磨损),AUG（StatTrak™） | 三角战术,军规级,略有磨损,3.02
AK-47 | 燃料喷射器 (崭新出厂),AK-47 | 燃料喷射器,隐秘,崭新出厂,3479.32
AK-47 | 燃料喷射器 (久经沙场),AK-47 | 燃料喷射器,隐秘,久经沙场,1085.98
AK-47 | 燃料喷射器 (破损不堪),AK-47 | 燃料喷射器,隐秘,破损不堪,798.27
AK-47 | 燃料喷射器 (战痕累累),AK-47 | 燃料喷射器,隐秘,战痕累累,593.00
AK-47 | 燃料喷射器 (略有磨损),AK-47 | 燃料喷射器,隐秘,略有磨损,1739.50
FN57 | 狂野丛林 (崭新出厂),FN57 | 狂野丛林,消费级,崭新出厂,
FN57 | 狂野丛林 (久经沙场),FN57 | 狂野丛林,消费级,久经沙场,15.00
FN57 | 狂野丛林 (破损不堪),FN57 | 狂野丛林,消费级,破损不堪,7.91
FN57 | 狂野丛林 (战痕累累),FN57 | 狂野丛林,消费级,战痕累累,
FN57 | 狂野丛林 (略有磨损),FN57 | 狂野丛林,消费级,略有磨损,44.45
弯刀（★） | 噩梦之夜 (崭新出厂),弯刀（★） | 噩梦之夜,隐秘,崭新出厂,
弯刀（★） | 噩梦之夜 (久经沙场),弯刀（★） | 噩梦之夜,隐秘,久经沙场,917.99
弯刀（★） | 噩梦之夜 (破损不堪),弯刀（★） | 噩梦之夜,隐秘,破损不堪,
弯刀（★） | 噩梦之夜 (战痕累累),弯刀（★） | 噩梦之夜,隐秘,战痕累累,825.84
弯刀（★） | 噩梦之夜 (略有磨损),弯刀（★） | 噩梦之夜,隐秘,略有磨损,1296.70
MAC-10 | 霓虹骑士 (崭新出厂),MAC-10 | 霓虹骑士,隐秘,崭新出厂,75.88
MAC-10 | 霓虹骑士 (久经沙场),MAC-10 | 霓虹骑士,隐秘,久经沙场,39.11
MAC-10 | 霓虹骑士 (破损不堪),MAC-10 | 霓虹骑士,隐秘,破损不堪,48.00
MAC-10 | 霓虹骑士 (略有磨损),MAC-10 | 霓虹骑士,隐秘,略有磨损,49.00
M4A1 消音型 | 泥斑迷彩 (崭新出厂),M4A1 消音型 | 泥斑迷彩,工业级,崭新出厂,6.33
M4A1 消音型 | 泥斑迷彩 (久经沙场),M4A1 消音型 | 泥斑迷彩,工业级,久经沙场,2.15
M4A1 消音型 | 泥斑迷彩 (破损不堪),M4A1 消音型 | 泥斑迷彩,工业级,破损不堪,2.30
M4A1 消音型 | 泥斑迷彩 (战痕累累),M4A1 消音型 | 泥斑迷彩,工业级,战痕累累,2.35
M4A1 消音型 | 泥斑迷彩 (略有磨损),M4A1 消音型 | 泥斑迷彩,工业级,略有磨损,3.37
SSG 08 | 海滨印花 (崭新出厂),SSG 08 | 海滨印花,受限,崭新出厂,1600.00
SSG 08 | 海滨印花 (久经沙场),SSG 08 | 海滨印花,受限,久经沙场,
SSG 08 | 海滨印花 (破损不堪),SSG 08 | 海滨印花,受限,破损不堪,
SSG 08 | 海滨印花 (战痕累累),SSG 08 | 海滨印花,受限,战痕累累,
SSG 08 | 海滨印花 (略有磨损),SSG 08 | 海滨印花,受限,略有磨损,1882.22
求生匕首（★ StatTrak™） | 夜色 (久经沙场),求生匕首（★ StatTrak™） | 夜色,隐秘,久经沙场,1180.00
求生匕首（★ StatTrak™） | 夜色 (破损不堪),求生匕首（★ StatTrak™） | 夜色,隐秘,破损不堪,
求生匕首（★ StatTrak™） | 夜色 (战痕累累),求生匕首（★ StatTrak™） | 夜色,隐秘,战痕累累,
求生匕首（★ StatTrak™） | 夜色 (略有磨损),求生匕首（★ StatTrak™） | 夜色,隐秘,略有磨损,
MP9（StatTrak™） | 气密 (崭新出厂),MP9（StatTrak™） | 气密,保密,崭新出厂,168.88
MP9（StatTrak™） | 气密 (久经沙场),MP9（StatTrak™） | 气密,保密,久经沙场,23.87
MP9（StatTrak™） | 气密 (破损不堪),MP9（StatTrak™） | 气密,保密,破损不堪,19.49
MP9（StatTrak™） | 气密 (战痕累累),MP9（StatTrak™） | 气密,保密,战痕累累,18.22
MP9（StatTrak™） | 气密 (略有磨损),MP9（StatTrak™） | 气密,保密,略有磨损,51.00
格洛克 18 型（StatTrak™） | 钢铁禁锢 (崭新出厂),格洛克 18 型（StatTrak™） | 钢铁禁锢,受限,崭新出厂,69.00
格洛克 18 型（StatTrak™） | 钢铁禁锢 (久经沙场),格洛克 18 型（StatTrak™） | 钢铁禁锢,受限,久经沙场,
格洛克 18 型（StatTrak™） | 钢铁禁锢 (略有磨损),格洛克 18 型（StatTrak™） | 钢铁禁锢,受限,略有磨损,45.00
M4A4（StatTrak™） | 反冲精英 (崭新出厂),M4A4（StatTrak™） | 反冲精英,隐秘,崭新出厂,4748.25
M4A4（StatTrak™） | 反冲精英 (久经沙场),M4A4（StatTrak™） | 反冲精英,隐秘,久经沙场,489.00
M4A4（StatTrak™） | 反冲精英 (破损不堪),M4A4（StatTrak™） | 反冲精英,隐秘,破损不堪,
M4A4（StatTrak™） | 反冲精英 (战痕累累),M4A4（StatTrak™） | 反冲精英,隐秘,战痕累累,263.42
M4A4（StatTrak™） | 反冲精英 (略有磨损),M4A4（StatTrak™） | 反冲精英,隐秘,略有磨损,1800.00
暗影双匕（★） | 屠夫 (崭新出厂),暗影双匕（★） | 屠夫,隐秘,崭新出厂,1512.60
暗影双匕（★） | 屠夫 (久经沙场),暗影双匕（★） | 屠夫,隐秘,久经沙场,
暗影双匕（★） | 屠夫 (略有磨损),暗影双匕（★） | 屠夫,隐秘,略有磨损,1335.00
PP-野牛（StatTrak™） | 水蓝条纹 (崭新出厂),PP-野牛（StatTrak™） | 水蓝条纹,受限,崭新出厂,
PP-野牛（StatTrak™） | 水蓝条纹 (久经沙场),PP-野牛（StatTrak™） | 水蓝条纹,受限,久经沙场,20.00
PP-野牛（StatTrak™） | 水蓝条纹 (破损不堪),PP-野牛（StatTrak™） | 水蓝条纹,受限,破损不堪,
PP-野牛（StatTrak™） | 水蓝条纹 (战痕累累),PP-野牛（StatTrak™） | 水蓝条纹,受限,战痕累累,
PP-野牛（StatTrak™） | 水蓝条纹 (略有磨损),PP-野牛（StatTrak™） | 水蓝条纹,受限,略有磨损,51.13
SCAR-20（StatTrak™） | 仓库突击 (崭新出厂),SCAR-20（StatTrak™） | 仓库突击,军规级,崭新出厂,6.90
SCAR-20（StatTrak™） | 仓库突击 (久经沙场),SCAR-20（StatTrak™） | 仓库突击,军规级,久经沙场,1.18
SCAR-20（StatTrak™） | 仓库突击 (破损不堪),SCAR-20（StatTrak™） | 仓库突击,军规级,破损不堪,4.45
SCAR-20（StatTrak™） | 仓库突击 (战痕累累),SCAR-20（StatTrak™） | 仓库突击,军规级,战痕累累,1.54
SCAR-20（StatTrak™） | 仓库突击 (略有磨损),SCAR-20（StatTrak™） | 仓库突击,军规级,略有磨损,3.36
猎杀者匕首（★） | 大马士革钢 (崭新出厂),猎杀者匕首（★） | 大马士革钢,隐秘,崭新出厂,1549.00
猎杀者匕首（★） | 大马士革钢 (久经沙场),猎杀者匕首（★） | 大马士革钢,隐秘,久经沙场,1109.00
猎杀者匕首（★） | 大马士革钢 (破损不堪),猎杀者匕首（★） | 大马士革钢,隐秘,破损不堪,1200.00
猎杀者匕首（★） | 大马士革钢 (战痕累累),猎杀者匕首（★） | 大马士革钢,隐秘,战痕累累,1400.00
猎杀者匕首（★） | 大马士革钢 (略有磨损),猎杀者匕首（★） | 大马士革钢,隐秘,略有磨损,1320.00
M4A4 | 破晓 (崭新出厂),M4A4 | 破晓,受限,崭新出厂,1977.01
M4A4 | 破晓 (久经沙场),M4A4 | 破晓,受限,久经沙场,
M4A4 | 破晓 (破损不堪),M4A4 | 破晓,受限,破损不堪,
M4A4 | 破晓 (战痕累累),M4A4 | 破晓,受限,战痕累累,
M4A4 | 破晓 (略有磨损),M4A4 | 破晓,受限,略有磨损,1941.06
MP9 | 九头蛇 (崭新出厂),MP9 | 九头蛇,保密,崭新出厂,110.00
MP9 | 九头蛇 (久经沙场),MP9 | 九头蛇,保密,久经沙场,36.50
MP9 | 九头蛇 (破损不堪),MP9 | 九头蛇,保密,破损不堪,34.90
MP9 | 九头蛇 (战痕累累),MP9 | 九头蛇,保密,战痕累累,29.60
MP9 | 九头蛇 (略有磨损),MP9 | 九头蛇,保密,略有磨损,52.99
加利尔 AR（StatTrak™） | 毁灭者 (崭新出厂),加利尔 AR（StatTrak™） | 毁灭者,军规级,崭新出厂,6.33
加利尔 AR（StatTrak™） | 毁灭者 (久经沙场),加利尔 AR（StatTrak™） | 毁灭者,军规级,久经沙场,1.37
加利尔 AR（StatTrak™） | 毁灭者 (破损不堪),加利尔 AR（StatTrak™） | 毁灭者,军规级,破损不堪,3.41
加利尔 AR（StatTrak™） | 毁灭者 (战痕累累),加利尔 AR（StatTrak™） | 毁灭者,军规级,战痕累累,1.51
加利尔 AR（StatTrak™） | 毁灭者 (略有磨损),加利尔 AR（StatTrak™） | 毁灭者,军规级,略有磨损,3.26
穿肠刀（★） | 屠夫 (崭新出厂),穿肠刀（★） | 屠夫,隐秘,崭新出厂,1615.00
穿肠刀（★） | 屠夫 (久经沙场),穿肠刀（★） | 屠夫,隐秘,久经沙场,
穿肠刀（★） | 屠夫 (略有磨损),穿肠刀（★） | 屠夫,隐秘,略有磨损,1303.66
AK-47 | 美洲豹 (崭新出厂),AK-47 | 美洲豹,保密,崭新出厂,2766.00
AK-47 | 美洲豹 (久经沙场),AK-47 | 美洲豹,保密,久经沙场,1427.57
AK-47 | 美洲豹 (破损不堪),AK-47 | 美洲豹,保密,破损不堪,1297.70
AK-47 | 美洲豹 (战痕累累),AK-47 | 美洲豹,保密,战痕累累,997.50
AK-47 | 美洲豹 (略有磨损),AK-47 | 美洲豹,保密,略有磨损,1986.92
AUG（StatTrak™） | 汤姆猫 (崭新出厂),AUG（StatTrak™） | 汤姆猫,军规级,崭新出厂,11.78
AUG（StatTrak™） | 汤姆猫 (久经沙场),AUG（StatTrak™） | 汤姆猫,军规级,久经沙场,0.89
AUG（StatTrak™） | 汤姆猫 (破损不堪),AUG（StatTrak™） | 汤姆猫,军规级,破损不堪,1.69
AUG（StatTrak™） | 汤姆猫 (战痕累累),AUG（StatTrak™） | 汤姆猫,军规级,战痕累累,0.95
AUG（StatTrak™） | 汤姆猫 (略有磨损),AUG（StatTrak™） | 汤姆猫,军规级,略有磨损,3.95
SG 553（StatTrak™） | 重金属摇滚 (崭新出厂),SG 553（StatTrak™） | 重金属摇滚,军规级,崭新出厂,14.73
SG 553（StatTrak™） | 重金属摇滚 (久经沙场),SG 553（StatTrak™） | 重金属摇滚,军规级,久经沙场,1.76
SG 553（StatTrak™） | 重金属摇滚 (破损不堪),SG 553（StatTrak™） | 重金属摇滚,军规级,破损不堪,1.67
SG 553（StatTrak™） | 重金属摇滚 (战痕累累),SG 553（StatTrak™） | 重金属摇滚,军规级,战痕累累,1.64
SG 553（StatTrak™） | 重金属摇滚 (略有磨损),SG 553（StatTrak™） | 重金属摇滚,军规级,略有磨损,3.61
AUG | 烈焰巨蟒 (崭新出厂),AUG | 烈焰巨蟒,受限,崭新出厂,1882.90
AUG | 烈焰巨蟒 (久经沙场),AUG | 烈焰巨蟒,受限,久经沙场,
AUG | 烈焰巨蟒 (破损不堪),AUG | 烈焰巨蟒,受限,破损不堪,
AUG | 烈焰巨蟒 (战痕累累),AUG | 烈焰巨蟒,受限,战痕累累,3000.00
AUG | 烈焰巨蟒 (略有磨损),AUG | 烈焰巨蟒,受限,略有磨损,1791.57
折刀（★ StatTrak™） | 表面淬火 (崭新出厂),折刀（★ StatTrak™） | 表面淬火,隐秘,崭新出厂,
折刀（★ StatTrak™） | 表面淬火 (久经沙场),折刀（★ StatTrak™） | 表面淬火,隐秘,久经沙场,7888.00
折刀（★ StatTrak™） | 表面淬火 (破损不堪),折刀（★ StatTrak™） | 表面淬火,隐秘,破损不堪,
折刀（★ StatTrak™） | 表面淬火 (战痕累累),折刀（★ StatTrak™） | 表面淬火,隐秘,战痕累累,
折刀（★ StatTrak™） | 表面淬火 (略有磨损),折刀（★ StatTrak™） | 表面淬火,隐秘,略有磨损,1280.00
双持贝瑞塔（StatTrak™） | 灾难 (崭新出厂),双持贝瑞塔（StatTrak™） | 灾难,受限,崭新出厂,66.00
双持贝瑞塔（StatTrak™） | 灾难 (久经沙场),双持贝瑞塔（StatTrak™） | 灾难,受限,久经沙场,18.42
双持贝瑞塔（StatTrak™） | 灾难 (破损不堪),双持贝瑞塔（StatTrak™） | 灾难,受限,破损不堪,17.50
双持贝瑞塔（StatTrak™） | 灾难 (战痕累累),双持贝瑞塔（StatTrak™） | 灾难,受限,战痕累累,14.00
双持贝瑞塔（StatTrak™） | 灾难 (略有磨损),双持贝瑞塔（StatTrak™） | 灾难,受限,略有磨损,50.00
SG 553（StatTrak™） | 轻空 (崭新出厂),SG 553（StatTrak™） | 轻空,军规级,崭新出厂,12.75
SG 553（StatTrak™） | 轻空 (久经沙场),SG 553（StatTrak™） | 轻空,军规级,久经沙场,1.32
SG 553（StatTrak™） | 轻空 (破损不堪),SG 553（StatTrak™） | 轻空,军规级,破损不堪,2.92
SG 553（StatTrak™） | 轻空 (战痕累累),SG 553（StatTrak™） | 轻空,军规级,战痕累累,1.01
SG 553（StatTrak™） | 轻空 (略有磨损),SG 553（StatTrak™） | 轻空,军规级,略有磨损,3.50
AK-47（纪念品） | 美洲豹 (崭新出厂),AK-47（纪念品） | 美洲豹,保密,崭新出厂,
AK-47（纪念品） | 美洲豹 (久经沙场),AK-47（纪念品） | 美洲豹,保密,久经沙场,1177.72
AK-47（纪念品） | 美洲豹 (破损不堪),AK-47（纪念品） | 美洲豹,保密,破损不堪,
AK-47（纪念品） | 美洲豹 (战痕累累),AK-47（纪念品） | 美洲豹,保密,战痕累累,888.88
AK-47（纪念品） | 美洲豹 (略有磨损),AK-47（纪念品） | 美洲豹,保密,略有磨损,2000.00
CZ75 | 黄夹克 (崭新出厂),CZ75 | 黄夹克,保密,崭新出厂,98.90
CZ75 | 黄夹克 (久经沙场),CZ75 | 黄夹克,保密,久经沙场,29.90
CZ75 | 黄夹克 (破损不堪),CZ75 | 黄夹克,保密,破损不堪,32.60
CZ75 | 黄夹克 (战痕累累),CZ75 | 黄夹克,保密,战痕累累,27.00
CZ75 | 黄夹克 (略有磨损),CZ75 | 黄夹克,保密,略有磨损,47.22
AK-47 | 狩猎网格 (崭新出厂),AK-47 | 狩猎网格,工业级,崭新出厂,35.99
AK-47 | 狩猎网格 (久经沙场),AK-47 | 狩猎网格,工业级,久经沙场,1.14
AK-47 | 狩猎网格 (破损不堪),AK-47 | 狩猎网格,工业级,破损不堪,1.70
AK-47 | 狩猎网格 (战痕累累),AK-47 | 狩猎网格,工业级,战痕累累,1.23
AK-47 | 狩猎网格 (略有磨损),AK-47 | 狩猎网格,工业级,略有磨损,3.80
鲍伊猎刀（★） | 大马士革钢 (崭新出厂),鲍伊猎刀（★） | 大马士革钢,隐秘,崭新出厂,1503.00
鲍伊猎刀（★） | 大马士革钢 (久经沙场),鲍伊猎刀（★） | 大马士革钢,隐秘,久经沙场,1080.00
鲍伊猎刀（★） | 大马士革钢 (破损不堪),鲍伊猎刀（★） | 大马士革钢,隐秘,破损不堪,
鲍伊猎刀（★） | 大马士革钢 (战痕累累),鲍伊猎刀（★） | 大马士革钢,隐秘,战痕累累,1200.00
鲍伊猎刀（★） | 大马士革钢 (略有磨损),鲍伊猎刀（★） | 大马士革钢,隐秘,略有磨损,1317.68
AWP（StatTrak™） | *嘣* (崭新出厂),AWP（StatTrak™） | *嘣*,保密,崭新出厂,4250.00
AWP（StatTrak™） | *嘣* (久经沙场),AWP（StatTrak™） | *嘣*,保密,久经沙场,1498.00
AWP（StatTrak™） | *嘣* (略有磨损),AWP（StatTrak™） | *嘣*,保密,略有磨损,1645.00
MP7 | 渐变之色 (崭新出厂),MP7 | 渐变之色,受限,崭新出厂,93.34
MP7 | 渐变之色 (久经沙场),MP7 | 渐变之色,受限,久经沙场,44.00
MP7 | 渐变之色 (略有磨损),MP7 | 渐变之色,受限,略有磨损,53.82
G3SG1 | 血腥迷彩 (崭新出厂),G3SG1 | 血腥迷彩,军规级,崭新出厂,5.29
G3SG1 | 血腥迷彩 (久经沙场),G3SG1 | 血腥迷彩,军规级,久经沙场,3.16
G3SG1 | 血腥迷彩 (破损不堪),G3SG1 | 血腥迷彩,军规级,破损不堪,2.22
G3SG1 | 血腥迷彩 (战痕累累),G3SG1 | 血腥迷彩,军规级,战痕累累,1.83
G3SG1 | 血腥迷彩 (略有磨损),G3SG1 | 血腥迷彩,军规级,略有磨损,4.21
折刀（★ StatTrak™） | 屠夫 (崭新出厂),折刀（★ StatTrak™） | 屠夫,隐秘,崭新出厂,1555.00
折刀（★ StatTrak™） | 屠夫 (久经沙场),折刀（★ StatTrak™） | 屠夫,隐秘,久经沙场,1300.00
折刀（★ StatTrak™） | 屠夫 (略有磨损),折刀（★ StatTrak™） | 屠夫,隐秘,略有磨损,1330.67
M4A1 消音型（纪念品） | 神来之作 (崭新出厂),M4A1 消音型（纪念品） | 神来之作,保密,崭新出厂,15999.00
M4A1 消音型（纪念品） | 神来之作 (久经沙场),M4A1 消音型（纪念品） | 神来之作,保密,久经沙场,1040.00
M4A1 消音型（纪念品） | 神来之作 (破损不堪),M4A1 消音型（纪念品） | 神来之作,保密,破损不堪,999.00
M4A1 消音型（纪念品） | 神来之作 (战痕累累),M4A1 消音型（纪念品） | 神来之作,保密,战痕累累,885.72
M4A1 消音型（纪念品） | 神来之作 (略有磨损),M4A1 消音型（纪念品） | 神来之作,保密,略有磨损,1950.00
P90 | 解视图 (崭新出厂),P90 | 解视图,军规级,崭新出厂,58.00
P90 | 解视图 (久经沙场),P90 | 解视图,军规级,久经沙场,
P90 | 解视图 (破损不堪),P90 | 解视图,军规级,破损不堪,
P90 | 解视图 (战痕累累),P90 | 解视图,军规级,战痕累累,100.00
P90 | 解视图 (略有磨损),P90 | 解视图,军规级,略有磨损,60.29
G3SG1 | 黑暗豹纹 (崭新出厂),G3SG1 | 黑暗豹纹,军规级,崭新出厂,5.55
G3SG1 | 黑暗豹纹 (久经沙场),G3SG1 | 黑暗豹纹,军规级,久经沙场,3.94
G3SG1 | 黑暗豹纹 (略有磨损),G3SG1 | 黑暗豹纹,军规级,略有磨损,4.70
格洛克 18 型（StatTrak™） | 蓝色裂纹 (崭新出厂),格洛克 18 型（StatTrak™） | 蓝色裂纹,军规级,崭新出厂,14888.00
格洛克 18 型（StatTrak™） | 蓝色裂纹 (久经沙场),格洛克 18 型（StatTrak™） | 蓝色裂纹,军规级,久经沙场,23.55
格洛克 18 型（StatTrak™） | 蓝色裂纹 (破损不堪),格洛克 18 型（StatTrak™） | 蓝色裂纹,军规级,破损不堪,65.24
格洛克 18 型（StatTrak™） | 蓝色裂纹 (战痕累累),格洛克 18 型（StatTrak™） | 蓝色裂纹,军规级,战痕累累,21.99
格洛克 18 型（StatTrak™） | 蓝色裂纹 (略有磨损),格洛克 18 型（StatTrak™） | 蓝色裂纹,军规级,略有磨损,66.00
MAC-10（StatTrak™） | 炽热 (崭新出厂),MAC-10（StatTrak™） | 炽热,受限,崭新出厂,92.00
MAC-10（StatTrak™） | 炽热 (久经沙场),MAC-10（StatTrak™） | 炽热,受限,久经沙场,31.16
MAC-10（StatTrak™） | 炽热 (破损不堪),MAC-10（StatTrak™） | 炽热,受限,破损不堪,28.00
MAC-10（StatTrak™） | 炽热 (战痕累累),MAC-10（StatTrak™） | 炽热,受限,战痕累累,21.36
MAC-10（StatTrak™） | 炽热 (略有磨损),MAC-10（StatTrak™） | 炽热,受限,略有磨损,54.90
求生匕首（★） | 人工染色 (崭新出厂),求生匕首（★） | 人工染色,隐秘,崭新出厂,1820.00
求生匕首（★） | 人工染色 (久经沙场),求生匕首（★） | 人工染色,隐秘,久经沙场,1127.85
求生匕首（★） | 人工染色 (破损不堪),求生匕首（★） | 人工染色,隐秘,破损不堪,1044.90
求生匕首（★） | 人工染色 (战痕累累),求生匕首（★） | 人工染色,隐秘,战痕累累,955.00
求生匕首（★） | 人工染色 (略有磨损),求生匕首（★） | 人工染色,隐秘,略有磨损,1350.00
AWP（StatTrak™） | 冲出重围 (崭新出厂),AWP（StatTrak™） | 冲出重围,隐秘,崭新出厂,6700.00
AWP（StatTrak™） | 冲出重围 (久经沙场),AWP（StatTrak™） | 冲出重围,隐秘,久经沙场,1130.80
AWP（StatTrak™） | 冲出重围 (破损不堪),AWP（StatTrak™） | 冲出重围,隐秘,破损不堪,
AWP（StatTrak™） | 冲出重围 (战痕累累),AWP（StatTrak™） | 冲出重围,隐秘,战痕累累,
AWP（StatTrak™） | 冲出重围 (略有磨损),AWP（StatTrak™） | 冲出重围,隐秘,略有磨损,2230.00
流浪者匕首（★） | 枯焦之色 (崭新出厂),流浪者匕首（★） | 枯焦之色,隐秘,崭新出厂,
流浪者匕首（★） | 枯焦之色 (久经沙场),流浪者匕首（★） | 枯焦之色,隐秘,久经沙场,1163.99
流浪者匕首（★） | 枯焦之色 (破损不堪),流浪者匕首（★） | 枯焦之色,隐秘,破损不堪,1177.82
流浪者匕首（★） | 枯焦之色 (战痕累累),流浪者匕首（★） | 枯焦之色,隐秘,战痕累累,1100.00
流浪者匕首（★） | 枯焦之色 (略有磨损),流浪者匕首（★） | 枯焦之色,隐秘,略有磨损,1350.00
AK-47 | 酷炫涂鸦皮革 (崭新出厂),AK-47 | 酷炫涂鸦皮革,保密,崭新出厂,18888.00
AK-47 | 酷炫涂鸦皮革 (久经沙场),AK-47 | 酷炫涂鸦皮革,保密,久经沙场,1740.00
AK-47 | 酷炫涂鸦皮革 (破损不堪),AK-47 | 酷炫涂鸦皮革,保密,破损不堪,2100.00
AK-47 | 酷炫涂鸦皮革 (战痕累累),AK-47 | 酷炫涂鸦皮革,保密,战痕累累,
AK-47 | 酷炫涂鸦皮革 (略有磨损),AK-47 | 酷炫涂鸦皮革,保密,略有磨损,2566.90
格洛克 18 型 | 水灵 (崭新出厂),格洛克 18 型 | 水灵,保密,崭新出厂,92.28
格洛克 18 型 | 水灵 (久经沙场),格洛克 18 型 | 水灵,保密,久经沙场,28.94
格洛克 18 型 | 水灵 (破损不堪),格洛克 18 型 | 水灵,保密,破损不堪,38.40
格洛克 18 型 | 水灵 (战痕累累),格洛克 18 型 | 水灵,保密,战痕累累,31.90
格洛克 18 型 | 水灵 (略有磨损),格洛克 18 型 | 水灵,保密,略有磨损,46.10
P90（纪念品） | 辐射警告 (崭新出厂),P90（纪念品） | 辐射警告,工业级,崭新出厂,
P90（纪念品） | 辐射警告 (久经沙场),P90（纪念品） | 辐射警告,工业级,久经沙场,24.63
P90（纪念品） | 辐射警告 (破损不堪),P90（纪念品） | 辐射警告,工业级,破损不堪,145.00
P90（纪念品） | 辐射警告 (战痕累累),P90（纪念品） | 辐射警告,工业级,战痕累累,35.00
P90（纪念品） | 辐射警告 (略有磨损),P90（纪念品） | 辐射警告,工业级,略有磨损,55.00
G3SG1（纪念品） | 沙漠风暴 (崭新出厂),G3SG1（纪念品） | 沙漠风暴,消费级,崭新出厂,80.00
G3SG1（纪念品） | 沙漠风暴 (久经沙场),G3SG1（纪念品） | 沙漠风暴,消费级,久经沙场,0.89
G3SG1（纪念品） | 沙漠风暴 (破损不堪),G3SG1（纪念品） | 沙漠风暴,消费级,破损不堪,3.55
G3SG1（纪念品） | 沙漠风暴 (战痕累累),G3SG1（纪念品） | 沙漠风暴,消费级,战痕累累,1.06
G3SG1（纪念品） | 沙漠风暴 (略有磨损),G3SG1（纪念品） | 沙漠风暴,消费级,略有磨损,3.70
折叠刀（★） | 森林 DDPAT (崭新出厂),折叠刀（★） | 森林 DDPAT,隐秘,崭新出厂,
折叠刀（★） | 森林 DDPAT (久经沙场),折叠刀（★） | 森林 DDPAT,隐秘,久经沙场,1250.00
折叠刀（★） | 森林 DDPAT (破损不堪),折叠刀（★） | 森林 DDPAT,隐秘,破损不堪,1320.00
折叠刀（★） | 森林 DDPAT (战痕累累),折叠刀（★） | 森林 DDPAT,隐秘,战痕累累,1169.00
折叠刀（★） | 森林 DDPAT (略有磨损),折叠刀（★） | 森林 DDPAT,隐秘,略有磨损,1328.88
P90（StatTrak™） | 浅坟 (崭新出厂),P90（StatTrak™） | 浅坟,保密,崭新出厂,114.27
P90（StatTrak™） | 浅坟 (久经沙场),P90（StatTrak™） | 浅坟,保密,久经沙场,29.00
P90（StatTrak™） | 浅坟 (破损不堪),P90（StatTrak™） | 浅坟,保密,破损不堪,34.10
P90（StatTrak™） | 浅坟 (战痕累累),P90（StatTrak™） | 浅坟,保密,战痕累累,25.18
P90（StatTrak™） | 浅坟 (略有磨损),P90（StatTrak™） | 浅坟,保密,略有磨损,54.35
P250（纪念品） | 硝烟 (崭新出厂),P250（纪念品） | 硝烟,工业级,崭新出厂,
P250（纪念品） | 硝烟 (久经沙场),P250（纪念品） | 硝烟,工业级,久经沙场,11.50
P250（纪念品） | 硝烟 (破损不堪),P250（纪念品） | 硝烟,工业级,破损不堪,24.75
P250（纪念品） | 硝烟 (战痕累累),P250（纪念品） | 硝烟,工业级,战痕累累,12.00
P250（纪念品） | 硝烟 (略有磨损),P250（纪念品） | 硝烟,工业级,略有磨损,48.79
M4A1 消音型（纪念品） | 控制台 (崭新出厂),M4A1 消音型（纪念品） | 控制台,保密,崭新出厂,
M4A1 消音型（纪念品） | 控制台 (久经沙场),M4A1 消音型（纪念品） | 控制台,保密,久经沙场,660.00
M4A1 消音型（纪念品） | 控制台 (破损不堪),M4A1 消音型（纪念品） | 控制台,保密,破损不堪,
M4A1 消音型（纪念品） | 控制台 (战痕累累),M4A1 消音型（纪念品） | 控制台,保密,战痕累累,
M4A1 消音型（纪念品） | 控制台 (略有磨损),M4A1 消音型（纪念品） | 控制台,保密,略有磨损,1647.95
法玛斯（StatTrak™） | 喵喵36 (崭新出厂),法玛斯（StatTrak™） | 喵喵36,军规级,崭新出厂,12.79
法玛斯（StatTrak™） | 喵喵36 (久经沙场),法玛斯（StatTrak™） | 喵喵36,军规级,久经沙场,1.23
法玛斯（StatTrak™） | 喵喵36 (破损不堪),法玛斯（StatTrak™） | 喵喵36,军规级,破损不堪,1.18
法玛斯（StatTrak™） | 喵喵36 (战痕累累),法玛斯（StatTrak™） | 喵喵36,军规级,战痕累累,1.04
法玛斯（StatTrak™） | 喵喵36 (略有磨损),法玛斯（StatTrak™） | 喵喵36,军规级,略有磨损,3.46
P250 | 卡特尔 (崭新出厂),P250 | 卡特尔,保密,崭新出厂,134.23
P250 | 卡特尔 (久经沙场),P250 | 卡特尔,保密,久经沙场,29.00
P250 | 卡特尔 (破损不堪),P250 | 卡特尔,保密,破损不堪,
P250 | 卡特尔 (战痕累累),P250 | 卡特尔,保密,战痕累累,45.55
P250 | 卡特尔 (略有磨损),P250 | 卡特尔,保密,略有磨损,49.00
SG 553（纪念品） | 意式拉力 (崭新出厂),SG 553（纪念品） | 意式拉力,保密,崭新出厂,19999.00
SG 553（纪念品） | 意式拉力 (久经沙场),SG 553（纪念品） | 意式拉力,保密,久经沙场,887.50
SG 553（纪念品） | 意式拉力 (破损不堪),SG 553（纪念品） | 意式拉力,保密,破损不堪,548.34
SG 553（纪念品） | 意式拉力 (战痕累累),SG 553（纪念品） | 意式拉力,保密,战痕累累,888.00
SG 553（纪念品） | 意式拉力 (略有磨损),SG 553（纪念品） | 意式拉力,保密,略有磨损,2876.35
MP9（StatTrak™） | 爆裂食物链 (崭新出厂),MP9（StatTrak™） | 爆裂食物链,保密,崭新出厂,159.49
MP9（StatTrak™） | 爆裂食物链 (久经沙场),MP9（StatTrak™） | 爆裂食物链,保密,久经沙场,25.78
MP9（StatTrak™） | 爆裂食物链 (破损不堪),MP9（StatTrak™） | 爆裂食物链,保密,破损不堪,20.25
MP9（StatTrak™） | 爆裂食物链 (战痕累累),MP9（StatTrak™） | 爆裂食物链,保密,战痕累累,30.00
MP9（StatTrak™） | 爆裂食物链 (略有磨损),MP9（StatTrak™） | 爆裂食物链,保密,略有磨损,53.28
折叠刀（★） | 狩猎网格 (崭新出厂),折叠刀（★） | 狩猎网格,隐秘,崭新出厂,2222.00
折叠刀（★） | 狩猎网格 (久经沙场),折叠刀（★） | 狩猎网格,隐秘,久经沙场,1148.70
折叠刀（★） | 狩猎网格 (破损不堪),折叠刀（★） | 狩猎网格,隐秘,破损不堪,1200.00
折叠刀（★） | 狩猎网格 (战痕累累),折叠刀（★） | 狩猎网格,隐秘,战痕累累,1120.00
折叠刀（★） | 狩猎网格 (略有磨损),折叠刀（★） | 狩猎网格,隐秘,略有磨损,1250.00
M4A1 消音型（StatTrak™） | 印花集 (崭新出厂),M4A1 消音型（StatTrak™） | 印花集,隐秘,崭新出厂,6600.00
M4A1 消音型（StatTrak™） | 印花集 (久经沙场),M4A1 消音型（StatTrak™） | 印花集,隐秘,久经沙场,2000.00
M4A1 消音型（StatTrak™） | 印花集 (破损不堪),M4A1 消音型（StatTrak™） | 印花集,隐秘,破损不堪,
M4A1 消音型（StatTrak™） | 印花集 (战痕累累),M4A1 消音型（StatTrak™） | 印花集,隐秘,战痕累累,1300.00
M4A1 消音型（StatTrak™） | 印花集 (略有磨损),M4A1 消音型（StatTrak™） | 印花集,隐秘,略有磨损,3300.00
SCAR-20（StatTrak™） | 蓝图 (崭新出厂),SCAR-20（StatTrak™） | 蓝图,军规级,崭新出厂,12.30
SCAR-20（StatTrak™） | 蓝图 (久经沙场),SCAR-20（StatTrak™） | 蓝图,军规级,久经沙场,2.00
SCAR-20（StatTrak™） | 蓝图 (破损不堪),SCAR-20（StatTrak™） | 蓝图,军规级,破损不堪,2.44
SCAR-20（StatTrak™） | 蓝图 (战痕累累),SCAR-20（StatTrak™） | 蓝图,军规级,战痕累累,1.74
SCAR-20（StatTrak™） | 蓝图 (略有磨损),SCAR-20（StatTrak™） | 蓝图,军规级,略有磨损,3.91
沙漠之鹰 | 午夜凶匪 (崭新出厂),沙漠之鹰 | 午夜凶匪,军规级,崭新出厂,61.98
沙漠之鹰 | 午夜凶匪 (久经沙场),沙漠之鹰 | 午夜凶匪,军规级,久经沙场,47.42
沙漠之鹰 | 午夜凶匪 (破损不堪),沙漠之鹰 | 午夜凶匪,军规级,破损不堪,
沙漠之鹰 | 午夜凶匪 (战痕累累),沙漠之鹰 | 午夜凶匪,军规级,战痕累累,
沙漠之鹰 | 午夜凶匪 (略有磨损),沙漠之鹰 | 午夜凶匪,军规级,略有磨损,49.79
鲍伊猎刀（★ StatTrak™） | 都市伪装 (久经沙场),鲍伊猎刀（★ StatTrak™） | 都市伪装,隐秘,久经沙场,
鲍伊猎刀（★ StatTrak™） | 都市伪装 (破损不堪),鲍伊猎刀（★ StatTrak™） | 都市伪装,隐秘,破损不堪,
鲍伊猎刀（★ StatTrak™） | 都市伪装 (战痕累累),鲍伊猎刀（★ StatTrak™） | 都市伪装,隐秘,战痕累累,1199.00
鲍伊猎刀（★ StatTrak™） | 都市伪装 (略有磨损),鲍伊猎刀（★ StatTrak™） | 都市伪装,隐秘,略有磨损,1388.00
UMP-45（StatTrak™） | 野蛮剑齿虎 (崭新出厂),UMP-45（StatTrak™） | 野蛮剑齿虎,保密,崭新出厂,199.00
UMP-45（StatTrak™） | 野蛮剑齿虎 (久经沙场),UMP-45（StatTrak™） | 野蛮剑齿虎,保密,久经沙场,39.09
UMP-45（StatTrak™） | 野蛮剑齿虎 (破损不堪),UMP-45（StatTrak™） | 野蛮剑齿虎,保密,破损不堪,87.02
UMP-45（StatTrak™） | 野蛮剑齿虎 (战痕累累),UMP-45（StatTrak™） | 野蛮剑齿虎,保密,战痕累累,29.38
UMP-45（StatTrak™） | 野蛮剑齿虎 (略有磨损),UMP-45（StatTrak™） | 野蛮剑齿虎,保密,略有磨损,58.00
AUG（StatTrak™） | 琥珀冲流 (崭新出厂),AUG（StatTrak™） | 琥珀冲流,军规级,崭新出厂,6.34
AUG（StatTrak™） | 琥珀冲流 (久经沙场),AUG（StatTrak™） | 琥珀冲流,军规级,久经沙场,1.77
AUG（StatTrak™） | 琥珀冲流 (破损不堪),AUG（StatTrak™） | 琥珀冲流,军规级,破损不堪,1.84
AUG（StatTrak™） | 琥珀冲流 (战痕累累),AUG（StatTrak™） | 琥珀冲流,军规级,战痕累累,2.10
AUG（StatTrak™） | 琥珀冲流 (略有磨损),AUG（StatTrak™） | 琥珀冲流,军规级,略有磨损,4.66
AWP | 鬼退治 (崭新出厂),AWP | 鬼退治,隐秘,崭新出厂,4179.24
AWP | 鬼退治 (久经沙场),AWP | 鬼退治,隐秘,久经沙场,2316.59
AWP | 鬼退治 (破损不堪),AWP | 鬼退治,隐秘,破损不堪,1599.00
AWP | 鬼退治 (战痕累累),AWP | 鬼退治,隐秘,战痕累累,
AWP | 鬼退治 (略有磨损),AWP | 鬼退治,隐秘,略有磨损,2971.98
USP 消音版（纪念品） | 引擎故障灯 (崭新出厂),USP 消音版（纪念品） | 引擎故障灯,军规级,崭新出厂,97.00
USP 消音版（纪念品） | 引擎故障灯 (久经沙场),USP 消音版（纪念品） | 引擎故障灯,军规级,久经沙场,27.52
USP 消音版（纪念品） | 引擎故障灯 (破损不堪),USP 消音版（纪念品） | 引擎故障灯,军规级,破损不堪,40.00
USP 消音版（纪念品） | 引擎故障灯 (战痕累累),USP 消音版（纪念品） | 引擎故障灯,军规级,战痕累累,53.00
USP 消音版（纪念品） | 引擎故障灯 (略有磨损),USP 消音版（纪念品） | 引擎故障灯,军规级,略有磨损,45.39
猎杀者匕首（★） | 北方森林 (崭新出厂),猎杀者匕首（★） | 北方森林,隐秘,崭新出厂,
猎杀者匕首（★） | 北方森林 (久经沙场),猎杀者匕首（★） | 北方森林,隐秘,久经沙场,
猎杀者匕首（★） | 北方森林 (破损不堪),猎杀者匕首（★） | 北方森林,隐秘,破损不堪,930.00
猎杀者匕首（★） | 北方森林 (战痕累累),猎杀者匕首（★） | 北方森林,隐秘,战痕累累,988.00
猎杀者匕首（★） | 北方森林 (略有磨损),猎杀者匕首（★） | 北方森林,隐秘,略有磨损,1397.60
P90（纪念品） | 冰川网格 (崭新出厂),P90（纪念品） | 冰川网格,军规级,崭新出厂,
P90（纪念品） | 冰川网格 (久经沙场),P90（纪念品） | 冰川网格,军规级,久经沙场,12.00
P90（纪念品） | 冰川网格 (破损不堪),P90（纪念品） | 冰川网格,军规级,破损不堪,45.00
P90（纪念品） | 冰川网格 (战痕累累),P90（纪念品） | 冰川网格,军规级,战痕累累,50.00
P90（纪念品） | 冰川网格 (略有磨损),P90（纪念品） | 冰川网格,军规级,略有磨损,58.99
沙漠之鹰（StatTrak™） | 纳迦蛇神 (崭新出厂),沙漠之鹰（StatTrak™） | 纳迦蛇神,受限,崭新出厂,148.49
沙漠之鹰（StatTrak™） | 纳迦蛇神 (久经沙场),沙漠之鹰（StatTrak™） | 纳迦蛇神,受限,久经沙场,24.30
沙漠之鹰（StatTrak™） | 纳迦蛇神 (破损不堪),沙漠之鹰（StatTrak™） | 纳迦蛇神,受限,破损不堪,39.80
沙漠之鹰（StatTrak™） | 纳迦蛇神 (战痕累累),沙漠之鹰（StatTrak™） | 纳迦蛇神,受限,战痕累累,31.36
沙漠之鹰（StatTrak™） | 纳迦蛇神 (略有磨损),沙漠之鹰（StatTrak™） | 纳迦蛇神,受限,略有磨损,48.80
熊刀（★） | 人工染色 (崭新出厂),熊刀（★） | 人工染色,隐秘,崭新出厂,2149.88
熊刀（★） | 人工染色 (久经沙场),熊刀（★） | 人工染色,隐秘,久经沙场,1270.00
熊刀（★） | 人工染色 (破损不堪),熊刀（★） | 人工染色,隐秘,破损不堪,1096.00
熊刀（★） | 人工染色 (战痕累累),熊刀（★） | 人工染色,隐秘,战痕累累,1047.95
熊刀（★） | 人工染色 (略有磨损),熊刀（★） | 人工染色,隐秘,略有磨损,1390.00
加利尔 AR | 火线冲锋 (崭新出厂),加利尔 AR | 火线冲锋,受限,崭新出厂,10.47
加利尔 AR | 火线冲锋 (久经沙场),加利尔 AR | 火线冲锋,受限,久经沙场,2.80
加利尔 AR | 火线冲锋 (破损不堪),加利尔 AR | 火线冲锋,受限,破损不堪,1.90
加利尔 AR | 火线冲锋 (战痕累累),加利尔 AR | 火线冲锋,受限,战痕累累,1.90
加利尔 AR | 火线冲锋 (略有磨损),加利尔 AR | 火线冲锋,受限,略有磨损,4.13
AK-47（StatTrak™） | 燃料喷射器 (崭新出厂),AK-47（StatTrak™） | 燃料喷射器,隐秘,崭新出厂,7299.00
AK-47（StatTrak™） | 燃料喷射器 (久经沙场),AK-47（StatTrak™） | 燃料喷射器,隐秘,久经沙场,2092.70
AK-47（StatTrak™） | 燃料喷射器 (破损不堪),AK-47（StatTrak™） | 燃料喷射器,隐秘,破损不堪,1351.00
AK-47（StatTrak™） | 燃料喷射器 (战痕累累),AK-47（StatTrak™） | 燃料喷射器,隐秘,战痕累累,1145.70
AK-47（StatTrak™） | 燃料喷射器 (略有磨损),AK-47（StatTrak™） | 燃料喷射器,隐秘,略有磨损,3499.00
P90 | 往日行动 (崭新出厂),P90 | 往日行动,保密,崭新出厂,106.59
P90 | 往日行动 (久经沙场),P90 | 往日行动,保密,久经沙场,40.00
P90 | 往日行动 (破损不堪),P90 | 往日行动,保密,破损不堪,40.00
P90 | 往日行动 (战痕累累),P90 | 往日行动,保密,战痕累累,80.00
P90 | 往日行动 (略有磨损),P90 | 往日行动,保密,略有磨损,58.31
AK-47 | 火神 (崭新出厂),AK-47 | 火神,隐秘,崭新出厂,6162.66
AK-47 | 火神 (久经沙场),AK-47 | 火神,隐秘,久经沙场,1692.88
AK-47 | 火神 (破损不堪),AK-47 | 火神,隐秘,破损不堪,1019.89
AK-47 | 火神 (战痕累累),AK-47 | 火神,隐秘,战痕累累,591.46
AK-47 | 火神 (略有磨损),AK-47 | 火神,隐秘,略有磨损,3444.00
猎杀者匕首（★） | 自由之手 (崭新出厂),猎杀者匕首（★） | 自由之手,隐秘,崭新出厂,1499.00
猎杀者匕首（★） | 自由之手 (久经沙场),猎杀者匕首（★） | 自由之手,隐秘,久经沙场,1032.00
猎杀者匕首（★） | 自由之手 (破损不堪),猎杀者匕首（★） | 自由之手,隐秘,破损不堪,
猎杀者匕首（★） | 自由之手 (战痕累累),猎杀者匕首（★） | 自由之手,隐秘,战痕累累,1998.00
猎杀者匕首（★） | 自由之手 (略有磨损),猎杀者匕首（★） | 自由之手,隐秘,略有磨损,1430.00
SSG 08 | 春季方巾 (崭新出厂),SSG 08 | 春季方巾,军规级,崭新出厂,6.47
SSG 08 | 春季方巾 (久经沙场),SSG 08 | 春季方巾,军规级,久经沙场,2.88
SSG 08 | 春季方巾 (破损不堪),SSG 08 | 春季方巾,军规级,破损不堪,3.16
SSG 08 | 春季方巾 (战痕累累),SSG 08 | 春季方巾,军规级,战痕累累,2.76
SSG 08 | 春季方巾 (略有磨损),SSG 08 | 春季方巾,军规级,略有磨损,4.31
格洛克 18 型（StatTrak™） | 皇家军团 (崭新出厂),格洛克 18 型（StatTrak™） | 皇家军团,受限,崭新出厂,298.90
格洛克 18 型（StatTrak™） | 皇家军团 (久经沙场),格洛克 18 型（StatTrak™） | 皇家军团,受限,久经沙场,25.40
格洛克 18 型（StatTrak™） | 皇家军团 (破损不堪),格洛克 18 型（StatTrak™） | 皇家军团,受限,破损不堪,25.00
格洛克 18 型（StatTrak™） | 皇家军团 (战痕累累),格洛克 18 型（StatTrak™） | 皇家军团,受限,战痕累累,27.83
格洛克 18 型（StatTrak™） | 皇家军团 (略有磨损),格洛克 18 型（StatTrak™） | 皇家军团,受限,略有磨损,54.00
MAC-10 | 核子花园 (崭新出厂),MAC-10 | 核子花园,军规级,崭新出厂,82.07
MAC-10 | 核子花园 (久经沙场),MAC-10 | 核子花园,军规级,久经沙场,42.00
MAC-10 | 核子花园 (破损不堪),MAC-10 | 核子花园,军规级,破损不堪,65.24
MAC-10 | 核子花园 (战痕累累),MAC-10 | 核子花园,军规级,战痕累累,
MAC-10 | 核子花园 (略有磨损),MAC-10 | 核子花园,军规级,略有磨损,52.73
AWP（纪念品） | 狩猎网格 (久经沙场),AWP（纪念品） | 狩猎网格,工业级,久经沙场,1999.00
AWP（纪念品） | 狩猎网格 (破损不堪),AWP（纪念品） | 狩猎网格,工业级,破损不堪,
AWP（纪念品） | 狩猎网格 (战痕累累),AWP（纪念品） | 狩猎网格,工业级,战痕累累,49999.00
AWP（纪念品） | 狩猎网格 (略有磨损),AWP（纪念品） | 狩猎网格,工业级,略有磨损,3600.00
鲍伊猎刀（★） | 蓝钢 (崭新出厂),鲍伊猎刀（★） | 蓝钢,隐秘,崭新出厂,
鲍伊猎刀（★） | 蓝钢 (久经沙场),鲍伊猎刀（★） | 蓝钢,隐秘,久经沙场,1148.00
鲍伊猎刀（★） | 蓝钢 (破损不堪),鲍伊猎刀（★） | 蓝钢,隐秘,破损不堪,
鲍伊猎刀（★） | 蓝钢 (战痕累累),鲍伊猎刀（★） | 蓝钢,隐秘,战痕累累,1150.00
鲍伊猎刀（★） | 蓝钢 (略有磨损),鲍伊猎刀（★） | 蓝钢,隐秘,略有磨损,1200.00
MP7（StatTrak™） | 幽幻深渊 (崭新出厂),MP7（StatTrak™） | 幽幻深渊,保密,崭新出厂,186.00
MP7（StatTrak™） | 幽幻深渊 (久经沙场),MP7（StatTrak™） | 幽幻深渊,保密,久经沙场,25.00
MP7（StatTrak™） | 幽幻深渊 (破损不堪),MP7（StatTrak™） | 幽幻深渊,保密,破损不堪,20.64
MP7（StatTrak™） | 幽幻深渊 (战痕累累),MP7（StatTrak™） | 幽幻深渊,保密,战痕累累,18.00
MP7（StatTrak™） | 幽幻深渊 (略有磨损),MP7（StatTrak™） | 幽幻深渊,保密,略有磨损,65.00
M4A4（StatTrak™） | 透明弹匣 (崭新出厂),M4A4（StatTrak™） | 透明弹匣,军规级,崭新出厂,21.25
M4A4（StatTrak™） | 透明弹匣 (久经沙场),M4A4（StatTrak™） | 透明弹匣,军规级,久经沙场,1.44
M4A4（StatTrak™） | 透明弹匣 (破损不堪),M4A4（StatTrak™） | 透明弹匣,军规级,破损不堪,1.13
M4A4（StatTrak™） | 透明弹匣 (战痕累累),M4A4（StatTrak™） | 透明弹匣,军规级,战痕累累,1.12
M4A4（StatTrak™） | 透明弹匣 (略有磨损),M4A4（StatTrak™） | 透明弹匣,军规级,略有磨损,4.48
系绳匕首（★ StatTrak™） | 夜色 (久经沙场),系绳匕首（★ StatTrak™） | 夜色,隐秘,久经沙场,
系绳匕首（★ StatTrak™） | 夜色 (破损不堪),系绳匕首（★ StatTrak™） | 夜色,隐秘,破损不堪,
系绳匕首（★ StatTrak™） | 夜色 (战痕累累),系绳匕首（★ StatTrak™） | 夜色,隐秘,战痕累累,
系绳匕首（★ StatTrak™） | 夜色 (略有磨损),系绳匕首（★ StatTrak™） | 夜色,隐秘,略有磨损,1349.00
M4A1 消音型 | 伊卡洛斯殒落 (崭新出厂),M4A1 消音型 | 伊卡洛斯殒落,受限,崭新出厂,3594.99
M4A1 消音型 | 伊卡洛斯殒落 (略有磨损),M4A1 消音型 | 伊卡洛斯殒落,受限,略有磨损,3645.35
P250 | 孟加拉猛虎 (崭新出厂),P250 | 孟加拉猛虎,军规级,崭新出厂,199.00
P250 | 孟加拉猛虎 (久经沙场),P250 | 孟加拉猛虎,军规级,久经沙场,47.25
P250 | 孟加拉猛虎 (破损不堪),P250 | 孟加拉猛虎,军规级,破损不堪,200.00
P250 | 孟加拉猛虎 (战痕累累),P250 | 孟加拉猛虎,军规级,战痕累累,299.00
P250 | 孟加拉猛虎 (略有磨损),P250 | 孟加拉猛虎,军规级,略有磨损,50.00
MAC-10 | 烧尽 (崭新出厂),MAC-10 | 烧尽,受限,崭新出厂,79.88
MAC-10 | 烧尽 (久经沙场),MAC-10 | 烧尽,受限,久经沙场,58.00
MAC-10 | 烧尽 (破损不堪),MAC-10 | 烧尽,受限,破损不堪,
MAC-10 | 烧尽 (战痕累累),MAC-10 | 烧尽,受限,战痕累累,
MAC-10 | 烧尽 (略有磨损),MAC-10 | 烧尽,受限,略有磨损,65.00
折叠刀（★） | 北方森林 (崭新出厂),折叠刀（★） | 北方森林,隐秘,崭新出厂,
折叠刀（★） | 北方森林 (久经沙场),折叠刀（★） | 北方森林,隐秘,久经沙场,1250.00
折叠刀（★） | 北方森林 (破损不堪),折叠刀（★） | 北方森林,隐秘,破损不堪,1500.00
折叠刀（★） | 北方森林 (战痕累累),折叠刀（★） | 北方森林,隐秘,战痕累累,1130.96
折叠刀（★） | 北方森林 (略有磨损),折叠刀（★） | 北方森林,隐秘,略有磨损,1418.00
格洛克 18 型（纪念品） | 远光灯 (崭新出厂),格洛克 18 型（纪念品） | 远光灯,工业级,崭新出厂,16.83
格洛克 18 型（纪念品） | 远光灯 (略有磨损),格洛克 18 型（纪念品） | 远光灯,工业级,略有磨损,50.00
P90 | 困兽之斗 (崭新出厂),P90 | 困兽之斗,军规级,崭新出厂,48.70
P90 | 困兽之斗 (久经沙场),P90 | 困兽之斗,军规级,久经沙场,62.80
P90 | 困兽之斗 (破损不堪),P90 | 困兽之斗,军规级,破损不堪,74.15
P90 | 困兽之斗 (战痕累累),P90 | 困兽之斗,军规级,战痕累累,
P90 | 困兽之斗 (略有磨损),P90 | 困兽之斗,军规级,略有磨损,59.40
G3SG1 | 黑砂 (崭新出厂),G3SG1 | 黑砂,军规级,崭新出厂,14.00
G3SG1 | 黑砂 (久经沙场),G3SG1 | 黑砂,军规级,久经沙场,96.83
G3SG1 | 黑砂 (破损不堪),G3SG1 | 黑砂,军规级,破损不堪,
G3SG1 | 黑砂 (战痕累累),G3SG1 | 黑砂,军规级,战痕累累,4.81
G3SG1 | 黑砂 (略有磨损),G3SG1 | 黑砂,军规级,略有磨损,16.27
AK-47（StatTrak™） | 表面淬火 (崭新出厂),AK-47（StatTrak™） | 表面淬火,保密,崭新出厂,5500.00
AK-47（StatTrak™） | 表面淬火 (久经沙场),AK-47（StatTrak™） | 表面淬火,保密,久经沙场,3388.00
AK-47（StatTrak™） | 表面淬火 (破损不堪),AK-47（StatTrak™） | 表面淬火,保密,破损不堪,2299.00
AK-47（StatTrak™） | 表面淬火 (战痕累累),AK-47（StatTrak™） | 表面淬火,保密,战痕累累,1717.00
AK-47（StatTrak™） | 表面淬火 (略有磨损),AK-47（StatTrak™） | 表面淬火,保密,略有磨损,3695.30
USP 消音版（StatTrak™） | 守护者 (崭新出厂),USP 消音版（StatTrak™） | 守护者,受限,崭新出厂,71.88
USP 消音版（StatTrak™） | 守护者 (久经沙场),USP 消音版（StatTrak™） | 守护者,受限,久经沙场,26.58
USP 消音版（StatTrak™） | 守护者 (略有磨损),USP 消音版（StatTrak™） | 守护者,受限,略有磨损,53.00
猎杀者匕首（★） | 致命紫罗兰 (崭新出厂),猎杀者匕首（★） | 致命紫罗兰,隐秘,崭新出厂,
猎杀者匕首（★） | 致命紫罗兰 (久经沙场),猎杀者匕首（★） | 致命紫罗兰,隐秘,久经沙场,985.00
猎杀者匕首（★） | 致命紫罗兰 (破损不堪),猎杀者匕首（★） | 致命紫罗兰,隐秘,破损不堪,949.00
猎杀者匕首（★） | 致命紫罗兰 (战痕累累),猎杀者匕首（★） | 致命紫罗兰,隐秘,战痕累累,947.60
猎杀者匕首（★） | 致命紫罗兰 (略有磨损),猎杀者匕首（★） | 致命紫罗兰,隐秘,略有磨损,1429.00
折刀（★） | 渐变大理石 (崭新出厂),折刀（★） | 渐变大理石,隐秘,崭新出厂,1398.39
折刀（★） | 渐变大理石 (略有磨损),折刀（★） | 渐变大理石,隐秘,略有磨损,1435.00
P250 | 迷人幻象 (崭新出厂),P250 | 迷人幻象,保密,崭新出厂,98.99
P250 | 迷人幻象 (久经沙场),P250 | 迷人幻象,保密,久经沙场,35.00
P250 | 迷人幻象 (破损不堪),P250 | 迷人幻象,保密,破损不堪,32.00
P250 | 迷人幻象 (战痕累累),P250 | 迷人幻象,保密,战痕累累,24.87
P250 | 迷人幻象 (略有磨损),P250 | 迷人幻象,保密,略有磨损,53.34
SSG 08 | 致命一击 (崭新出厂),SSG 08 | 致命一击,保密,崭新出厂,4350.00
SSG 08 | 致命一击 (久经沙场),SSG 08 | 致命一击,保密,久经沙场,4000.00
SSG 08 | 致命一击 (破损不堪),SSG 08 | 致命一击,保密,破损不堪,5499.00
SSG 08 | 致命一击 (战痕累累),SSG 08 | 致命一击,保密,战痕累累,4999.00
SSG 08 | 致命一击 (略有磨损),SSG 08 | 致命一击,保密,略有磨损,3600.00
MAC-10 | 诅咒 (崭新出厂),MAC-10 | 诅咒,受限,崭新出厂,70.00
MAC-10 | 诅咒 (久经沙场),MAC-10 | 诅咒,受限,久经沙场,68.41
MAC-10 | 诅咒 (破损不堪),MAC-10 | 诅咒,受限,破损不堪,
MAC-10 | 诅咒 (战痕累累),MAC-10 | 诅咒,受限,战痕累累,
MAC-10 | 诅咒 (略有磨损),MAC-10 | 诅咒,受限,略有磨损,65.00
SCAR-20 | 权力之心 (崭新出厂),SCAR-20 | 权力之心,受限,崭新出厂,12.26
SCAR-20 | 权力之心 (久经沙场),SCAR-20 | 权力之心,受限,久经沙场,2.37
SCAR-20 | 权力之心 (破损不堪),SCAR-20 | 权力之心,受限,破损不堪,2.14
SCAR-20 | 权力之心 (战痕累累),SCAR-20 | 权力之心,受限,战痕累累,2.45
SCAR-20 | 权力之心 (略有磨损),SCAR-20 | 权力之心,受限,略有磨损,4.68
海豹短刀（★） | 蓝钢 (崭新出厂),海豹短刀（★） | 蓝钢,隐秘,崭新出厂,
海豹短刀（★） | 蓝钢 (久经沙场),海豹短刀（★） | 蓝钢,隐秘,久经沙场,1408.86
海豹短刀（★） | 蓝钢 (破损不堪),海豹短刀（★） | 蓝钢,隐秘,破损不堪,1260.00
海豹短刀（★） | 蓝钢 (战痕累累),海豹短刀（★） | 蓝钢,隐秘,战痕累累,1385.00
海豹短刀（★） | 蓝钢 (略有磨损),海豹短刀（★） | 蓝钢,隐秘,略有磨损,1484.02
AWP | 雷击 (崭新出厂),AWP | 雷击,隐秘,崭新出厂,4000.00
AWP | 雷击 (略有磨损),AWP | 雷击,隐秘,略有磨损,4093.00
USP 消音版（StatTrak™） | 次时代 (崭新出厂),USP 消音版（StatTrak™） | 次时代,受限,崭新出厂,94.05
USP 消音版（StatTrak™） | 次时代 (久经沙场),USP 消音版（StatTrak™） | 次时代,受限,久经沙场,25.99
USP 消音版（StatTrak™） | 次时代 (破损不堪),USP 消音版（StatTrak™） | 次时代,受限,破损不堪,55.00
USP 消音版（StatTrak™） | 次时代 (战痕累累),USP 消音版（StatTrak™） | 次时代,受限,战痕累累,40.00
USP 消音版（StatTrak™） | 次时代 (略有磨损),USP 消音版（StatTrak™） | 次时代,受限,略有磨损,50.39
流浪者匕首（★） | 森林 DDPAT (崭新出厂),流浪者匕首（★） | 森林 DDPAT,隐秘,崭新出厂,
流浪者匕首（★） | 森林 DDPAT (久经沙场),流浪者匕首（★） | 森林 DDPAT,隐秘,久经沙场,1206.55
流浪者匕首（★） | 森林 DDPAT (破损不堪),流浪者匕首（★） | 森林 DDPAT,隐秘,破损不堪,1209.79
流浪者匕首（★） | 森林 DDPAT (战痕累累),流浪者匕首（★） | 森林 DDPAT,隐秘,战痕累累,1100.00
流浪者匕首（★） | 森林 DDPAT (略有磨损),流浪者匕首（★） | 森林 DDPAT,隐秘,略有磨损,1517.48
MP5-SD（StatTrak™） | 磷光体 (崭新出厂),MP5-SD（StatTrak™） | 磷光体,保密,崭新出厂,140.00
MP5-SD（StatTrak™） | 磷光体 (久经沙场),MP5-SD（StatTrak™） | 磷光体,保密,久经沙场,43.70
MP5-SD（StatTrak™） | 磷光体 (破损不堪),MP5-SD（StatTrak™） | 磷光体,保密,破损不堪,43.99
MP5-SD（StatTrak™） | 磷光体 (战痕累累),MP5-SD（StatTrak™） | 磷光体,保密,战痕累累,42.92
MP5-SD（StatTrak™） | 磷光体 (略有磨损),MP5-SD（StatTrak™） | 磷光体,保密,略有磨损,74.00
G3SG1 | 毒刺 (崭新出厂),G3SG1 | 毒刺,受限,崭新出厂,9.39
G3SG1 | 毒刺 (久经沙场),G3SG1 | 毒刺,受限,久经沙场,3.12
G3SG1 | 毒刺 (破损不堪),G3SG1 | 毒刺,受限,破损不堪,4.50
G3SG1 | 毒刺 (战痕累累),G3SG1 | 毒刺,受限,战痕累累,2.77
G3SG1 | 毒刺 (略有磨损),G3SG1 | 毒刺,受限,略有磨损,4.70
AWP（StatTrak™） | 鬼退治 (崭新出厂),AWP（StatTrak™） | 鬼退治,隐秘,崭新出厂,7099.99
AWP（StatTrak™） | 鬼退治 (久经沙场),AWP（StatTrak™） | 鬼退治,隐秘,久经沙场,3445.55
AWP（StatTrak™） | 鬼退治 (破损不堪),AWP（StatTrak™） | 鬼退治,隐秘,破损不堪,
AWP（StatTrak™） | 鬼退治 (战痕累累),AWP（StatTrak™） | 鬼退治,隐秘,战痕累累,4000.00
AWP（StatTrak™） | 鬼退治 (略有磨损),AWP（StatTrak™） | 鬼退治,隐秘,略有磨损,4800.00
SG 553 | 三巨头 (崭新出厂),SG 553 | 三巨头,受限,崭新出厂,12.00
SG 553 | 三巨头 (久经沙场),SG 553 | 三巨头,受限,久经沙场,2.79
SG 553 | 三巨头 (破损不堪),SG 553 | 三巨头,受限,破损不堪,2.04
SG 553 | 三巨头 (战痕累累),SG 553 | 三巨头,受限,战痕累累,2.44
SG 553 | 三巨头 (略有磨损),SG 553 | 三巨头,受限,略有磨损,4.24
双持贝瑞塔 | 报应 (崭新出厂),双持贝瑞塔 | 报应,军规级,崭新出厂,41.98
双持贝瑞塔 | 报应 (久经沙场),双持贝瑞塔 | 报应,军规级,久经沙场,520.00
双持贝瑞塔 | 报应 (破损不堪),双持贝瑞塔 | 报应,军规级,破损不堪,
双持贝瑞塔 | 报应 (略有磨损),双持贝瑞塔 | 报应,军规级,略有磨损,
P90 | 三角 (久经沙场),P90 | 三角,保密,久经沙场,58.52
P90 | 三角 (破损不堪),P90 | 三角,保密,破损不堪,
P90 | 三角 (战痕累累),P90 | 三角,保密,战痕累累,
P90 | 三角 (略有磨损),P90 | 三角,保密,略有磨损,72.90
熊刀（★） | 夜色 (崭新出厂),熊刀（★） | 夜色,隐秘,崭新出厂,3995.00
熊刀（★） | 夜色 (久经沙场),熊刀（★） | 夜色,隐秘,久经沙场,1080.23
熊刀（★） | 夜色 (破损不堪),熊刀（★） | 夜色,隐秘,破损不堪,1180.00
熊刀（★） | 夜色 (战痕累累),熊刀（★） | 夜色,隐秘,战痕累累,955.00
熊刀（★） | 夜色 (略有磨损),熊刀（★） | 夜色,隐秘,略有磨损,1452.00
AK-47（StatTrak™） | 火神 (崭新出厂),AK-47（StatTrak™） | 火神,隐秘,崭新出厂,10350.98
AK-47（StatTrak™） | 火神 (久经沙场),AK-47（StatTrak™） | 火神,隐秘,久经沙场,2684.20
AK-47（StatTrak™） | 火神 (破损不堪),AK-47（StatTrak™） | 火神,隐秘,破损不堪,1950.00
AK-47（StatTrak™） | 火神 (战痕累累),AK-47（StatTrak™） | 火神,隐秘,战痕累累,1039.87
AK-47（StatTrak™） | 火神 (略有磨损),AK-47（StatTrak™） | 火神,隐秘,略有磨损,6085.81
熊刀（★） | 大马士革钢 (崭新出厂),熊刀（★） | 大马士革钢,隐秘,崭新出厂,1637.28
熊刀（★） | 大马士革钢 (久经沙场),熊刀（★） | 大马士革钢,隐秘,久经沙场,1284.27
熊刀（★） | 大马士革钢 (破损不堪),熊刀（★） | 大马士革钢,隐秘,破损不堪,1222.00
熊刀（★） | 大马士革钢 (战痕累累),熊刀（★） | 大马士革钢,隐秘,战痕累累,1200.00
熊刀（★） | 大马士革钢 (略有磨损),熊刀（★） | 大马士革钢,隐秘,略有磨损,1519.71
M4A4 | 波塞冬 (崭新出厂),M4A4 | 波塞冬,保密,崭新出厂,10668.00
M4A4 | 波塞冬 (久经沙场),M4A4 | 波塞冬,保密,久经沙场,6776.63
M4A4 | 波塞冬 (略有磨损),M4A4 | 波塞冬,保密,略有磨损,7188.00
USP 消音版 | 不锈钢 (崭新出厂),USP 消音版 | 不锈钢,军规级,崭新出厂,140.22
USP 消音版 | 不锈钢 (久经沙场),USP 消音版 | 不锈钢,军规级,久经沙场,32.00
USP 消音版 | 不锈钢 (破损不堪),USP 消音版 | 不锈钢,军规级,破损不堪,45.00
USP 消音版 | 不锈钢 (战痕累累),USP 消音版 | 不锈钢,军规级,战痕累累,23.96
USP 消音版 | 不锈钢 (略有磨损),USP 消音版 | 不锈钢,军规级,略有磨损,50.93
SG 553 | 幻影 (崭新出厂),SG 553 | 幻影,受限,崭新出厂,8.76
SG 553 | 幻影 (久经沙场),SG 553 | 幻影,受限,久经沙场,2.82
SG 553 | 幻影 (破损不堪),SG 553 | 幻影,受限,破损不堪,3.20
SG 553 | 幻影 (战痕累累),SG 553 | 幻影,受限,战痕累累,2.58
SG 553 | 幻影 (略有磨损),SG 553 | 幻影,受限,略有磨损,4.14
P90 | 盲点 (崭新出厂),P90 | 盲点,受限,崭新出厂,79.96
P90 | 盲点 (久经沙场),P90 | 盲点,受限,久经沙场,59.30
P90 | 盲点 (破损不堪),P90 | 盲点,受限,破损不堪,1997.00
P90 | 盲点 (战痕累累),P90 | 盲点,受限,战痕累累,
P90 | 盲点 (略有磨损),P90 | 盲点,受限,略有磨损,73.31
暗影双匕（★） | 深红之网 (崭新出厂),暗影双匕（★） | 深红之网,隐秘,崭新出厂,5000.00
暗影双匕（★） | 深红之网 (久经沙场),暗影双匕（★） | 深红之网,隐秘,久经沙场,1147.85
暗影双匕（★） | 深红之网 (破损不堪),暗影双匕（★） | 深红之网,隐秘,破损不堪,1035.00
暗影双匕（★） | 深红之网 (战痕累累),暗影双匕（★） | 深红之网,隐秘,战痕累累,
暗影双匕（★） | 深红之网 (略有磨损),暗影双匕（★） | 深红之网,隐秘,略有磨损,2000.00
G3SG1 | 梦之林地 (崭新出厂),G3SG1 | 梦之林地,受限,崭新出厂,11.99
G3SG1 | 梦之林地 (久经沙场),G3SG1 | 梦之林地,受限,久经沙场,1.91
G3SG1 | 梦之林地 (破损不堪),G3SG1 | 梦之林地,受限,破损不堪,1.87
G3SG1 | 梦之林地 (战痕累累),G3SG1 | 梦之林地,受限,战痕累累,1.67
G3SG1 | 梦之林地 (略有磨损),G3SG1 | 梦之林地,受限,略有磨损,4.05
M4A4 | 荷鲁斯之眼 (崭新出厂),M4A4 | 荷鲁斯之眼,隐秘,崭新出厂,16082.70
M4A4 | 荷鲁斯之眼 (久经沙场),M4A4 | 荷鲁斯之眼,隐秘,久经沙场,4028.97
M4A4 | 荷鲁斯之眼 (破损不堪),M4A4 | 荷鲁斯之眼,隐秘,破损不堪,3500.00
M4A4 | 荷鲁斯之眼 (战痕累累),M4A4 | 荷鲁斯之眼,隐秘,战痕累累,1969.99
M4A4 | 荷鲁斯之眼 (略有磨损),M4A4 | 荷鲁斯之眼,隐秘,略有磨损,8600.00
R8 左轮手枪 | 渐变之色 (崭新出厂),R8 左轮手枪 | 渐变之色,隐秘,崭新出厂,145.88
R8 左轮手枪 | 渐变之色 (久经沙场),R8 左轮手枪 | 渐变之色,隐秘,久经沙场,33.50
R8 左轮手枪 | 渐变之色 (破损不堪),R8 左轮手枪 | 渐变之色,隐秘,破损不堪,
R8 左轮手枪 | 渐变之色 (略有磨损),R8 左轮手枪 | 渐变之色,隐秘,略有磨损,60.00
熊刀（★ StatTrak™） | 夜色 (崭新出厂),熊刀（★ StatTrak™） | 夜色,隐秘,崭新出厂,
熊刀（★ StatTrak™） | 夜色 (久经沙场),熊刀（★ StatTrak™） | 夜色,隐秘,久经沙场,1210.00
熊刀（★ StatTrak™） | 夜色 (破损不堪),熊刀（★ StatTrak™） | 夜色,隐秘,破损不堪,
熊刀（★ StatTrak™） | 夜色 (战痕累累),熊刀（★ StatTrak™） | 夜色,隐秘,战痕累累,1217.78
熊刀（★ StatTrak™） | 夜色 (略有磨损),熊刀（★ StatTrak™） | 夜色,隐秘,略有磨损,1466.00
MP9 | 八音盒 (崭新出厂),MP9 | 八音盒,军规级,崭新出厂,85.00
MP9 | 八音盒 (久经沙场),MP9 | 八音盒,军规级,久经沙场,110.00
MP9 | 八音盒 (破损不堪),MP9 | 八音盒,军规级,破损不堪,
MP9 | 八音盒 (战痕累累),MP9 | 八音盒,军规级,战痕累累,98.90
MP9 | 八音盒 (略有磨损),MP9 | 八音盒,军规级,略有磨损,76.89
SSG 08 | 无尽深海 (崭新出厂),SSG 08 | 无尽深海,军规级,崭新出厂,21.76
SSG 08 | 无尽深海 (久经沙场),SSG 08 | 无尽深海,军规级,久经沙场,1.76
SSG 08 | 无尽深海 (破损不堪),SSG 08 | 无尽深海,军规级,破损不堪,1.03
SSG 08 | 无尽深海 (战痕累累),SSG 08 | 无尽深海,军规级,战痕累累,1.28
SSG 08 | 无尽深海 (略有磨损),SSG 08 | 无尽深海,军规级,略有磨损,4.87
AK-47 | X 射线 (崭新出厂),AK-47 | X 射线,隐秘,崭新出厂,16997.52
AK-47 | X 射线 (久经沙场),AK-47 | X 射线,隐秘,久经沙场,6178.99
AK-47 | X 射线 (破损不堪),AK-47 | X 射线,隐秘,破损不堪,3252.00
AK-47 | X 射线 (战痕累累),AK-47 | X 射线,隐秘,战痕累累,2200.00
AK-47 | X 射线 (略有磨损),AK-47 | X 射线,隐秘,略有磨损,9498.88
P250 | 葡萄酒 (崭新出厂),P250 | 葡萄酒,受限,崭新出厂,84.00
P250 | 葡萄酒 (久经沙场),P250 | 葡萄酒,受限,久经沙场,24.35
P250 | 葡萄酒 (破损不堪),P250 | 葡萄酒,受限,破损不堪,14.06
P250 | 葡萄酒 (战痕累累),P250 | 葡萄酒,受限,战痕累累,14.00
P250 | 葡萄酒 (略有磨损),P250 | 葡萄酒,受限,略有磨损,56.25
短剑（★） | 枯焦之色 (崭新出厂),短剑（★） | 枯焦之色,隐秘,崭新出厂,2300.00
短剑（★） | 枯焦之色 (久经沙场),短剑（★） | 枯焦之色,隐秘,久经沙场,1384.99
短剑（★） | 枯焦之色 (破损不堪),短剑（★） | 枯焦之色,隐秘,破损不堪,1435.00
短剑（★） | 枯焦之色 (战痕累累),短剑（★） | 枯焦之色,隐秘,战痕累累,1345.00
短剑（★） | 枯焦之色 (略有磨损),短剑（★） | 枯焦之色,隐秘,略有磨损,1556.00
AUG（纪念品） | 殖民侵略者 (崭新出厂),AUG（纪念品） | 殖民侵略者,消费级,崭新出厂,120.00
AUG（纪念品） | 殖民侵略者 (久经沙场),AUG（纪念品） | 殖民侵略者,消费级,久经沙场,1.21
AUG（纪念品） | 殖民侵略者 (破损不堪),AUG（纪念品） | 殖民侵略者,消费级,破损不堪,2.56
AUG（纪念品） | 殖民侵略者 (战痕累累),AUG（纪念品） | 殖民侵略者,消费级,战痕累累,4.70
AUG（纪念品） | 殖民侵略者 (略有磨损),AUG（纪念品） | 殖民侵略者,消费级,略有磨损,6.00
AK-47 | 火蛇 (崭新出厂),AK-47 | 火蛇,隐秘,崭新出厂,18666.59
AK-47 | 火蛇 (久经沙场),AK-47 | 火蛇,隐秘,久经沙场,6244.95
AK-47 | 火蛇 (破损不堪),AK-47 | 火蛇,隐秘,破损不堪,5399.00
AK-47 | 火蛇 (战痕累累),AK-47 | 火蛇,隐秘,战痕累累,4200.00
AK-47 | 火蛇 (略有磨损),AK-47 | 火蛇,隐秘,略有磨损,9679.99
UMP-45（StatTrak™） | 白骨之堆 (崭新出厂),UMP-45（StatTrak™） | 白骨之堆,军规级,崭新出厂,498.50
UMP-45（StatTrak™） | 白骨之堆 (久经沙场),UMP-45（StatTrak™） | 白骨之堆,军规级,久经沙场,
UMP-45（StatTrak™） | 白骨之堆 (略有磨损),UMP-45（StatTrak™） | 白骨之堆,军规级,略有磨损,76.22
双持贝瑞塔（StatTrak™） | 瓜瓜 (崭新出厂),双持贝瑞塔（StatTrak™） | 瓜瓜,保密,崭新出厂,165.00
双持贝瑞塔（StatTrak™） | 瓜瓜 (久经沙场),双持贝瑞塔（StatTrak™） | 瓜瓜,保密,久经沙场,25.85
双持贝瑞塔（StatTrak™） | 瓜瓜 (破损不堪),双持贝瑞塔（StatTrak™） | 瓜瓜,保密,破损不堪,24.30
双持贝瑞塔（StatTrak™） | 瓜瓜 (战痕累累),双持贝瑞塔（StatTrak™） | 瓜瓜,保密,战痕累累,17.56
双持贝瑞塔（StatTrak™） | 瓜瓜 (略有磨损),双持贝瑞塔（StatTrak™） | 瓜瓜,保密,略有磨损,59.98
系绳匕首（★） | 人工染色 (崭新出厂),系绳匕首（★） | 人工染色,隐秘,崭新出厂,1975.00
系绳匕首（★） | 人工染色 (久经沙场),系绳匕首（★） | 人工染色,隐秘,久经沙场,1200.00
系绳匕首（★） | 人工染色 (破损不堪),系绳匕首（★） | 人工染色,隐秘,破损不堪,1166.66
系绳匕首（★） | 人工染色 (战痕累累),系绳匕首（★） | 人工染色,隐秘,战痕累累,1028.88
系绳匕首（★） | 人工染色 (略有磨损),系绳匕首（★） | 人工染色,隐秘,略有磨损,1488.00
M4A1 消音型（纪念品） | 骑士 (崭新出厂),M4A1 消音型（纪念品） | 骑士,保密,崭新出厂,14984.00
M4A1 消音型（纪念品） | 骑士 (略有磨损),M4A1 消音型（纪念品） | 骑士,保密,略有磨损,10100.00
AWP | 渐变之色 (崭新出厂),AWP | 渐变之色,隐秘,崭新出厂,8375.00
AWP | 渐变之色 (略有磨损),AWP | 渐变之色,隐秘,略有磨损,11098.89
MAC-10 | 渐变琥珀 (崭新出厂),MAC-10 | 渐变琥珀,军规级,崭新出厂,148.93
MAC-10 | 渐变琥珀 (久经沙场),MAC-10 | 渐变琥珀,军规级,久经沙场,60.29
MAC-10 | 渐变琥珀 (破损不堪),MAC-10 | 渐变琥珀,军规级,破损不堪,
MAC-10 | 渐变琥珀 (略有磨损),MAC-10 | 渐变琥珀,军规级,略有磨损,70.00
猎杀者匕首（★） | 黑色层压板 (崭新出厂),猎杀者匕首（★） | 黑色层压板,隐秘,崭新出厂,3550.00
猎杀者匕首（★） | 黑色层压板 (久经沙场),猎杀者匕首（★） | 黑色层压板,隐秘,久经沙场,1398.00
猎杀者匕首（★） | 黑色层压板 (破损不堪),猎杀者匕首（★） | 黑色层压板,隐秘,破损不堪,1774.99
猎杀者匕首（★） | 黑色层压板 (战痕累累),猎杀者匕首（★） | 黑色层压板,隐秘,战痕累累,1554.00
猎杀者匕首（★） | 黑色层压板 (略有磨损),猎杀者匕首（★） | 黑色层压板,隐秘,略有磨损,1498.00
双持贝瑞塔 | 双涡轮 (崭新出厂),双持贝瑞塔 | 双涡轮,保密,崭新出厂,107.50
双持贝瑞塔 | 双涡轮 (久经沙场),双持贝瑞塔 | 双涡轮,保密,久经沙场,32.30
双持贝瑞塔 | 双涡轮 (破损不堪),双持贝瑞塔 | 双涡轮,保密,破损不堪,24.65
双持贝瑞塔 | 双涡轮 (战痕累累),双持贝瑞塔 | 双涡轮,保密,战痕累累,18.50
双持贝瑞塔 | 双涡轮 (略有磨损),双持贝瑞塔 | 双涡轮,保密,略有磨损,53.36
加利尔 AR（StatTrak™） | 黑砂 (崭新出厂),加利尔 AR（StatTrak™） | 黑砂,军规级,崭新出厂,17.52
加利尔 AR（StatTrak™） | 黑砂 (久经沙场),加利尔 AR（StatTrak™） | 黑砂,军规级,久经沙场,1.91
加利尔 AR（StatTrak™） | 黑砂 (破损不堪),加利尔 AR（StatTrak™） | 黑砂,军规级,破损不堪,1.80
加利尔 AR（StatTrak™） | 黑砂 (战痕累累),加利尔 AR（StatTrak™） | 黑砂,军规级,战痕累累,1.61
加利尔 AR（StatTrak™） | 黑砂 (略有磨损),加利尔 AR（StatTrak™） | 黑砂,军规级,略有磨损,4.30
AK-47 | 水栽竹 (崭新出厂),AK-47 | 水栽竹,保密,崭新出厂,15258.00
AK-47 | 水栽竹 (久经沙场),AK-47 | 水栽竹,保密,久经沙场,6150.00
AK-47 | 水栽竹 (破损不堪),AK-47 | 水栽竹,保密,破损不堪,
AK-47 | 水栽竹 (战痕累累),AK-47 | 水栽竹,保密,战痕累累,9999.00
AK-47 | 水栽竹 (略有磨损),AK-47 | 水栽竹,保密,略有磨损,10897.00
弯刀（★ StatTrak™） | 致命紫罗兰 (崭新出厂),弯刀（★ StatTrak™） | 致命紫罗兰,隐秘,崭新出厂,
弯刀（★ StatTrak™） | 致命紫罗兰 (久经沙场),弯刀（★ StatTrak™） | 致命紫罗兰,隐秘,久经沙场,1259.00
弯刀（★ StatTrak™） | 致命紫罗兰 (破损不堪),弯刀（★ StatTrak™） | 致命紫罗兰,隐秘,破损不堪,
弯刀（★ StatTrak™） | 致命紫罗兰 (战痕累累),弯刀（★ StatTrak™） | 致命紫罗兰,隐秘,战痕累累,1000.00
弯刀（★ StatTrak™） | 致命紫罗兰 (略有磨损),弯刀（★ StatTrak™） | 致命紫罗兰,隐秘,略有磨损,
沙漠之鹰 | 遗产 (崭新出厂),沙漠之鹰 | 遗产,受限,崭新出厂,109.11
沙漠之鹰 | 遗产 (久经沙场),沙漠之鹰 | 遗产,受限,久经沙场,42.88
沙漠之鹰 | 遗产 (破损不堪),沙漠之鹰 | 遗产,受限,破损不堪,
沙漠之鹰 | 遗产 (战痕累累),沙漠之鹰 | 遗产,受限,战痕累累,37.28
沙漠之鹰 | 遗产 (略有磨损),沙漠之鹰 | 遗产,受限,略有磨损,60.00
MP9（纪念品） | 黑暗时代 (崭新出厂),MP9（纪念品） | 黑暗时代,军规级,崭新出厂,79.90
MP9（纪念品） | 黑暗时代 (久经沙场),MP9（纪念品） | 黑暗时代,军规级,久经沙场,222.00
MP9（纪念品） | 黑暗时代 (略有磨损),MP9（纪念品） | 黑暗时代,军规级,略有磨损,80.00
AUG | 渐变琥珀 (崭新出厂),AUG | 渐变琥珀,军规级,崭新出厂,9.71
AUG | 渐变琥珀 (久经沙场),AUG | 渐变琥珀,军规级,久经沙场,2.97
AUG | 渐变琥珀 (破损不堪),AUG | 渐变琥珀,军规级,破损不堪,30.10
AUG | 渐变琥珀 (略有磨损),AUG | 渐变琥珀,军规级,略有磨损,5.22
短剑（★） | 狩猎网格 (崭新出厂),短剑（★） | 狩猎网格,隐秘,崭新出厂,
短剑（★） | 狩猎网格 (久经沙场),短剑（★） | 狩猎网格,隐秘,久经沙场,1344.61
短剑（★） | 狩猎网格 (破损不堪),短剑（★） | 狩猎网格,隐秘,破损不堪,1350.00
短剑（★） | 狩猎网格 (战痕累累),短剑（★） | 狩猎网格,隐秘,战痕累累,1360.00
短剑（★） | 狩猎网格 (略有磨损),短剑（★） | 狩猎网格,隐秘,略有磨损,1500.00
AUG | 秋叶原之选 (崭新出厂),AUG | 秋叶原之选,隐秘,崭新出厂,31967.00
AUG | 秋叶原之选 (久经沙场),AUG | 秋叶原之选,隐秘,久经沙场,5187.39
AUG | 秋叶原之选 (破损不堪),AUG | 秋叶原之选,隐秘,破损不堪,3400.00
AUG | 秋叶原之选 (战痕累累),AUG | 秋叶原之选,隐秘,战痕累累,2348.00
AUG | 秋叶原之选 (略有磨损),AUG | 秋叶原之选,隐秘,略有磨损,12980.01
UMP-45 | 色如焦糖 (崭新出厂),UMP-45 | 色如焦糖,消费级,崭新出厂,300.00
UMP-45 | 色如焦糖 (久经沙场),UMP-45 | 色如焦糖,消费级,久经沙场,55.00
UMP-45 | 色如焦糖 (破损不堪),UMP-45 | 色如焦糖,消费级,破损不堪,53.83
UMP-45 | 色如焦糖 (战痕累累),UMP-45 | 色如焦糖,消费级,战痕累累,
UMP-45 | 色如焦糖 (略有磨损),UMP-45 | 色如焦糖,消费级,略有磨损,80.29
AUG | 瘟疫 (崭新出厂),AUG | 瘟疫,军规级,崭新出厂,6.33
AUG | 瘟疫 (久经沙场),AUG | 瘟疫,军规级,久经沙场,2.68
AUG | 瘟疫 (破损不堪),AUG | 瘟疫,军规级,破损不堪,3.00
AUG | 瘟疫 (战痕累累),AUG | 瘟疫,军规级,战痕累累,1.77
AUG | 瘟疫 (略有磨损),AUG | 瘟疫,军规级,略有磨损,4.68
格洛克 18 型 | 核子反应 (崭新出厂),格洛克 18 型 | 核子反应,军规级,崭新出厂,154.98
格洛克 18 型 | 核子反应 (久经沙场),格洛克 18 型 | 核子反应,军规级,久经沙场,33.50
格洛克 18 型 | 核子反应 (破损不堪),格洛克 18 型 | 核子反应,军规级,破损不堪,29.58
格洛克 18 型 | 核子反应 (战痕累累),格洛克 18 型 | 核子反应,军规级,战痕累累,31.00
格洛克 18 型 | 核子反应 (略有磨损),格洛克 18 型 | 核子反应,军规级,略有磨损,70.00
PP-野牛（StatTrak™） | 买定离手 (崭新出厂),PP-野牛（StatTrak™） | 买定离手,保密,崭新出厂,209.99
PP-野牛（StatTrak™） | 买定离手 (久经沙场),PP-野牛（StatTrak™） | 买定离手,保密,久经沙场,39.50
PP-野牛（StatTrak™） | 买定离手 (破损不堪),PP-野牛（StatTrak™） | 买定离手,保密,破损不堪,38.00
PP-野牛（StatTrak™） | 买定离手 (战痕累累),PP-野牛（StatTrak™） | 买定离手,保密,战痕累累,53.93
PP-野牛（StatTrak™） | 买定离手 (略有磨损),PP-野牛（StatTrak™） | 买定离手,保密,略有磨损,76.66
SCAR-20（StatTrak™） | 蓝洞 (崭新出厂),SCAR-20（StatTrak™） | 蓝洞,军规级,崭新出厂,9.00
SCAR-20（StatTrak™） | 蓝洞 (久经沙场),SCAR-20（StatTrak™） | 蓝洞,军规级,久经沙场,3.28
SCAR-20（StatTrak™） | 蓝洞 (破损不堪),SCAR-20（StatTrak™） | 蓝洞,军规级,破损不堪,4.94
SCAR-20（StatTrak™） | 蓝洞 (战痕累累),SCAR-20（StatTrak™） | 蓝洞,军规级,战痕累累,18.05
SCAR-20（StatTrak™） | 蓝洞 (略有磨损),SCAR-20（StatTrak™） | 蓝洞,军规级,略有磨损,4.94
折叠刀（★） | 都市伪装 (崭新出厂),折叠刀（★） | 都市伪装,隐秘,崭新出厂,
折叠刀（★） | 都市伪装 (久经沙场),折叠刀（★） | 都市伪装,隐秘,久经沙场,1299.10
折叠刀（★） | 都市伪装 (破损不堪),折叠刀（★） | 都市伪装,隐秘,破损不堪,1220.00
折叠刀（★） | 都市伪装 (战痕累累),折叠刀（★） | 都市伪装,隐秘,战痕累累,1200.00
折叠刀（★） | 都市伪装 (略有磨损),折叠刀（★） | 都市伪装,隐秘,略有磨损,1536.46
格洛克 18 型（纪念品） | 地下水 (崭新出厂),格洛克 18 型（纪念品） | 地下水,工业级,崭新出厂,
格洛克 18 型（纪念品） | 地下水 (久经沙场),格洛克 18 型（纪念品） | 地下水,工业级,久经沙场,22.01
格洛克 18 型（纪念品） | 地下水 (破损不堪),格洛克 18 型（纪念品） | 地下水,工业级,破损不堪,40.00
格洛克 18 型（纪念品） | 地下水 (战痕累累),格洛克 18 型（纪念品） | 地下水,工业级,战痕累累,25.00
格洛克 18 型（纪念品） | 地下水 (略有磨损),格洛克 18 型（纪念品） | 地下水,工业级,略有磨损,63.00
M4A1 消音型 | 紧迫危机 (崭新出厂),M4A1 消音型 | 紧迫危机,隐秘,崭新出厂,14680.00
M4A1 消音型 | 紧迫危机 (久经沙场),M4A1 消音型 | 紧迫危机,隐秘,久经沙场,6598.00
M4A1 消音型 | 紧迫危机 (破损不堪),M4A1 消音型 | 紧迫危机,隐秘,破损不堪,
M4A1 消音型 | 紧迫危机 (战痕累累),M4A1 消音型 | 紧迫危机,隐秘,战痕累累,4300.00
M4A1 消音型 | 紧迫危机 (略有磨损),M4A1 消音型 | 紧迫危机,隐秘,略有磨损,9288.00
UMP-45（StatTrak™） | 动量 (崭新出厂),UMP-45（StatTrak™） | 动量,保密,崭新出厂,142.00
UMP-45（StatTrak™） | 动量 (久经沙场),UMP-45（StatTrak™） | 动量,保密,久经沙场,50.00
UMP-45（StatTrak™） | 动量 (破损不堪),UMP-45（StatTrak™） | 动量,保密,破损不堪,44.00
UMP-45（StatTrak™） | 动量 (战痕累累),UMP-45（StatTrak™） | 动量,保密,战痕累累,
UMP-45（StatTrak™） | 动量 (略有磨损),UMP-45（StatTrak™） | 动量,保密,略有磨损,82.07
短剑（★ StatTrak™） | 枯焦之色 (久经沙场),短剑（★ StatTrak™） | 枯焦之色,隐秘,久经沙场,1405.00
短剑（★ StatTrak™） | 枯焦之色 (破损不堪),短剑（★ StatTrak™） | 枯焦之色,隐秘,破损不堪,1460.00
短剑（★ StatTrak™） | 枯焦之色 (战痕累累),短剑（★ StatTrak™） | 枯焦之色,隐秘,战痕累累,1333.00
短剑（★ StatTrak™） | 枯焦之色 (略有磨损),短剑（★ StatTrak™） | 枯焦之色,隐秘,略有磨损,1890.00
P2000（StatTrak™） | 至尊威龙 (崭新出厂),P2000（StatTrak™） | 至尊威龙,保密,崭新出厂,165.50
P2000（StatTrak™） | 至尊威龙 (久经沙场),P2000（StatTrak™） | 至尊威龙,保密,久经沙场,32.05
P2000（StatTrak™） | 至尊威龙 (破损不堪),P2000（StatTrak™） | 至尊威龙,保密,破损不堪,
P2000（StatTrak™） | 至尊威龙 (战痕累累),P2000（StatTrak™） | 至尊威龙,保密,战痕累累,56.33
P2000（StatTrak™） | 至尊威龙 (略有磨损),P2000（StatTrak™） | 至尊威龙,保密,略有磨损,69.20
M4A1 消音型 | 冒险家乐园 (崭新出厂),M4A1 消音型 | 冒险家乐园,隐秘,崭新出厂,20528.00
M4A1 消音型 | 冒险家乐园 (久经沙场),M4A1 消音型 | 冒险家乐园,隐秘,久经沙场,8800.00
M4A1 消音型 | 冒险家乐园 (破损不堪),M4A1 消音型 | 冒险家乐园,隐秘,破损不堪,5293.70
M4A1 消音型 | 冒险家乐园 (战痕累累),M4A1 消音型 | 冒险家乐园,隐秘,战痕累累,4999.00
M4A1 消音型 | 冒险家乐园 (略有磨损),M4A1 消音型 | 冒险家乐园,隐秘,略有磨损,13257.14
加利尔 AR | 信号灯 (崭新出厂),加利尔 AR | 信号灯,受限,崭新出厂,9.58
加利尔 AR | 信号灯 (久经沙场),加利尔 AR | 信号灯,受限,久经沙场,3.49
加利尔 AR | 信号灯 (破损不堪),加利尔 AR | 信号灯,受限,破损不堪,3.00
加利尔 AR | 信号灯 (战痕累累),加利尔 AR | 信号灯,受限,战痕累累,3.38
加利尔 AR | 信号灯 (略有磨损),加利尔 AR | 信号灯,受限,略有磨损,4.95
MAC-10（StatTrak™） | 玩具盒子 (崭新出厂),MAC-10（StatTrak™） | 玩具盒子,保密,崭新出厂,467.60
MAC-10（StatTrak™） | 玩具盒子 (久经沙场),MAC-10（StatTrak™） | 玩具盒子,保密,久经沙场,57.14
MAC-10（StatTrak™） | 玩具盒子 (破损不堪),MAC-10（StatTrak™） | 玩具盒子,保密,破损不堪,39.87
MAC-10（StatTrak™） | 玩具盒子 (战痕累累),MAC-10（StatTrak™） | 玩具盒子,保密,战痕累累,49.30
MAC-10（StatTrak™） | 玩具盒子 (略有磨损),MAC-10（StatTrak™） | 玩具盒子,保密,略有磨损,85.00
系绳匕首（★） | 夜色 (崭新出厂),系绳匕首（★） | 夜色,隐秘,崭新出厂,
系绳匕首（★） | 夜色 (久经沙场),系绳匕首（★） | 夜色,隐秘,久经沙场,1020.00
系绳匕首（★） | 夜色 (破损不堪),系绳匕首（★） | 夜色,隐秘,破损不堪,1026.00
系绳匕首（★） | 夜色 (战痕累累),系绳匕首（★） | 夜色,隐秘,战痕累累,942.61
系绳匕首（★） | 夜色 (略有磨损),系绳匕首（★） | 夜色,隐秘,略有磨损,1600.00
SCAR-20 | 撕起来 (崭新出厂),SCAR-20 | 撕起来,军规级,崭新出厂,6.52
SCAR-20 | 撕起来 (久经沙场),SCAR-20 | 撕起来,军规级,久经沙场,9.98
SCAR-20 | 撕起来 (破损不堪),SCAR-20 | 撕起来,军规级,破损不堪,82.18
SCAR-20 | 撕起来 (略有磨损),SCAR-20 | 撕起来,军规级,略有磨损,6.43
M4A1 消音型（纪念品） | 紧迫危机 (崭新出厂),M4A1 消音型（纪念品） | 紧迫危机,隐秘,崭新出厂,
M4A1 消音型（纪念品） | 紧迫危机 (久经沙场),M4A1 消音型（纪念品） | 紧迫危机,隐秘,久经沙场,12345.67
M4A1 消音型（纪念品） | 紧迫危机 (破损不堪),M4A1 消音型（纪念品） | 紧迫危机,隐秘,破损不堪,
M4A1 消音型（纪念品） | 紧迫危机 (战痕累累),M4A1 消音型（纪念品） | 紧迫危机,隐秘,战痕累累,
M4A1 消音型（纪念品） | 紧迫危机 (略有磨损),M4A1 消音型（纪念品） | 紧迫危机,隐秘,略有磨损,15888.00
Tec-9 | 钛片 (崭新出厂),Tec-9 | 钛片,受限,崭新出厂,133.00
Tec-9 | 钛片 (久经沙场),Tec-9 | 钛片,受限,久经沙场,100.00
Tec-9 | 钛片 (略有磨损),Tec-9 | 钛片,受限,略有磨损,65.00
MP7 | 橘皮涂装 (崭新出厂),MP7 | 橘皮涂装,工业级,崭新出厂,
MP7 | 橘皮涂装 (久经沙场),MP7 | 橘皮涂装,工业级,久经沙场,
MP7 | 橘皮涂装 (破损不堪),MP7 | 橘皮涂装,工业级,破损不堪,
MP7 | 橘皮涂装 (战痕累累),MP7 | 橘皮涂装,工业级,战痕累累,
MP7 | 橘皮涂装 (略有磨损),MP7 | 橘皮涂装,工业级,略有磨损,
M4A1 消音型（纪念品） | 冒险家乐园 (崭新出厂),M4A1 消音型（纪念品） | 冒险家乐园,隐秘,崭新出厂,75000.00
M4A1 消音型（纪念品） | 冒险家乐园 (久经沙场),M4A1 消音型（纪念品） | 冒险家乐园,隐秘,久经沙场,11774.41
M4A1 消音型（纪念品） | 冒险家乐园 (破损不堪),M4A1 消音型（纪念品） | 冒险家乐园,隐秘,破损不堪,5200.00
M4A1 消音型（纪念品） | 冒险家乐园 (战痕累累),M4A1 消音型（纪念品） | 冒险家乐园,隐秘,战痕累累,4800.00
M4A1 消音型（纪念品） | 冒险家乐园 (略有磨损),M4A1 消音型（纪念品） | 冒险家乐园,隐秘,略有磨损,16500.00
熊刀（★） | 蓝钢 (崭新出厂),熊刀（★） | 蓝钢,隐秘,崭新出厂,2100.00
熊刀（★） | 蓝钢 (久经沙场),熊刀（★） | 蓝钢,隐秘,久经沙场,1370.00
熊刀（★） | 蓝钢 (破损不堪),熊刀（★） | 蓝钢,隐秘,破损不堪,1170.00
熊刀（★） | 蓝钢 (战痕累累),熊刀（★） | 蓝钢,隐秘,战痕累累,1190.81
熊刀（★） | 蓝钢 (略有磨损),熊刀（★） | 蓝钢,隐秘,略有磨损,1540.00
Tec-9 | 上古图腾 (崭新出厂),Tec-9 | 上古图腾,军规级,崭新出厂,85.00
Tec-9 | 上古图腾 (久经沙场),Tec-9 | 上古图腾,军规级,久经沙场,82.90
Tec-9 | 上古图腾 (破损不堪),Tec-9 | 上古图腾,军规级,破损不堪,
Tec-9 | 上古图腾 (战痕累累),Tec-9 | 上古图腾,军规级,战痕累累,
Tec-9 | 上古图腾 (略有磨损),Tec-9 | 上古图腾,军规级,略有磨损,83.11
SCAR-20 | 执行者 (崭新出厂),SCAR-20 | 执行者,受限,崭新出厂,13.98
SCAR-20 | 执行者 (久经沙场),SCAR-20 | 执行者,受限,久经沙场,3.13
SCAR-20 | 执行者 (破损不堪),SCAR-20 | 执行者,受限,破损不堪,3.39
SCAR-20 | 执行者 (战痕累累),SCAR-20 | 执行者,受限,战痕累累,3.85
SCAR-20 | 执行者 (略有磨损),SCAR-20 | 执行者,受限,略有磨损,4.94
系绳匕首（★） | 蓝钢 (崭新出厂),系绳匕首（★） | 蓝钢,隐秘,崭新出厂,4999.00
系绳匕首（★） | 蓝钢 (久经沙场),系绳匕首（★） | 蓝钢,隐秘,久经沙场,1300.00
系绳匕首（★） | 蓝钢 (破损不堪),系绳匕首（★） | 蓝钢,隐秘,破损不堪,1200.00
系绳匕首（★） | 蓝钢 (战痕累累),系绳匕首（★） | 蓝钢,隐秘,战痕累累,1448.00
系绳匕首（★） | 蓝钢 (略有磨损),系绳匕首（★） | 蓝钢,隐秘,略有磨损,1450.00
AWP | 九头金蛇 (崭新出厂),AWP | 九头金蛇,隐秘,崭新出厂,23660.00
AWP | 九头金蛇 (久经沙场),AWP | 九头金蛇,隐秘,久经沙场,14666.00
AWP | 九头金蛇 (破损不堪),AWP | 九头金蛇,隐秘,破损不堪,11999.00
AWP | 九头金蛇 (战痕累累),AWP | 九头金蛇,隐秘,战痕累累,13000.00
AWP | 九头金蛇 (略有磨损),AWP | 九头金蛇,隐秘,略有磨损,17900.00
FN57（StatTrak™） | 狩猎利器 (崭新出厂),FN57（StatTrak™） | 狩猎利器,保密,崭新出厂,140.00
FN57（StatTrak™） | 狩猎利器 (久经沙场),FN57（StatTrak™） | 狩猎利器,保密,久经沙场,42.25
FN57（StatTrak™） | 狩猎利器 (破损不堪),FN57（StatTrak™） | 狩猎利器,保密,破损不堪,47.19
FN57（StatTrak™） | 狩猎利器 (战痕累累),FN57（StatTrak™） | 狩猎利器,保密,战痕累累,
FN57（StatTrak™） | 狩猎利器 (略有磨损),FN57（StatTrak™） | 狩猎利器,保密,略有磨损,68.93
AWP | 响尾蛇 (久经沙场),AWP | 响尾蛇,受限,久经沙场,3.13
AWP | 响尾蛇 (破损不堪),AWP | 响尾蛇,受限,破损不堪,5.75
AWP | 响尾蛇 (战痕累累),AWP | 响尾蛇,受限,战痕累累,5.33
AWP | 响尾蛇 (略有磨损),AWP | 响尾蛇,受限,略有磨损,5.15
P90 | 日落百合 (崭新出厂),P90 | 日落百合,工业级,崭新出厂,93.00
P90 | 日落百合 (久经沙场),P90 | 日落百合,工业级,久经沙场,89.00
P90 | 日落百合 (破损不堪),P90 | 日落百合,工业级,破损不堪,
P90 | 日落百合 (战痕累累),P90 | 日落百合,工业级,战痕累累,
P90 | 日落百合 (略有磨损),P90 | 日落百合,工业级,略有磨损,88.00
折叠刀（★ StatTrak™） | 都市伪装 (久经沙场),折叠刀（★ StatTrak™） | 都市伪装,隐秘,久经沙场,1358.00
折叠刀（★ StatTrak™） | 都市伪装 (破损不堪),折叠刀（★ StatTrak™） | 都市伪装,隐秘,破损不堪,
折叠刀（★ StatTrak™） | 都市伪装 (战痕累累),折叠刀（★ StatTrak™） | 都市伪装,隐秘,战痕累累,1208.88
折叠刀（★ StatTrak™） | 都市伪装 (略有磨损),折叠刀（★ StatTrak™） | 都市伪装,隐秘,略有磨损,1680.00
鲍伊猎刀（★ StatTrak™） | 黑色层压板 (崭新出厂),鲍伊猎刀（★ StatTrak™） | 黑色层压板,隐秘,崭新出厂,2888.00
鲍伊猎刀（★ StatTrak™） | 黑色层压板 (久经沙场),鲍伊猎刀（★ StatTrak™） | 黑色层压板,隐秘,久经沙场,
鲍伊猎刀（★ StatTrak™） | 黑色层压板 (破损不堪),鲍伊猎刀（★ StatTrak™） | 黑色层压板,隐秘,破损不堪,1350.00
鲍伊猎刀（★ StatTrak™） | 黑色层压板 (战痕累累),鲍伊猎刀（★ StatTrak™） | 黑色层压板,隐秘,战痕累累,
鲍伊猎刀（★ StatTrak™） | 黑色层压板 (略有磨损),鲍伊猎刀（★ StatTrak™） | 黑色层压板,隐秘,略有磨损,1511.00
CZ75（StatTrak™） | 花纹钢板 (崭新出厂),CZ75（StatTrak™） | 花纹钢板,受限,崭新出厂,170.00
CZ75（StatTrak™） | 花纹钢板 (久经沙场),CZ75（StatTrak™） | 花纹钢板,受限,久经沙场,
CZ75（StatTrak™） | 花纹钢板 (略有磨损),CZ75（StatTrak™） | 花纹钢板,受限,略有磨损,81.44
AWP（纪念品） | 九头金蛇 (崭新出厂),AWP（纪念品） | 九头金蛇,隐秘,崭新出厂,37300.00
AWP（纪念品） | 九头金蛇 (久经沙场),AWP（纪念品） | 九头金蛇,隐秘,久经沙场,15555.00
AWP（纪念品） | 九头金蛇 (破损不堪),AWP（纪念品） | 九头金蛇,隐秘,破损不堪,
AWP（纪念品） | 九头金蛇 (战痕累累),AWP（纪念品） | 九头金蛇,隐秘,战痕累累,12888.00
AWP（纪念品） | 九头金蛇 (略有磨损)	,AWP（纪念品） | 九头金蛇,隐秘,略有磨损,19900.00
SG 553 | 黯翼 (崭新出厂),SG 553 | 黯翼,受限,崭新出厂,14.98
SG 553 | 黯翼 (久经沙场),SG 553 | 黯翼,受限,久经沙场,3.20
SG 553 | 黯翼 (破损不堪),SG 553 | 黯翼,受限,破损不堪,2.40
SG 553 | 黯翼 (战痕累累),SG 553 | 黯翼,受限,战痕累累,3.45
SG 553 | 黯翼 (略有磨损),SG 553 | 黯翼,受限,略有磨损,5.26
UMP-45（纪念品） | 辐射警告 (崭新出厂),UMP-45（纪念品） | 辐射警告,工业级,崭新出厂,
UMP-45（纪念品） | 辐射警告 (久经沙场),UMP-45（纪念品） | 辐射警告,工业级,久经沙场,27.00
UMP-45（纪念品） | 辐射警告 (破损不堪),UMP-45（纪念品） | 辐射警告,工业级,破损不堪,
UMP-45（纪念品） | 辐射警告 (战痕累累),UMP-45（纪念品） | 辐射警告,工业级,战痕累累,19.90
UMP-45（纪念品） | 辐射警告 (略有磨损),UMP-45（纪念品） | 辐射警告,工业级,略有磨损,88.88
P90 | 棕色皮革 (崭新出厂),P90 | 棕色皮革,工业级,崭新出厂,120.00
P90 | 棕色皮革 (久经沙场),P90 | 棕色皮革,工业级,久经沙场,
P90 | 棕色皮革 (破损不堪),P90 | 棕色皮革,工业级,破损不堪,59.80
P90 | 棕色皮革 (战痕累累),P90 | 棕色皮革,工业级,战痕累累,50.99
P90 | 棕色皮革 (略有磨损),P90 | 棕色皮革,工业级,略有磨损,87.89
AK-47（StatTrak™） | 火蛇 (崭新出厂),AK-47（StatTrak™） | 火蛇,隐秘,崭新出厂,33999.00
AK-47（StatTrak™） | 火蛇 (久经沙场),AK-47（StatTrak™） | 火蛇,隐秘,久经沙场,15300.00
AK-47（StatTrak™） | 火蛇 (破损不堪),AK-47（StatTrak™） | 火蛇,隐秘,破损不堪,9666.00
AK-47（StatTrak™） | 火蛇 (战痕累累),AK-47（StatTrak™） | 火蛇,隐秘,战痕累累,
AK-47（StatTrak™） | 火蛇 (略有磨损),AK-47（StatTrak™） | 火蛇,隐秘,略有磨损,25000.00
P2000（纪念品） | 坚固链甲 (崭新出厂),P2000（纪念品） | 坚固链甲,军规级,崭新出厂,79.10
P2000（纪念品） | 坚固链甲 (久经沙场),P2000（纪念品） | 坚固链甲,军规级,久经沙场,500.00
P2000（纪念品） | 坚固链甲 (略有磨损),P2000（纪念品） | 坚固链甲,军规级,略有磨损,66.45
折叠刀（★） | 枯焦之色 (崭新出厂),折叠刀（★） | 枯焦之色,隐秘,崭新出厂,
折叠刀（★） | 枯焦之色 (久经沙场),折叠刀（★） | 枯焦之色,隐秘,久经沙场,1159.00
折叠刀（★） | 枯焦之色 (破损不堪),折叠刀（★） | 枯焦之色,隐秘,破损不堪,1189.00
折叠刀（★） | 枯焦之色 (战痕累累),折叠刀（★） | 枯焦之色,隐秘,战痕累累,1159.00
折叠刀（★） | 枯焦之色 (略有磨损),折叠刀（★） | 枯焦之色,隐秘,略有磨损,1550.00
AWP | 美杜莎 (崭新出厂),AWP | 美杜莎,隐秘,崭新出厂,36900.00
AWP | 美杜莎 (久经沙场),AWP | 美杜莎,隐秘,久经沙场,16450.00
AWP | 美杜莎 (破损不堪),AWP | 美杜莎,隐秘,破损不堪,
AWP | 美杜莎 (战痕累累),AWP | 美杜莎,隐秘,战痕累累,
AWP | 美杜莎 (略有磨损),AWP | 美杜莎,隐秘,略有磨损,21999.00
P90（StatTrak™） | 精雕木刻 (崭新出厂),P90（StatTrak™） | 精雕木刻,保密,崭新出厂,298.99
P90（StatTrak™） | 精雕木刻 (久经沙场),P90（StatTrak™） | 精雕木刻,保密,久经沙场,30.00
P90（StatTrak™） | 精雕木刻 (破损不堪),P90（StatTrak™） | 精雕木刻,保密,破损不堪,27.62
P90（StatTrak™） | 精雕木刻 (战痕累累),P90（StatTrak™） | 精雕木刻,保密,战痕累累,27.88
P90（StatTrak™） | 精雕木刻 (略有磨损),P90（StatTrak™） | 精雕木刻,保密,略有磨损,98.90
FN57（StatTrak™） | 夜影 (崭新出厂),FN57（StatTrak™） | 夜影,军规级,崭新出厂,39.30
FN57（StatTrak™） | 夜影 (久经沙场),FN57（StatTrak™） | 夜影,军规级,久经沙场,24.30
FN57（StatTrak™） | 夜影 (破损不堪),FN57（StatTrak™） | 夜影,军规级,破损不堪,
FN57（StatTrak™） | 夜影 (战痕累累),FN57（StatTrak™） | 夜影,军规级,战痕累累,
FN57（StatTrak™） | 夜影 (略有磨损),FN57（StatTrak™） | 夜影,军规级,略有磨损,39.79
AK-47 | 黄金藤蔓 (崭新出厂),AK-47 | 黄金藤蔓,隐秘,崭新出厂,35887.00
AK-47 | 黄金藤蔓 (久经沙场),AK-47 | 黄金藤蔓,隐秘,久经沙场,20200.00
AK-47 | 黄金藤蔓 (破损不堪),AK-47 | 黄金藤蔓,隐秘,破损不堪,17999.00
AK-47 | 黄金藤蔓 (战痕累累),AK-47 | 黄金藤蔓,隐秘,战痕累累,14442.00
AK-47 | 黄金藤蔓 (略有磨损),AK-47 | 黄金藤蔓,隐秘,略有磨损,26870.00
UMP-45 | 合金绽放 (崭新出厂),UMP-45 | 合金绽放,军规级,崭新出厂,34.55
UMP-45 | 合金绽放 (久经沙场),UMP-45 | 合金绽放,军规级,久经沙场,43.00
UMP-45 | 合金绽放 (破损不堪),UMP-45 | 合金绽放,军规级,破损不堪,
UMP-45 | 合金绽放 (战痕累累),UMP-45 | 合金绽放,军规级,战痕累累,42.70
UMP-45 | 合金绽放 (略有磨损),UMP-45 | 合金绽放,军规级,略有磨损,
USP 消音版（StatTrak™） | 脑洞大开 (崭新出厂),USP 消音版（StatTrak™） | 脑洞大开,保密,崭新出厂,206.55
USP 消音版（StatTrak™） | 脑洞大开 (久经沙场),USP 消音版（StatTrak™） | 脑洞大开,保密,久经沙场,32.08
USP 消音版（StatTrak™） | 脑洞大开 (破损不堪),USP 消音版（StatTrak™） | 脑洞大开,保密,破损不堪,30.73
USP 消音版（StatTrak™） | 脑洞大开 (战痕累累),USP 消音版（StatTrak™） | 脑洞大开,保密,战痕累累,28.71
USP 消音版（StatTrak™） | 脑洞大开 (略有磨损),USP 消音版（StatTrak™） | 脑洞大开,保密,略有磨损,69.00
鲍伊猎刀（★ StatTrak™） | 自由之手 (崭新出厂),鲍伊猎刀（★ StatTrak™） | 自由之手,隐秘,崭新出厂,
鲍伊猎刀（★ StatTrak™） | 自由之手 (久经沙场),鲍伊猎刀（★ StatTrak™） | 自由之手,隐秘,久经沙场,
鲍伊猎刀（★ StatTrak™） | 自由之手 (破损不堪),鲍伊猎刀（★ StatTrak™） | 自由之手,隐秘,破损不堪,
鲍伊猎刀（★ StatTrak™） | 自由之手 (战痕累累),鲍伊猎刀（★ StatTrak™） | 自由之手,隐秘,战痕累累,
鲍伊猎刀（★ StatTrak™） | 自由之手 (略有磨损),鲍伊猎刀（★ StatTrak™） | 自由之手,隐秘,略有磨损,1430.00
G3SG1 | 净化者 (崭新出厂),G3SG1 | 净化者,受限,崭新出厂,9.12
G3SG1 | 净化者 (久经沙场),G3SG1 | 净化者,受限,久经沙场,3.41
G3SG1 | 净化者 (破损不堪),G3SG1 | 净化者,受限,破损不堪,7.91
G3SG1 | 净化者 (战痕累累),G3SG1 | 净化者,受限,战痕累累,3.50
G3SG1 | 净化者 (略有磨损),G3SG1 | 净化者,受限,略有磨损,5.34
AWP | 王子 (崭新出厂),AWP | 王子,隐秘,崭新出厂,35708.26
AWP | 王子 (久经沙场),AWP | 王子,隐秘,久经沙场,22799.90
AWP | 王子 (破损不堪),AWP | 王子,隐秘,破损不堪,28888.00
AWP | 王子 (战痕累累),AWP | 王子,隐秘,战痕累累,20499.00
AWP | 王子 (略有磨损),AWP | 王子,隐秘,略有磨损,29707.69
MP9 | 星使 (崭新出厂),MP9 | 星使,隐秘,崭新出厂,201.02
MP9 | 星使 (久经沙场),MP9 | 星使,隐秘,久经沙场,33.70
MP9 | 星使 (破损不堪),MP9 | 星使,隐秘,破损不堪,34.40
MP9 | 星使 (战痕累累),MP9 | 星使,隐秘,战痕累累,19.83
MP9 | 星使 (略有磨损),MP9 | 星使,隐秘,略有磨损,87.00
短剑（★） | 北方森林 (崭新出厂),短剑（★） | 北方森林,隐秘,崭新出厂,
短剑（★） | 北方森林 (久经沙场),短剑（★） | 北方森林,隐秘,久经沙场,1383.97
短剑（★） | 北方森林 (破损不堪),短剑（★） | 北方森林,隐秘,破损不堪,1380.00
短剑（★） | 北方森林 (战痕累累),短剑（★） | 北方森林,隐秘,战痕累累,1322.00
短剑（★） | 北方森林 (略有磨损),短剑（★） | 北方森林,隐秘,略有磨损,1541.91
USP 消音版 | 宝蓝之色 (崭新出厂),USP 消音版 | 宝蓝之色,工业级,崭新出厂,458.00
USP 消音版 | 宝蓝之色 (久经沙场),USP 消音版 | 宝蓝之色,工业级,久经沙场,
USP 消音版 | 宝蓝之色 (破损不堪),USP 消音版 | 宝蓝之色,工业级,破损不堪,117.50
USP 消音版 | 宝蓝之色 (战痕累累),USP 消音版 | 宝蓝之色,工业级,战痕累累,59.99
USP 消音版 | 宝蓝之色 (略有磨损),USP 消音版 | 宝蓝之色,工业级,略有磨损,
M4A4 | 咆哮 (崭新出厂),M4A4 | 咆哮,违禁,崭新出厂,47795.01
M4A4 | 咆哮 (久经沙场),M4A4 | 咆哮,违禁,久经沙场,27544.41
M4A4 | 咆哮 (破损不堪),M4A4 | 咆哮,违禁,破损不堪,
M4A4 | 咆哮 (略有磨损),M4A4 | 咆哮,违禁,略有磨损,33997.00
G3SG1 | 特训地图 (崭新出厂),G3SG1 | 特训地图,军规级,崭新出厂,5.59
G3SG1 | 特训地图 (久经沙场),G3SG1 | 特训地图,军规级,久经沙场,1.99
G3SG1 | 特训地图 (破损不堪),G3SG1 | 特训地图,军规级,破损不堪,
G3SG1 | 特训地图 (战痕累累),G3SG1 | 特训地图,军规级,战痕累累,1.62
G3SG1 | 特训地图 (略有磨损),G3SG1 | 特训地图,军规级,略有磨损,5.49
暗影双匕（★） | 虎牙 (崭新出厂),暗影双匕（★） | 虎牙,隐秘,崭新出厂,1558.69
暗影双匕（★） | 虎牙 (略有磨损),暗影双匕（★） | 虎牙,隐秘,略有磨损,1700.00
格洛克 18 型 | 核子花园 (崭新出厂),格洛克 18 型 | 核子花园,受限,崭新出厂,152.38
格洛克 18 型 | 核子花园 (久经沙场),格洛克 18 型 | 核子花园,受限,久经沙场,32.50
格洛克 18 型 | 核子花园 (破损不堪),格洛克 18 型 | 核子花园,受限,破损不堪,40.00
格洛克 18 型 | 核子花园 (战痕累累),格洛克 18 型 | 核子花园,受限,战痕累累,25.00
格洛克 18 型 | 核子花园 (略有磨损),格洛克 18 型 | 核子花园,受限,略有磨损,62.63
MAC-10（纪念品） | 表面淬火 (崭新出厂),MAC-10（纪念品） | 表面淬火,受限,崭新出厂,399.00
MAC-10（纪念品） | 表面淬火 (久经沙场),MAC-10（纪念品） | 表面淬火,受限,久经沙场,59.30
MAC-10（纪念品） | 表面淬火 (破损不堪),MAC-10（纪念品） | 表面淬火,受限,破损不堪,52.37
MAC-10（纪念品） | 表面淬火 (战痕累累),MAC-10（纪念品） | 表面淬火,受限,战痕累累,48.41
MAC-10（纪念品） | 表面淬火 (略有磨损),MAC-10（纪念品） | 表面淬火,受限,略有磨损,109.99
AK-47（纪念品） | 黄金藤蔓 (崭新出厂),AK-47（纪念品） | 黄金藤蔓,隐秘,崭新出厂,120000.00
AK-47（纪念品） | 黄金藤蔓 (久经沙场),AK-47（纪念品） | 黄金藤蔓,隐秘,久经沙场,23996.00
AK-47（纪念品） | 黄金藤蔓 (破损不堪),AK-47（纪念品） | 黄金藤蔓,隐秘,破损不堪,23500.00
AK-47（纪念品） | 黄金藤蔓 (战痕累累),AK-47（纪念品） | 黄金藤蔓,隐秘,战痕累累,15000.00
AK-47（纪念品） | 黄金藤蔓 (略有磨损),AK-47（纪念品） | 黄金藤蔓,隐秘,略有磨损,39988.00
熊刀（★ StatTrak™） | 蓝钢 (崭新出厂),熊刀（★ StatTrak™） | 蓝钢,隐秘,崭新出厂,
熊刀（★ StatTrak™） | 蓝钢 (久经沙场),熊刀（★ StatTrak™） | 蓝钢,隐秘,久经沙场,1450.00
熊刀（★ StatTrak™） | 蓝钢 (破损不堪),熊刀（★ StatTrak™） | 蓝钢,隐秘,破损不堪,
熊刀（★ StatTrak™） | 蓝钢 (战痕累累),熊刀（★ StatTrak™） | 蓝钢,隐秘,战痕累累,1495.00
熊刀（★ StatTrak™） | 蓝钢 (略有磨损),熊刀（★ StatTrak™） | 蓝钢,隐秘,略有磨损,1597.40
MAC-10（StatTrak™） | 渐变迪斯科 (崭新出厂),MAC-10（StatTrak™） | 渐变迪斯科,保密,崭新出厂,284.49
MAC-10（StatTrak™） | 渐变迪斯科 (久经沙场),MAC-10（StatTrak™） | 渐变迪斯科,保密,久经沙场,38.00
MAC-10（StatTrak™） | 渐变迪斯科 (破损不堪),MAC-10（StatTrak™） | 渐变迪斯科,保密,破损不堪,31.58
MAC-10（StatTrak™） | 渐变迪斯科 (战痕累累),MAC-10（StatTrak™） | 渐变迪斯科,保密,战痕累累,23.66
MAC-10（StatTrak™） | 渐变迪斯科 (略有磨损),MAC-10（StatTrak™） | 渐变迪斯科,保密,略有磨损,93.95
格洛克 18 型（纪念品） | 粉红 DDPAT (崭新出厂),格洛克 18 型（纪念品） | 粉红 DDPAT,受限,崭新出厂,557.99
格洛克 18 型（纪念品） | 粉红 DDPAT (久经沙场),格洛克 18 型（纪念品） | 粉红 DDPAT,受限,久经沙场,18.53
格洛克 18 型（纪念品） | 粉红 DDPAT (破损不堪),格洛克 18 型（纪念品） | 粉红 DDPAT,受限,破损不堪,22.34
格洛克 18 型（纪念品） | 粉红 DDPAT (战痕累累),格洛克 18 型（纪念品） | 粉红 DDPAT,受限,战痕累累,16.06
格洛克 18 型（纪念品） | 粉红 DDPAT (略有磨损),格洛克 18 型（纪念品） | 粉红 DDPAT,受限,略有磨损,66.66
M4A4（StatTrak™） | 咆哮 (崭新出厂),M4A4（StatTrak™） | 咆哮,违禁,崭新出厂,100796.10
M4A4（StatTrak™） | 咆哮 (久经沙场),M4A4（StatTrak™） | 咆哮,违禁,久经沙场,58888.00
M4A4（StatTrak™） | 咆哮 (破损不堪),M4A4（StatTrak™） | 咆哮,违禁,破损不堪,
M4A4（StatTrak™） | 咆哮 (略有磨损),M4A4（StatTrak™） | 咆哮,违禁,略有磨损,63000.00
SSG 08（纪念品） | 碧蓝雕文 (崭新出厂),SSG 08（纪念品） | 碧蓝雕文,工业级,崭新出厂,70.00
SSG 08（纪念品） | 碧蓝雕文 (久经沙场),SSG 08（纪念品） | 碧蓝雕文,工业级,久经沙场,1.67
SSG 08（纪念品） | 碧蓝雕文 (破损不堪),SSG 08（纪念品） | 碧蓝雕文,工业级,破损不堪,3.07
SSG 08（纪念品） | 碧蓝雕文 (战痕累累),SSG 08（纪念品） | 碧蓝雕文,工业级,战痕累累,1.70
SSG 08（纪念品） | 碧蓝雕文 (略有磨损),SSG 08（纪念品） | 碧蓝雕文,工业级,略有磨损,5.78
暗影双匕（★） | 传说 (崭新出厂),暗影双匕（★） | 传说,隐秘,崭新出厂,3028.97
暗影双匕（★） | 传说 (久经沙场),暗影双匕（★） | 传说,隐秘,久经沙场,1277.72
暗影双匕（★） | 传说 (破损不堪),暗影双匕（★） | 传说,隐秘,破损不堪,1227.77
暗影双匕（★） | 传说 (战痕累累),暗影双匕（★） | 传说,隐秘,战痕累累,1190.00
暗影双匕（★） | 传说 (略有磨损),暗影双匕（★） | 传说,隐秘,略有磨损,1499.00
AK-47 | 野荷 (崭新出厂),AK-47 | 野荷,隐秘,崭新出厂,86411.50
AK-47 | 野荷 (久经沙场),AK-47 | 野荷,隐秘,久经沙场,49132.00
AK-47 | 野荷 (破损不堪),AK-47 | 野荷,隐秘,破损不堪,34052.91
AK-47 | 野荷 (战痕累累),AK-47 | 野荷,隐秘,战痕累累,18888.00
AK-47 | 野荷 (略有磨损),AK-47 | 野荷,隐秘,略有磨损,64940.00
P250 | 红岩 (崭新出厂),P250 | 红岩,受限,崭新出厂,88.01
P250 | 红岩 (久经沙场),P250 | 红岩,受限,久经沙场,57.32
P250 | 红岩 (破损不堪),P250 | 红岩,受限,破损不堪,59.98
P250 | 红岩 (战痕累累),P250 | 红岩,受限,战痕累累,40.00
P250 | 红岩 (略有磨损),P250 | 红岩,受限,略有磨损,69.00
MP9（StatTrak™） | 铁血玫瑰 (崭新出厂),MP9（StatTrak™） | 铁血玫瑰,受限,崭新出厂,113.55
MP9（StatTrak™） | 铁血玫瑰 (久经沙场),MP9（StatTrak™） | 铁血玫瑰,受限,久经沙场,80.00
MP9（StatTrak™） | 铁血玫瑰 (略有磨损),MP9（StatTrak™） | 铁血玫瑰,受限,略有磨损,85.00
加利尔 AR（StatTrak™） | 破坏者 (崭新出厂),加利尔 AR（StatTrak™） | 破坏者,军规级,崭新出厂,26.86
加利尔 AR（StatTrak™） | 破坏者 (久经沙场),加利尔 AR（StatTrak™） | 破坏者,军规级,久经沙场,2.84
加利尔 AR（StatTrak™） | 破坏者 (破损不堪),加利尔 AR（StatTrak™） | 破坏者,军规级,破损不堪,2.17
加利尔 AR（StatTrak™） | 破坏者 (战痕累累),加利尔 AR（StatTrak™） | 破坏者,军规级,战痕累累,2.37
加利尔 AR（StatTrak™） | 破坏者 (略有磨损),加利尔 AR（StatTrak™） | 破坏者,军规级,略有磨损,5.72
折叠刀（★ StatTrak™） | 狩猎网格 (崭新出厂),折叠刀（★ StatTrak™） | 狩猎网格,隐秘,崭新出厂,
折叠刀（★ StatTrak™） | 狩猎网格 (久经沙场),折叠刀（★ StatTrak™） | 狩猎网格,隐秘,久经沙场,2100.88
折叠刀（★ StatTrak™） | 狩猎网格 (破损不堪),折叠刀（★ StatTrak™） | 狩猎网格,隐秘,破损不堪,
折叠刀（★ StatTrak™） | 狩猎网格 (战痕累累),折叠刀（★ StatTrak™） | 狩猎网格,隐秘,战痕累累,
折叠刀（★ StatTrak™） | 狩猎网格 (略有磨损),折叠刀（★ StatTrak™） | 狩猎网格,隐秘,略有磨损,1600.00
USP 消音版（纪念品） | 远古幻想 (崭新出厂),USP 消音版（纪念品） | 远古幻想,受限,崭新出厂,103.29
USP 消音版（纪念品） | 远古幻想 (久经沙场),USP 消音版（纪念品） | 远古幻想,受限,久经沙场,47.68
USP 消音版（纪念品） | 远古幻想 (破损不堪),USP 消音版（纪念品） | 远古幻想,受限,破损不堪,
USP 消音版（纪念品） | 远古幻想 (略有磨损),USP 消音版（纪念品） | 远古幻想,受限,略有磨损,66.66
AWP | 巨龙传说 (崭新出厂),AWP | 巨龙传说,隐秘,崭新出厂,89535.00
AWP | 巨龙传说 (久经沙场),AWP | 巨龙传说,隐秘,久经沙场,43548.00
AWP | 巨龙传说 (破损不堪),AWP | 巨龙传说,隐秘,破损不堪,
AWP | 巨龙传说 (战痕累累),AWP | 巨龙传说,隐秘,战痕累累,
AWP | 巨龙传说 (略有磨损),AWP | 巨龙传说,隐秘,略有磨损,66654.70
MP9（纪念品） | 落日 (崭新出厂),MP9（纪念品） | 落日,军规级,崭新出厂,1552.99
MP9（纪念品） | 落日 (久经沙场),MP9（纪念品） | 落日,军规级,久经沙场,40.00
MP9（纪念品） | 落日 (破损不堪),MP9（纪念品） | 落日,军规级,破损不堪,30.00
MP9（纪念品） | 落日 (战痕累累),MP9（纪念品） | 落日,军规级,战痕累累,26.75
MP9（纪念品） | 落日 (略有磨损),MP9（纪念品） | 落日,军规级,略有磨损,99.00
法玛斯（StatTrak™） | 保护色 (崭新出厂),法玛斯（StatTrak™） | 保护色,军规级,崭新出厂,10.77
法玛斯（StatTrak™） | 保护色 (久经沙场),法玛斯（StatTrak™） | 保护色,军规级,久经沙场,1.80
法玛斯（StatTrak™） | 保护色 (破损不堪),法玛斯（StatTrak™） | 保护色,军规级,破损不堪,3.13
法玛斯（StatTrak™） | 保护色 (战痕累累),法玛斯（StatTrak™） | 保护色,军规级,战痕累累,2.32
法玛斯（StatTrak™） | 保护色 (略有磨损),法玛斯（StatTrak™） | 保护色,军规级,略有磨损,6.72
熊刀（★ StatTrak™） | 人工染色 (崭新出厂),熊刀（★ StatTrak™） | 人工染色,隐秘,崭新出厂,
熊刀（★ StatTrak™） | 人工染色 (久经沙场),熊刀（★ StatTrak™） | 人工染色,隐秘,久经沙场,
熊刀（★ StatTrak™） | 人工染色 (破损不堪),熊刀（★ StatTrak™） | 人工染色,隐秘,破损不堪,
熊刀（★ StatTrak™） | 人工染色 (战痕累累),熊刀（★ StatTrak™） | 人工染色,隐秘,战痕累累,1111.00
熊刀（★ StatTrak™） | 人工染色 (略有磨损),熊刀（★ StatTrak™） | 人工染色,隐秘,略有磨损,1600.00
CZ75 | 相柳 (崭新出厂),CZ75 | 相柳,保密,崭新出厂,85.87
CZ75 | 相柳 (久经沙场),CZ75 | 相柳,保密,久经沙场,50.80
CZ75 | 相柳 (破损不堪),CZ75 | 相柳,保密,破损不堪,
CZ75 | 相柳 (战痕累累),CZ75 | 相柳,保密,战痕累累,47.70
CZ75 | 相柳 (略有磨损),CZ75 | 相柳,保密,略有磨损,68.41
MAC-10 | 通勤者皮革 (崭新出厂),MAC-10 | 通勤者皮革,工业级,崭新出厂,1650.00
MAC-10 | 通勤者皮革 (久经沙场),MAC-10 | 通勤者皮革,工业级,久经沙场,48.00
MAC-10 | 通勤者皮革 (破损不堪),MAC-10 | 通勤者皮革,工业级,破损不堪,
MAC-10 | 通勤者皮革 (战痕累累),MAC-10 | 通勤者皮革,工业级,战痕累累,
MAC-10 | 通勤者皮革 (略有磨损),MAC-10 | 通勤者皮革,工业级,略有磨损,99.98
弯刀（★ StatTrak™） | 蓝钢 (崭新出厂),弯刀（★ StatTrak™） | 蓝钢,隐秘,崭新出厂,
弯刀（★ StatTrak™） | 蓝钢 (久经沙场),弯刀（★ StatTrak™） | 蓝钢,隐秘,久经沙场,
弯刀（★ StatTrak™） | 蓝钢 (破损不堪),弯刀（★ StatTrak™） | 蓝钢,隐秘,破损不堪,
弯刀（★ StatTrak™） | 蓝钢 (战痕累累),弯刀（★ StatTrak™） | 蓝钢,隐秘,战痕累累,
弯刀（★ StatTrak™） | 蓝钢 (略有磨损),弯刀（★ StatTrak™） | 蓝钢,隐秘,略有磨损,
SG 553（StatTrak™） | 赛博之力 (崭新出厂),SG 553（StatTrak™） | 赛博之力,军规级,崭新出厂,18.30
SG 553（StatTrak™） | 赛博之力 (久经沙场),SG 553（StatTrak™） | 赛博之力,军规级,久经沙场,2.23
SG 553（StatTrak™） | 赛博之力 (破损不堪),SG 553（StatTrak™） | 赛博之力,军规级,破损不堪,2.04
SG 553（StatTrak™） | 赛博之力 (战痕累累),SG 553（StatTrak™） | 赛博之力,军规级,战痕累累,1.70
SG 553（StatTrak™） | 赛博之力 (略有磨损),SG 553（StatTrak™） | 赛博之力,军规级,略有磨损,5.69
双持贝瑞塔 | 黑榄仁木 (崭新出厂),双持贝瑞塔 | 黑榄仁木,军规级,崭新出厂,
双持贝瑞塔 | 黑榄仁木 (久经沙场),双持贝瑞塔 | 黑榄仁木,军规级,久经沙场,43.50
双持贝瑞塔 | 黑榄仁木 (破损不堪),双持贝瑞塔 | 黑榄仁木,军规级,破损不堪,300.00
双持贝瑞塔 | 黑榄仁木 (战痕累累),双持贝瑞塔 | 黑榄仁木,军规级,战痕累累,
双持贝瑞塔 | 黑榄仁木 (略有磨损),双持贝瑞塔 | 黑榄仁木,军规级,略有磨损,70.19
AWP | 永恒之枪 (崭新出厂),AWP | 永恒之枪,隐秘,崭新出厂,89998.90
AWP | 永恒之枪 (久经沙场),AWP | 永恒之枪,隐秘,久经沙场,61237.69
AWP | 永恒之枪 (破损不堪),AWP | 永恒之枪,隐秘,破损不堪,
AWP | 永恒之枪 (战痕累累),AWP | 永恒之枪,隐秘,战痕累累,
AWP | 永恒之枪 (略有磨损),AWP | 永恒之枪,隐秘,略有磨损,78219.70
UMP-45（StatTrak™） | 合金绽放 (崭新出厂),UMP-45（StatTrak™） | 合金绽放,军规级,崭新出厂,67.22
UMP-45（StatTrak™） | 合金绽放 (久经沙场),UMP-45（StatTrak™） | 合金绽放,军规级,久经沙场,139.22
UMP-45（StatTrak™） | 合金绽放 (破损不堪),UMP-45（StatTrak™） | 合金绽放,军规级,破损不堪,
UMP-45（StatTrak™） | 合金绽放 (战痕累累),UMP-45（StatTrak™） | 合金绽放,军规级,战痕累累,30.69
UMP-45（StatTrak™） | 合金绽放 (略有磨损),UMP-45（StatTrak™） | 合金绽放,军规级,略有磨损,100.00
SCAR-20（StatTrak™） | 丛林爆发 (崭新出厂),SCAR-20（StatTrak™） | 丛林爆发,军规级,崭新出厂,7.61
SCAR-20（StatTrak™） | 丛林爆发 (久经沙场),SCAR-20（StatTrak™） | 丛林爆发,军规级,久经沙场,1.77
SCAR-20（StatTrak™） | 丛林爆发 (破损不堪),SCAR-20（StatTrak™） | 丛林爆发,军规级,破损不堪,2.22
SCAR-20（StatTrak™） | 丛林爆发 (战痕累累),SCAR-20（StatTrak™） | 丛林爆发,军规级,战痕累累,17.00
SCAR-20（StatTrak™） | 丛林爆发 (略有磨损),SCAR-20（StatTrak™） | 丛林爆发,军规级,略有磨损,5.75
九头蛇手套（★） | 红树林 (崭新出厂),九头蛇手套（★） | 红树林,非凡,崭新出厂,2096.90
九头蛇手套（★） | 红树林 (久经沙场),九头蛇手套（★） | 红树林,非凡,久经沙场,386.06
九头蛇手套（★） | 红树林 (破损不堪),九头蛇手套（★） | 红树林,非凡,破损不堪,433.51
九头蛇手套（★） | 红树林 (战痕累累),九头蛇手套（★） | 红树林,非凡,战痕累累,395.00
九头蛇手套（★） | 红树林 (略有磨损),九头蛇手套（★） | 红树林,非凡,略有磨损,494.40
P90 | 二西莫夫 (崭新出厂),P90 | 二西莫夫,隐秘,崭新出厂,241.05
P90 | 二西莫夫 (久经沙场),P90 | 二西莫夫,隐秘,久经沙场,52.29
P90 | 二西莫夫 (破损不堪),P90 | 二西莫夫,隐秘,破损不堪,50.88
P90 | 二西莫夫 (战痕累累),P90 | 二西莫夫,隐秘,战痕累累,39.10
P90 | 二西莫夫 (略有磨损),P90 | 二西莫夫,隐秘,略有磨损,98.90
短剑（★） | 森林 DDPAT (崭新出厂),短剑（★） | 森林 DDPAT,隐秘,崭新出厂,
短剑（★） | 森林 DDPAT (久经沙场),短剑（★） | 森林 DDPAT,隐秘,久经沙场,1385.88
短剑（★） | 森林 DDPAT (破损不堪),短剑（★） | 森林 DDPAT,隐秘,破损不堪,1350.00
短剑（★） | 森林 DDPAT (战痕累累),短剑（★） | 森林 DDPAT,隐秘,战痕累累,1360.00
短剑（★） | 森林 DDPAT (略有磨损),短剑（★） | 森林 DDPAT,隐秘,略有磨损,1647.35
P2000 | 渐变琥珀 (崭新出厂),P2000 | 渐变琥珀,受限,崭新出厂,94.93
P2000 | 渐变琥珀 (久经沙场),P2000 | 渐变琥珀,受限,久经沙场,47.32
P2000 | 渐变琥珀 (破损不堪),P2000 | 渐变琥珀,受限,破损不堪,50.00
P2000 | 渐变琥珀 (略有磨损),P2000 | 渐变琥珀,受限,略有磨损,73.16
M4A1 消音型 | 夜无眠 (崭新出厂),M4A1 消音型 | 夜无眠,受限,崭新出厂,11.42
M4A1 消音型 | 夜无眠 (久经沙场),M4A1 消音型 | 夜无眠,受限,久经沙场,4.43
M4A1 消音型 | 夜无眠 (破损不堪),M4A1 消音型 | 夜无眠,受限,破损不堪,8.85
M4A1 消音型 | 夜无眠 (战痕累累),M4A1 消音型 | 夜无眠,受限,战痕累累,13.90
M4A1 消音型 | 夜无眠 (略有磨损),M4A1 消音型 | 夜无眠,受限,略有磨损,5.99
海豹短刀（★） | 人工染色 (崭新出厂),海豹短刀（★） | 人工染色,隐秘,崭新出厂,3200.00
海豹短刀（★） | 人工染色 (久经沙场),海豹短刀（★） | 人工染色,隐秘,久经沙场,1340.00
海豹短刀（★） | 人工染色 (破损不堪),海豹短刀（★） | 人工染色,隐秘,破损不堪,1170.00
海豹短刀（★） | 人工染色 (战痕累累),海豹短刀（★） | 人工染色,隐秘,战痕累累,1170.00
海豹短刀（★） | 人工染色 (略有磨损),海豹短刀（★） | 人工染色,隐秘,略有磨损,1650.00
P90（StatTrak™） | 往日行动 (崭新出厂),P90（StatTrak™） | 往日行动,保密,崭新出厂,199.99
P90（StatTrak™） | 往日行动 (久经沙场),P90（StatTrak™） | 往日行动,保密,久经沙场,77.33
P90（StatTrak™） | 往日行动 (破损不堪),P90（StatTrak™） | 往日行动,保密,破损不堪,53.90
P90（StatTrak™） | 往日行动 (战痕累累),P90（StatTrak™） | 往日行动,保密,战痕累累,
P90（StatTrak™） | 往日行动 (略有磨损),P90（StatTrak™） | 往日行动,保密,略有磨损,106.50
九头蛇手套（★） | 响尾蛇 (崭新出厂),九头蛇手套（★） | 响尾蛇,非凡,崭新出厂,
九头蛇手套（★） | 响尾蛇 (久经沙场),九头蛇手套（★） | 响尾蛇,非凡,久经沙场,391.30
九头蛇手套（★） | 响尾蛇 (破损不堪),九头蛇手套（★） | 响尾蛇,非凡,破损不堪,450.00
九头蛇手套（★） | 响尾蛇 (战痕累累),九头蛇手套（★） | 响尾蛇,非凡,战痕累累,398.00
九头蛇手套（★） | 响尾蛇 (略有磨损),九头蛇手套（★） | 响尾蛇,非凡,略有磨损,525.08
USP 消音版 | 蓝图 (崭新出厂),USP 消音版 | 蓝图,军规级,崭新出厂,278.94
USP 消音版 | 蓝图 (久经沙场),USP 消音版 | 蓝图,军规级,久经沙场,35.36
USP 消音版 | 蓝图 (破损不堪),USP 消音版 | 蓝图,军规级,破损不堪,60.00
USP 消音版 | 蓝图 (战痕累累),USP 消音版 | 蓝图,军规级,战痕累累,33.12
USP 消音版 | 蓝图 (略有磨损),USP 消音版 | 蓝图,军规级,略有磨损,76.20
MAC-10（StatTrak™） | 诅咒 (崭新出厂),MAC-10（StatTrak™） | 诅咒,受限,崭新出厂,136.00
MAC-10（StatTrak™） | 诅咒 (久经沙场),MAC-10（StatTrak™） | 诅咒,受限,久经沙场,98.00
MAC-10（StatTrak™） | 诅咒 (破损不堪),MAC-10（StatTrak™） | 诅咒,受限,破损不堪,
MAC-10（StatTrak™） | 诅咒 (战痕累累),MAC-10（StatTrak™） | 诅咒,受限,战痕累累,
MAC-10（StatTrak™） | 诅咒 (略有磨损),MAC-10（StatTrak™） | 诅咒,受限,略有磨损,
流浪者匕首（★） | 北方森林 (崭新出厂),流浪者匕首（★） | 北方森林,隐秘,崭新出厂,
流浪者匕首（★） | 北方森林 (久经沙场),流浪者匕首（★） | 北方森林,隐秘,久经沙场,1302.88
流浪者匕首（★） | 北方森林 (破损不堪),流浪者匕首（★） | 北方森林,隐秘,破损不堪,1300.00
流浪者匕首（★） | 北方森林 (战痕累累),流浪者匕首（★） | 北方森林,隐秘,战痕累累,1150.00
流浪者匕首（★） | 北方森林 (略有磨损),流浪者匕首（★） | 北方森林,隐秘,略有磨损,1658.00
加利尔 AR | 凤凰商号 (崭新出厂),加利尔 AR | 凤凰商号,受限,崭新出厂,11.00
加利尔 AR | 凤凰商号 (久经沙场),加利尔 AR | 凤凰商号,受限,久经沙场,3.14
加利尔 AR | 凤凰商号 (破损不堪),加利尔 AR | 凤凰商号,受限,破损不堪,3.06
加利尔 AR | 凤凰商号 (战痕累累),加利尔 AR | 凤凰商号,受限,战痕累累,2.34
加利尔 AR | 凤凰商号 (略有磨损),加利尔 AR | 凤凰商号,受限,略有磨损,6.08
驾驶手套（★） | 墨绿色调 (崭新出厂),驾驶手套（★） | 墨绿色调,非凡,崭新出厂,2999.00
驾驶手套（★） | 墨绿色调 (久经沙场),驾驶手套（★） | 墨绿色调,非凡,久经沙场,362.29
驾驶手套（★） | 墨绿色调 (破损不堪),驾驶手套（★） | 墨绿色调,非凡,破损不堪,400.00
驾驶手套（★） | 墨绿色调 (战痕累累),驾驶手套（★） | 墨绿色调,非凡,战痕累累,390.00
驾驶手套（★） | 墨绿色调 (略有磨损),驾驶手套（★） | 墨绿色调,非凡,略有磨损,602.63
P2000 | 林间猎者 (崭新出厂),P2000 | 林间猎者,受限,崭新出厂,98.00
P2000 | 林间猎者 (久经沙场),P2000 | 林间猎者,受限,久经沙场,55.00
P2000 | 林间猎者 (破损不堪),P2000 | 林间猎者,受限,破损不堪,
P2000 | 林间猎者 (战痕累累),P2000 | 林间猎者,受限,战痕累累,46.00
P2000 | 林间猎者 (略有磨损),P2000 | 林间猎者,受限,略有磨损,68.27
SCAR-20（纪念品） | 暴风呼啸 (崭新出厂),SCAR-20（纪念品） | 暴风呼啸,消费级,崭新出厂,
SCAR-20（纪念品） | 暴风呼啸 (久经沙场),SCAR-20（纪念品） | 暴风呼啸,消费级,久经沙场,2.80
SCAR-20（纪念品） | 暴风呼啸 (破损不堪),SCAR-20（纪念品） | 暴风呼啸,消费级,破损不堪,5.00
SCAR-20（纪念品） | 暴风呼啸 (战痕累累),SCAR-20（纪念品） | 暴风呼啸,消费级,战痕累累,4.55
SCAR-20（纪念品） | 暴风呼啸 (略有磨损),SCAR-20（纪念品） | 暴风呼啸,消费级,略有磨损,6.07
MP9（StatTrak™） | 九头蛇 (崭新出厂),MP9（StatTrak™） | 九头蛇,保密,崭新出厂,290.00
MP9（StatTrak™） | 九头蛇 (久经沙场),MP9（StatTrak™） | 九头蛇,保密,久经沙场,60.88
MP9（StatTrak™） | 九头蛇 (破损不堪),MP9（StatTrak™） | 九头蛇,保密,破损不堪,
MP9（StatTrak™） | 九头蛇 (战痕累累),MP9（StatTrak™） | 九头蛇,保密,战痕累累,99.90
MP9（StatTrak™） | 九头蛇 (略有磨损),MP9（StatTrak™） | 九头蛇,保密,略有磨损,120.00
USP 消音版 | 紫色 DDPAT (崭新出厂),USP 消音版 | 紫色 DDPAT,军规级,崭新出厂,79.99
USP 消音版 | 紫色 DDPAT (久经沙场),USP 消音版 | 紫色 DDPAT,军规级,久经沙场,76.17
USP 消音版 | 紫色 DDPAT (破损不堪),USP 消音版 | 紫色 DDPAT,军规级,破损不堪,128.00
USP 消音版 | 紫色 DDPAT (战痕累累),USP 消音版 | 紫色 DDPAT,军规级,战痕累累,
USP 消音版 | 紫色 DDPAT (略有磨损),USP 消音版 | 紫色 DDPAT,军规级,略有磨损,73.00
穿肠刀（★） | 自动化 (崭新出厂),穿肠刀（★） | 自动化,隐秘,崭新出厂,3796.00
穿肠刀（★） | 自动化 (久经沙场),穿肠刀（★） | 自动化,隐秘,久经沙场,1385.00
穿肠刀（★） | 自动化 (破损不堪),穿肠刀（★） | 自动化,隐秘,破损不堪,
穿肠刀（★） | 自动化 (战痕累累),穿肠刀（★） | 自动化,隐秘,战痕累累,
穿肠刀（★） | 自动化 (略有磨损),穿肠刀（★） | 自动化,隐秘,略有磨损,1713.88
MAC-10（纪念品） | 核子花园 (崭新出厂),MAC-10（纪念品） | 核子花园,军规级,崭新出厂,335.00
MAC-10（纪念品） | 核子花园 (久经沙场),MAC-10（纪念品） | 核子花园,军规级,久经沙场,54.00
MAC-10（纪念品） | 核子花园 (破损不堪),MAC-10（纪念品） | 核子花园,军规级,破损不堪,180.00
MAC-10（纪念品） | 核子花园 (战痕累累),MAC-10（纪念品） | 核子花园,军规级,战痕累累,48.88
MAC-10（纪念品） | 核子花园 (略有磨损),MAC-10（纪念品） | 核子花园,军规级,略有磨损,124.00
FN57 | 耍猴把戏 (久经沙场),FN57 | 耍猴把戏,保密,久经沙场,16.02
FN57 | 耍猴把戏 (破损不堪),FN57 | 耍猴把戏,保密,破损不堪,13.26
FN57 | 耍猴把戏 (战痕累累),FN57 | 耍猴把戏,保密,战痕累累,13.54
FN57 | 耍猴把戏 (略有磨损),FN57 | 耍猴把戏,保密,略有磨损,74.70
裹手（★） | 沙漠头巾 (崭新出厂),裹手（★） | 沙漠头巾,非凡,崭新出厂,2599.00
裹手（★） | 沙漠头巾 (久经沙场),裹手（★） | 沙漠头巾,非凡,久经沙场,489.54
裹手（★） | 沙漠头巾 (破损不堪),裹手（★） | 沙漠头巾,非凡,破损不堪,500.00
裹手（★） | 沙漠头巾 (战痕累累),裹手（★） | 沙漠头巾,非凡,战痕累累,475.00
裹手（★） | 沙漠头巾 (略有磨损),裹手（★） | 沙漠头巾,非凡,略有磨损,695.00
短剑（★ StatTrak™） | 森林 DDPAT (崭新出厂),短剑（★ StatTrak™） | 森林 DDPAT,隐秘,崭新出厂,
短剑（★ StatTrak™） | 森林 DDPAT (久经沙场),短剑（★ StatTrak™） | 森林 DDPAT,隐秘,久经沙场,1600.00
短剑（★ StatTrak™） | 森林 DDPAT (破损不堪),短剑（★ StatTrak™） | 森林 DDPAT,隐秘,破损不堪,
短剑（★ StatTrak™） | 森林 DDPAT (战痕累累),短剑（★ StatTrak™） | 森林 DDPAT,隐秘,战痕累累,1320.00
短剑（★ StatTrak™） | 森林 DDPAT (略有磨损),短剑（★ StatTrak™） | 森林 DDPAT,隐秘,略有磨损,1888.00
UMP-45 | 野孩子 (崭新出厂),UMP-45 | 野孩子,保密,崭新出厂,220.00
UMP-45 | 野孩子 (久经沙场),UMP-45 | 野孩子,保密,久经沙场,52.36
UMP-45 | 野孩子 (破损不堪),UMP-45 | 野孩子,保密,破损不堪,38.02
UMP-45 | 野孩子 (战痕累累),UMP-45 | 野孩子,保密,战痕累累,28.12
UMP-45 | 野孩子 (略有磨损),UMP-45 | 野孩子,保密,略有磨损,111.00
法玛斯 | 摧枯拉朽 (崭新出厂),法玛斯 | 摧枯拉朽,军规级,崭新出厂,8.72
法玛斯 | 摧枯拉朽 (久经沙场),法玛斯 | 摧枯拉朽,军规级,久经沙场,4.41
法玛斯 | 摧枯拉朽 (破损不堪),法玛斯 | 摧枯拉朽,军规级,破损不堪,5.37
法玛斯 | 摧枯拉朽 (战痕累累),法玛斯 | 摧枯拉朽,军规级,战痕累累,4.74
法玛斯 | 摧枯拉朽 (略有磨损),法玛斯 | 摧枯拉朽,军规级,略有磨损,5.89
双持贝瑞塔（StatTrak™） | 胶面花纹 (崭新出厂),双持贝瑞塔（StatTrak™） | 胶面花纹,军规级,崭新出厂,58.00
双持贝瑞塔（StatTrak™） | 胶面花纹 (久经沙场),双持贝瑞塔（StatTrak™） | 胶面花纹,军规级,久经沙场,3.45
双持贝瑞塔（StatTrak™） | 胶面花纹 (破损不堪),双持贝瑞塔（StatTrak™） | 胶面花纹,军规级,破损不堪,2.40
双持贝瑞塔（StatTrak™） | 胶面花纹 (战痕累累),双持贝瑞塔（StatTrak™） | 胶面花纹,军规级,战痕累累,2.30
双持贝瑞塔（StatTrak™） | 胶面花纹 (略有磨损),双持贝瑞塔（StatTrak™） | 胶面花纹,军规级,略有磨损,9.16
MAC-10（纪念品） | 渐变琥珀 (崭新出厂),MAC-10（纪念品） | 渐变琥珀,军规级,崭新出厂,210.00
MAC-10（纪念品） | 渐变琥珀 (久经沙场),MAC-10（纪念品） | 渐变琥珀,军规级,久经沙场,74.99
MAC-10（纪念品） | 渐变琥珀 (破损不堪),MAC-10（纪念品） | 渐变琥珀,军规级,破损不堪,
MAC-10（纪念品） | 渐变琥珀 (略有磨损),MAC-10（纪念品） | 渐变琥珀,军规级,略有磨损,108.00
系绳匕首（★ StatTrak™） | 北方森林 (崭新出厂),系绳匕首（★ StatTrak™） | 北方森林,隐秘,崭新出厂,
系绳匕首（★ StatTrak™） | 北方森林 (久经沙场),系绳匕首（★ StatTrak™） | 北方森林,隐秘,久经沙场,920.00
系绳匕首（★ StatTrak™） | 北方森林 (破损不堪),系绳匕首（★ StatTrak™） | 北方森林,隐秘,破损不堪,
系绳匕首（★ StatTrak™） | 北方森林 (战痕累累),系绳匕首（★ StatTrak™） | 北方森林,隐秘,战痕累累,999.00
系绳匕首（★ StatTrak™） | 北方森林 (略有磨损),系绳匕首（★ StatTrak™） | 北方森林,隐秘,略有磨损,1385.31
R8 左轮手枪（StatTrak™） | 美洲驼炮 (崭新出厂),R8 左轮手枪（StatTrak™） | 美洲驼炮,保密,崭新出厂,220.00
R8 左轮手枪（StatTrak™） | 美洲驼炮 (久经沙场),R8 左轮手枪（StatTrak™） | 美洲驼炮,保密,久经沙场,39.00
R8 左轮手枪（StatTrak™） | 美洲驼炮 (破损不堪),R8 左轮手枪（StatTrak™） | 美洲驼炮,保密,破损不堪,
R8 左轮手枪（StatTrak™） | 美洲驼炮 (战痕累累),R8 左轮手枪（StatTrak™） | 美洲驼炮,保密,战痕累累,26.26
R8 左轮手枪（StatTrak™） | 美洲驼炮 (略有磨损),R8 左轮手枪（StatTrak™） | 美洲驼炮,保密,略有磨损,78.21
裹手（★） | 蟒蛇 (崭新出厂),裹手（★） | 蟒蛇,非凡,崭新出厂,4500.00
裹手（★） | 蟒蛇 (久经沙场),裹手（★） | 蟒蛇,非凡,久经沙场,505.00
裹手（★） | 蟒蛇 (破损不堪),裹手（★） | 蟒蛇,非凡,破损不堪,490.00
裹手（★） | 蟒蛇 (战痕累累),裹手（★） | 蟒蛇,非凡,战痕累累,467.00
裹手（★） | 蟒蛇 (略有磨损),裹手（★） | 蟒蛇,非凡,略有磨损,786.92
SCAR-20（StatTrak™） | 碎片 (崭新出厂),SCAR-20（StatTrak™） | 碎片,军规级,崭新出厂,12.06
SCAR-20（StatTrak™） | 碎片 (久经沙场),SCAR-20（StatTrak™） | 碎片,军规级,久经沙场,2.72
SCAR-20（StatTrak™） | 碎片 (破损不堪),SCAR-20（StatTrak™） | 碎片,军规级,破损不堪,5.86
SCAR-20（StatTrak™） | 碎片 (战痕累累),SCAR-20（StatTrak™） | 碎片,军规级,战痕累累,1.80
SCAR-20（StatTrak™） | 碎片 (略有磨损),SCAR-20（StatTrak™） | 碎片,军规级,略有磨损,6.01
穿肠刀（★） | 表面淬火 (崭新出厂),穿肠刀（★） | 表面淬火,隐秘,崭新出厂,
穿肠刀（★） | 表面淬火 (久经沙场),穿肠刀（★） | 表面淬火,隐秘,久经沙场,2656.88
穿肠刀（★） | 表面淬火 (破损不堪),穿肠刀（★） | 表面淬火,隐秘,破损不堪,1786.21
穿肠刀（★） | 表面淬火 (战痕累累),穿肠刀（★） | 表面淬火,隐秘,战痕累累,999.00
穿肠刀（★） | 表面淬火 (略有磨损),穿肠刀（★） | 表面淬火,隐秘,略有磨损,1250.00
MP7（StatTrak™） | 复仇者 (崭新出厂),MP7（StatTrak™） | 复仇者,保密,崭新出厂,260.00
MP7（StatTrak™） | 复仇者 (久经沙场),MP7（StatTrak™） | 复仇者,保密,久经沙场,89.50
MP7（StatTrak™） | 复仇者 (略有磨损),MP7（StatTrak™） | 复仇者,保密,略有磨损,130.00
裹手（★） | 防水布胶带 (崭新出厂),裹手（★） | 防水布胶带,非凡,崭新出厂,3999.00
裹手（★） | 防水布胶带 (久经沙场),裹手（★） | 防水布胶带,非凡,久经沙场,493.94
裹手（★） | 防水布胶带 (破损不堪),裹手（★） | 防水布胶带,非凡,破损不堪,485.00
裹手（★） | 防水布胶带 (战痕累累),裹手（★） | 防水布胶带,非凡,战痕累累,460.00
裹手（★） | 防水布胶带 (略有磨损),裹手（★） | 防水布胶带,非凡,略有磨损,820.00
双持贝瑞塔 | 血红蛋白 (崭新出厂),双持贝瑞塔 | 血红蛋白,受限,崭新出厂,86.82
双持贝瑞塔 | 血红蛋白 (久经沙场),双持贝瑞塔 | 血红蛋白,受限,久经沙场,
双持贝瑞塔 | 血红蛋白 (略有磨损),双持贝瑞塔 | 血红蛋白,受限,略有磨损,79.10
狂牙手套（★） | 针尖 (崭新出厂),狂牙手套（★） | 针尖,非凡,崭新出厂,
狂牙手套（★） | 针尖 (久经沙场),狂牙手套（★） | 针尖,非凡,久经沙场,439.50
狂牙手套（★） | 针尖 (破损不堪),狂牙手套（★） | 针尖,非凡,破损不堪,450.00
狂牙手套（★） | 针尖 (战痕累累),狂牙手套（★） | 针尖,非凡,战痕累累,556.00
狂牙手套（★） | 针尖 (略有磨损),狂牙手套（★） | 针尖,非凡,略有磨损,811.46
MP7（StatTrak™） | 死亡骷髅 (久经沙场),MP7（StatTrak™） | 死亡骷髅,军规级,久经沙场,498.48
MP7（StatTrak™） | 死亡骷髅 (略有磨损),MP7（StatTrak™） | 死亡骷髅,军规级,略有磨损,139.21
格洛克 18 型（StatTrak™） | 摩登时代 (崭新出厂),格洛克 18 型（StatTrak™） | 摩登时代,保密,崭新出厂,165.00
格洛克 18 型（StatTrak™） | 摩登时代 (久经沙场),格洛克 18 型（StatTrak™） | 摩登时代,保密,久经沙场,39.60
格洛克 18 型（StatTrak™） | 摩登时代 (破损不堪),格洛克 18 型（StatTrak™） | 摩登时代,保密,破损不堪,43.90
格洛克 18 型（StatTrak™） | 摩登时代 (战痕累累),格洛克 18 型（StatTrak™） | 摩登时代,保密,战痕累累,32.00
格洛克 18 型（StatTrak™） | 摩登时代 (略有磨损),格洛克 18 型（StatTrak™） | 摩登时代,保密,略有磨损,75.14
折叠刀（★） | 蓝钢 (崭新出厂),折叠刀（★） | 蓝钢,隐秘,崭新出厂,2688.88
折叠刀（★） | 蓝钢 (久经沙场),折叠刀（★） | 蓝钢,隐秘,久经沙场,1577.42
折叠刀（★） | 蓝钢 (破损不堪),折叠刀（★） | 蓝钢,隐秘,破损不堪,1539.99
折叠刀（★） | 蓝钢 (战痕累累),折叠刀（★） | 蓝钢,隐秘,战痕累累,1644.70
折叠刀（★） | 蓝钢 (略有磨损),折叠刀（★） | 蓝钢,隐秘,略有磨损,1899.00
AUG | 贵族 (崭新出厂),AUG | 贵族,受限,崭新出厂,12.20
AUG | 贵族 (久经沙场),AUG | 贵族,受限,久经沙场,3.26
AUG | 贵族 (破损不堪),AUG | 贵族,受限,破损不堪,5.36
AUG | 贵族 (战痕累累),AUG | 贵族,受限,战痕累累,2.95
AUG | 贵族 (略有磨损),AUG | 贵族,受限,略有磨损,6.10
PP-野牛（纪念品） | 黄铜 (崭新出厂),PP-野牛（纪念品） | 黄铜,军规级,崭新出厂,2096.89
PP-野牛（纪念品） | 黄铜 (久经沙场),PP-野牛（纪念品） | 黄铜,军规级,久经沙场,97.91
PP-野牛（纪念品） | 黄铜 (破损不堪),PP-野牛（纪念品） | 黄铜,军规级,破损不堪,68.41
PP-野牛（纪念品） | 黄铜 (战痕累累),PP-野牛（纪念品） | 黄铜,军规级,战痕累累,35.00
PP-野牛（纪念品） | 黄铜 (略有磨损),PP-野牛（纪念品） | 黄铜,军规级,略有磨损,160.00
P2000 | 绝命密电 (崭新出厂),P2000 | 绝命密电,军规级,崭新出厂,92.81
P2000 | 绝命密电 (久经沙场),P2000 | 绝命密电,军规级,久经沙场,80.00
P2000 | 绝命密电 (破损不堪),P2000 | 绝命密电,军规级,破损不堪,
P2000 | 绝命密电 (战痕累累),P2000 | 绝命密电,军规级,战痕累累,150.00
P2000 | 绝命密电 (略有磨损),P2000 | 绝命密电,军规级,略有磨损,85.04
九头蛇手套（★） | 翡翠色调 (崭新出厂),九头蛇手套（★） | 翡翠色调,非凡,崭新出厂,3200.00
九头蛇手套（★） | 翡翠色调 (久经沙场),九头蛇手套（★） | 翡翠色调,非凡,久经沙场,449.60
九头蛇手套（★） | 翡翠色调 (破损不堪),九头蛇手套（★） | 翡翠色调,非凡,破损不堪,520.00
九头蛇手套（★） | 翡翠色调 (战痕累累),九头蛇手套（★） | 翡翠色调,非凡,战痕累累,479.99
九头蛇手套（★） | 翡翠色调 (略有磨损),九头蛇手套（★） | 翡翠色调,非凡,略有磨损,859.99
弯刀（★） | 自动化 (崭新出厂),弯刀（★） | 自动化,隐秘,崭新出厂,2650.00
弯刀（★） | 自动化 (久经沙场),弯刀（★） | 自动化,隐秘,久经沙场,1360.00
弯刀（★） | 自动化 (破损不堪),弯刀（★） | 自动化,隐秘,破损不堪,1569.00
弯刀（★） | 自动化 (战痕累累),弯刀（★） | 自动化,隐秘,战痕累累,1339.00
弯刀（★） | 自动化 (略有磨损),弯刀（★） | 自动化,隐秘,略有磨损,1690.00
Tec-9 | 锈叶 (崭新出厂),Tec-9 | 锈叶,工业级,崭新出厂,99.00
Tec-9 | 锈叶 (久经沙场),Tec-9 | 锈叶,工业级,久经沙场,
Tec-9 | 锈叶 (破损不堪),Tec-9 | 锈叶,工业级,破损不堪,98.00
Tec-9 | 锈叶 (战痕累累),Tec-9 | 锈叶,工业级,战痕累累,
Tec-9 | 锈叶 (略有磨损),Tec-9 | 锈叶,工业级,略有磨损,86.00
专业手套（★） | 狩鹿 (崭新出厂),专业手套（★） | 狩鹿,非凡,崭新出厂,7887.00
专业手套（★） | 狩鹿 (久经沙场),专业手套（★） | 狩鹿,非凡,久经沙场,534.00
专业手套（★） | 狩鹿 (破损不堪),专业手套（★） | 狩鹿,非凡,破损不堪,512.47
专业手套（★） | 狩鹿 (战痕累累),专业手套（★） | 狩鹿,非凡,战痕累累,475.54
专业手套（★） | 狩鹿 (略有磨损),专业手套（★） | 狩鹿,非凡,略有磨损,925.00
M4A1 消音型 | 气泡流行 (崭新出厂),M4A1 消音型 | 气泡流行,军规级,崭新出厂,10.59
M4A1 消音型 | 气泡流行 (久经沙场),M4A1 消音型 | 气泡流行,军规级,久经沙场,3.48
M4A1 消音型 | 气泡流行 (破损不堪),M4A1 消音型 | 气泡流行,军规级,破损不堪,15.00
M4A1 消音型 | 气泡流行 (战痕累累),M4A1 消音型 | 气泡流行,军规级,战痕累累,4.77
M4A1 消音型 | 气泡流行 (略有磨损),M4A1 消音型 | 气泡流行,军规级,略有磨损,5.95
MP9（StatTrak™） | 蛊惑之色 (崭新出厂),MP9（StatTrak™） | 蛊惑之色,受限,崭新出厂,196.90
MP9（StatTrak™） | 蛊惑之色 (略有磨损),MP9（StatTrak™） | 蛊惑之色,受限,略有磨损,
熊刀（★ StatTrak™） | 都市伪装 (崭新出厂),熊刀（★ StatTrak™） | 都市伪装,隐秘,崭新出厂,
熊刀（★ StatTrak™） | 都市伪装 (久经沙场),熊刀（★ StatTrak™） | 都市伪装,隐秘,久经沙场,1216.78
熊刀（★ StatTrak™） | 都市伪装 (破损不堪),熊刀（★ StatTrak™） | 都市伪装,隐秘,破损不堪,1200.00
熊刀（★ StatTrak™） | 都市伪装 (战痕累累),熊刀（★ StatTrak™） | 都市伪装,隐秘,战痕累累,1000.00
熊刀（★ StatTrak™） | 都市伪装 (略有磨损),熊刀（★ StatTrak™） | 都市伪装,隐秘,略有磨损,1700.00
沙漠之鹰（StatTrak™） | 机械工业 (崭新出厂),沙漠之鹰（StatTrak™） | 机械工业,保密,崭新出厂,141.91
沙漠之鹰（StatTrak™） | 机械工业 (久经沙场),沙漠之鹰（StatTrak™） | 机械工业,保密,久经沙场,57.42
沙漠之鹰（StatTrak™） | 机械工业 (破损不堪),沙漠之鹰（StatTrak™） | 机械工业,保密,破损不堪,96.00
沙漠之鹰（StatTrak™） | 机械工业 (战痕累累),沙漠之鹰（StatTrak™） | 机械工业,保密,战痕累累,58.84
沙漠之鹰（StatTrak™） | 机械工业 (略有磨损),沙漠之鹰（StatTrak™） | 机械工业,保密,略有磨损,89.89
加利尔 AR（StatTrak™） | 战吼斑纹 (崭新出厂),加利尔 AR（StatTrak™） | 战吼斑纹,军规级,崭新出厂,11.63
加利尔 AR（StatTrak™） | 战吼斑纹 (久经沙场),加利尔 AR（StatTrak™） | 战吼斑纹,军规级,久经沙场,1.93
加利尔 AR（StatTrak™） | 战吼斑纹 (破损不堪),加利尔 AR（StatTrak™） | 战吼斑纹,军规级,破损不堪,3.65
加利尔 AR（StatTrak™） | 战吼斑纹 (战痕累累),加利尔 AR（StatTrak™） | 战吼斑纹,军规级,战痕累累,2.21
加利尔 AR（StatTrak™） | 战吼斑纹 (略有磨损),加利尔 AR（StatTrak™） | 战吼斑纹,军规级,略有磨损,5.93
狂牙手套（★） | 精神错乱 (崭新出厂),狂牙手套（★） | 精神错乱,非凡,崭新出厂,5000.00
狂牙手套（★） | 精神错乱 (久经沙场),狂牙手套（★） | 精神错乱,非凡,久经沙场,517.33
狂牙手套（★） | 精神错乱 (破损不堪),狂牙手套（★） | 精神错乱,非凡,破损不堪,460.00
狂牙手套（★） | 精神错乱 (战痕累累),狂牙手套（★） | 精神错乱,非凡,战痕累累,453.37
狂牙手套（★） | 精神错乱 (略有磨损),狂牙手套（★） | 精神错乱,非凡,略有磨损,920.00
MAC-10（StatTrak™） | 烧尽 (崭新出厂),MAC-10（StatTrak™） | 烧尽,受限,崭新出厂,125.00
MAC-10（StatTrak™） | 烧尽 (久经沙场),MAC-10（StatTrak™） | 烧尽,受限,久经沙场,120.00
MAC-10（StatTrak™） | 烧尽 (破损不堪),MAC-10（StatTrak™） | 烧尽,受限,破损不堪,
MAC-10（StatTrak™） | 烧尽 (战痕累累),MAC-10（StatTrak™） | 烧尽,受限,战痕累累,88.00
MAC-10（StatTrak™） | 烧尽 (略有磨损),MAC-10（StatTrak™） | 烧尽,受限,略有磨损,119.00
Tec-9（StatTrak™） | 燃料喷射器 (崭新出厂),Tec-9（StatTrak™） | 燃料喷射器,保密,崭新出厂,270.00
Tec-9（StatTrak™） | 燃料喷射器 (久经沙场),Tec-9（StatTrak™） | 燃料喷射器,保密,久经沙场,46.53
Tec-9（StatTrak™） | 燃料喷射器 (破损不堪),Tec-9（StatTrak™） | 燃料喷射器,保密,破损不堪,33.00
Tec-9（StatTrak™） | 燃料喷射器 (战痕累累),Tec-9（StatTrak™） | 燃料喷射器,保密,战痕累累,35.54
Tec-9（StatTrak™） | 燃料喷射器 (略有磨损),Tec-9（StatTrak™） | 燃料喷射器,保密,略有磨损,89.99
SCAR-20 | 石砌 (崭新出厂),SCAR-20 | 石砌,消费级,崭新出厂,31.99
SCAR-20 | 石砌 (久经沙场),SCAR-20 | 石砌,消费级,久经沙场,6.99
SCAR-20 | 石砌 (破损不堪),SCAR-20 | 石砌,消费级,破损不堪,
SCAR-20 | 石砌 (战痕累累),SCAR-20 | 石砌,消费级,战痕累累,5.93
SCAR-20 | 石砌 (略有磨损),SCAR-20 | 石砌,消费级,略有磨损,7.23
流浪者匕首（★ StatTrak™） | 北方森林 (崭新出厂),流浪者匕首（★ StatTrak™） | 北方森林,隐秘,崭新出厂,
流浪者匕首（★ StatTrak™） | 北方森林 (久经沙场),流浪者匕首（★ StatTrak™） | 北方森林,隐秘,久经沙场,1380.00
流浪者匕首（★ StatTrak™） | 北方森林 (破损不堪),流浪者匕首（★ StatTrak™） | 北方森林,隐秘,破损不堪,
流浪者匕首（★ StatTrak™） | 北方森林 (战痕累累),流浪者匕首（★ StatTrak™） | 北方森林,隐秘,战痕累累,1180.00
流浪者匕首（★ StatTrak™） | 北方森林 (略有磨损),流浪者匕首（★ StatTrak™） | 北方森林,隐秘,略有磨损,
驾驶手套（★） | 护卫 (崭新出厂),驾驶手套（★） | 护卫,非凡,崭新出厂,
驾驶手套（★） | 护卫 (久经沙场),驾驶手套（★） | 护卫,非凡,久经沙场,548.20
驾驶手套（★） | 护卫 (破损不堪),驾驶手套（★） | 护卫,非凡,破损不堪,
驾驶手套（★） | 护卫 (战痕累累),驾驶手套（★） | 护卫,非凡,战痕累累,500.00
驾驶手套（★） | 护卫 (略有磨损),驾驶手套（★） | 护卫,非凡,略有磨损,1009.00
MAC-10（StatTrak™） | 霓虹骑士 (崭新出厂),MAC-10（StatTrak™） | 霓虹骑士,隐秘,崭新出厂,229.97
MAC-10（StatTrak™） | 霓虹骑士 (久经沙场),MAC-10（StatTrak™） | 霓虹骑士,隐秘,久经沙场,97.81
MAC-10（StatTrak™） | 霓虹骑士 (破损不堪),MAC-10（StatTrak™） | 霓虹骑士,隐秘,破损不堪,
MAC-10（StatTrak™） | 霓虹骑士 (略有磨损),MAC-10（StatTrak™） | 霓虹骑士,隐秘,略有磨损,146.20
P250（纪念品） | 葡萄酒 (崭新出厂),P250（纪念品） | 葡萄酒,受限,崭新出厂,600.00
P250（纪念品） | 葡萄酒 (久经沙场),P250（纪念品） | 葡萄酒,受限,久经沙场,45.00
P250（纪念品） | 葡萄酒 (破损不堪),P250（纪念品） | 葡萄酒,受限,破损不堪,38.00
P250（纪念品） | 葡萄酒 (战痕累累),P250（纪念品） | 葡萄酒,受限,战痕累累,30.00
P250（纪念品） | 葡萄酒 (略有磨损),P250（纪念品） | 葡萄酒,受限,略有磨损,150.00
SCAR-20 | 军队之辉 (崭新出厂),SCAR-20 | 军队之辉,消费级,崭新出厂,18.50
SCAR-20 | 军队之辉 (久经沙场),SCAR-20 | 军队之辉,消费级,久经沙场,7.25
SCAR-20 | 军队之辉 (略有磨损),SCAR-20 | 军队之辉,消费级,略有磨损,7.59
弯刀（★） | 表面淬火 (崭新出厂),弯刀（★） | 表面淬火,隐秘,崭新出厂,2500.00
弯刀（★） | 表面淬火 (久经沙场),弯刀（★） | 表面淬火,隐秘,久经沙场,1300.00
弯刀（★） | 表面淬火 (破损不堪),弯刀（★） | 表面淬火,隐秘,破损不堪,1227.31
弯刀（★） | 表面淬火 (战痕累累),弯刀（★） | 表面淬火,隐秘,战痕累累,1124.70
弯刀（★） | 表面淬火 (略有磨损),弯刀（★） | 表面淬火,隐秘,略有磨损,1729.94
MP7（纪念品） | 渐变之色 (崭新出厂),MP7（纪念品） | 渐变之色,受限,崭新出厂,340.00
MP7（纪念品） | 渐变之色 (久经沙场),MP7（纪念品） | 渐变之色,受限,久经沙场,152.22
MP7（纪念品） | 渐变之色 (略有磨损),MP7（纪念品） | 渐变之色,受限,略有磨损,148.00
裹手（★） | 森林色调 (崭新出厂),裹手（★） | 森林色调,非凡,崭新出厂,3675.32
裹手（★） | 森林色调 (久经沙场),裹手（★） | 森林色调,非凡,久经沙场,594.00
裹手（★） | 森林色调 (破损不堪),裹手（★） | 森林色调,非凡,破损不堪,565.00
裹手（★） | 森林色调 (战痕累累),裹手（★） | 森林色调,非凡,战痕累累,499.00
裹手（★） | 森林色调 (略有磨损),裹手（★） | 森林色调,非凡,略有磨损,1011.11
USP 消音版（纪念品） | 橙红安乐蜥 (崭新出厂),USP 消音版（纪念品） | 橙红安乐蜥,受限,崭新出厂,147.80
USP 消音版（纪念品） | 橙红安乐蜥 (久经沙场),USP 消音版（纪念品） | 橙红安乐蜥,受限,久经沙场,62.87
USP 消音版（纪念品） | 橙红安乐蜥 (略有磨损),USP 消音版（纪念品） | 橙红安乐蜥,受限,略有磨损,84.05
SCAR-20（StatTrak™） | 绿色陆战队 (崭新出厂),SCAR-20（StatTrak™） | 绿色陆战队,军规级,崭新出厂,11.58
SCAR-20（StatTrak™） | 绿色陆战队 (久经沙场),SCAR-20（StatTrak™） | 绿色陆战队,军规级,久经沙场,2.01
SCAR-20（StatTrak™） | 绿色陆战队 (破损不堪),SCAR-20（StatTrak™） | 绿色陆战队,军规级,破损不堪,8.80
SCAR-20（StatTrak™） | 绿色陆战队 (战痕累累),SCAR-20（StatTrak™） | 绿色陆战队,军规级,战痕累累,2.01
SCAR-20（StatTrak™） | 绿色陆战队 (略有磨损),SCAR-20（StatTrak™） | 绿色陆战队,军规级,略有磨损,5.95
流浪者匕首（★ StatTrak™） | 森林 DDPAT (久经沙场),流浪者匕首（★ StatTrak™） | 森林 DDPAT,隐秘,久经沙场,1312.00
流浪者匕首（★ StatTrak™） | 森林 DDPAT (破损不堪),流浪者匕首（★ StatTrak™） | 森林 DDPAT,隐秘,破损不堪,1179.00
流浪者匕首（★ StatTrak™） | 森林 DDPAT (战痕累累),流浪者匕首（★ StatTrak™） | 森林 DDPAT,隐秘,战痕累累,
流浪者匕首（★ StatTrak™） | 森林 DDPAT (略有磨损),流浪者匕首（★ StatTrak™） | 森林 DDPAT,隐秘,略有磨损,1350.00
P90 | 巴洛克之红 (崭新出厂),P90 | 巴洛克之红,军规级,崭新出厂,149.20
P90 | 巴洛克之红 (久经沙场),P90 | 巴洛克之红,军规级,久经沙场,174.02
P90 | 巴洛克之红 (破损不堪),P90 | 巴洛克之红,军规级,破损不堪,200.00
P90 | 巴洛克之红 (战痕累累),P90 | 巴洛克之红,军规级,战痕累累,
P90 | 巴洛克之红 (略有磨损),P90 | 巴洛克之红,军规级,略有磨损,149.50
血猎手套（★） | 游击队 (崭新出厂),血猎手套（★） | 游击队,非凡,崭新出厂,
血猎手套（★） | 游击队 (久经沙场),血猎手套（★） | 游击队,非凡,久经沙场,544.00
血猎手套（★） | 游击队 (破损不堪),血猎手套（★） | 游击队,非凡,破损不堪,590.00
血猎手套（★） | 游击队 (战痕累累),血猎手套（★） | 游击队,非凡,战痕累累,530.00
血猎手套（★） | 游击队 (略有磨损),血猎手套（★） | 游击队,非凡,略有磨损,1096.90
AUG（StatTrak™） | 弹跳线条 (崭新出厂),AUG（StatTrak™） | 弹跳线条,军规级,崭新出厂,18.72
AUG（StatTrak™） | 弹跳线条 (久经沙场),AUG（StatTrak™） | 弹跳线条,军规级,久经沙场,2.33
AUG（StatTrak™） | 弹跳线条 (破损不堪),AUG（StatTrak™） | 弹跳线条,军规级,破损不堪,7.41
AUG（StatTrak™） | 弹跳线条 (战痕累累),AUG（StatTrak™） | 弹跳线条,军规级,战痕累累,1.53
AUG（StatTrak™） | 弹跳线条 (略有磨损),AUG（StatTrak™） | 弹跳线条,军规级,略有磨损,6.96
FN57 | 表面淬火 (崭新出厂),FN57 | 表面淬火,受限,崭新出厂,149.20
FN57 | 表面淬火 (久经沙场),FN57 | 表面淬火,受限,久经沙场,68.95
FN57 | 表面淬火 (破损不堪),FN57 | 表面淬火,受限,破损不堪,65.00
FN57 | 表面淬火 (战痕累累),FN57 | 表面淬火,受限,战痕累累,65.00
FN57 | 表面淬火 (略有磨损),FN57 | 表面淬火,受限,略有磨损,94.82
折叠刀（★） | 人工染色 (崭新出厂),折叠刀（★） | 人工染色,隐秘,崭新出厂,2166.00
折叠刀（★） | 人工染色 (久经沙场),折叠刀（★） | 人工染色,隐秘,久经沙场,1508.49
折叠刀（★） | 人工染色 (破损不堪),折叠刀（★） | 人工染色,隐秘,破损不堪,1393.60
折叠刀（★） | 人工染色 (战痕累累),折叠刀（★） | 人工染色,隐秘,战痕累累,1435.00
折叠刀（★） | 人工染色 (略有磨损),折叠刀（★） | 人工染色,隐秘,略有磨损,1698.30
PP-野牛（StatTrak™） | 阿努比斯之审判 (崭新出厂),PP-野牛（StatTrak™） | 阿努比斯之审判,隐秘,崭新出厂,269.50
PP-野牛（StatTrak™） | 阿努比斯之审判 (久经沙场),PP-野牛（StatTrak™） | 阿努比斯之审判,隐秘,久经沙场,89.90
PP-野牛（StatTrak™） | 阿努比斯之审判 (破损不堪),PP-野牛（StatTrak™） | 阿努比斯之审判,隐秘,破损不堪,
PP-野牛（StatTrak™） | 阿努比斯之审判 (战痕累累),PP-野牛（StatTrak™） | 阿努比斯之审判,隐秘,战痕累累,
PP-野牛（StatTrak™） | 阿努比斯之审判 (略有磨损),PP-野牛（StatTrak™） | 阿努比斯之审判,隐秘,略有磨损,147.60
M4A1 消音型 | 闪回 (崭新出厂),M4A1 消音型 | 闪回,受限,崭新出厂,21.35
M4A1 消音型 | 闪回 (久经沙场),M4A1 消音型 | 闪回,受限,久经沙场,4.79
M4A1 消音型 | 闪回 (破损不堪),M4A1 消音型 | 闪回,受限,破损不堪,4.00
M4A1 消音型 | 闪回 (战痕累累),M4A1 消音型 | 闪回,受限,战痕累累,4.24
M4A1 消音型 | 闪回 (略有磨损),M4A1 消音型 | 闪回,受限,略有磨损,7.10
摩托手套（★） | 第三特种兵连 (崭新出厂),摩托手套（★） | 第三特种兵连,非凡,崭新出厂,4300.00
摩托手套（★） | 第三特种兵连 (久经沙场),摩托手套（★） | 第三特种兵连,非凡,久经沙场,569.00
摩托手套（★） | 第三特种兵连 (破损不堪),摩托手套（★） | 第三特种兵连,非凡,破损不堪,524.40
摩托手套（★） | 第三特种兵连 (战痕累累),摩托手套（★） | 第三特种兵连,非凡,战痕累累,420.00
摩托手套（★） | 第三特种兵连 (略有磨损),摩托手套（★） | 第三特种兵连,非凡,略有磨损,1219.78
刺刀（★） | 狩猎网格 (崭新出厂),刺刀（★） | 狩猎网格,隐秘,崭新出厂,2950.00
刺刀（★） | 狩猎网格 (久经沙场),刺刀（★） | 狩猎网格,隐秘,久经沙场,1690.00
刺刀（★） | 狩猎网格 (破损不堪),刺刀（★） | 狩猎网格,隐秘,破损不堪,1999.00
刺刀（★） | 狩猎网格 (战痕累累),刺刀（★） | 狩猎网格,隐秘,战痕累累,1699.00
刺刀（★） | 狩猎网格 (略有磨损),刺刀（★） | 狩猎网格,隐秘,略有磨损,1889.41
双持贝瑞塔（StatTrak™） | 海斗士 (崭新出厂),双持贝瑞塔（StatTrak™） | 海斗士,受限,崭新出厂,980.00
双持贝瑞塔（StatTrak™） | 海斗士 (久经沙场),双持贝瑞塔（StatTrak™） | 海斗士,受限,久经沙场,88.88
双持贝瑞塔（StatTrak™） | 海斗士 (破损不堪),双持贝瑞塔（StatTrak™） | 海斗士,受限,破损不堪,
双持贝瑞塔（StatTrak™） | 海斗士 (战痕累累),双持贝瑞塔（StatTrak™） | 海斗士,受限,战痕累累,
双持贝瑞塔（StatTrak™） | 海斗士 (略有磨损),双持贝瑞塔（StatTrak™） | 海斗士,受限,略有磨损,115.77
P90（StatTrak™） | 三角 (久经沙场),P90（StatTrak™） | 三角,保密,久经沙场,110.00
P90（StatTrak™） | 三角 (破损不堪),P90（StatTrak™） | 三角,保密,破损不堪,
P90（StatTrak™） | 三角 (战痕累累),P90（StatTrak™） | 三角,保密,战痕累累,
P90（StatTrak™） | 三角 (略有磨损),P90（StatTrak™） | 三角,保密,略有磨损,144.42
M4A4（StatTrak™） | 镁元素 (崭新出厂),M4A4（StatTrak™） | 镁元素,军规级,崭新出厂,40.00
M4A4（StatTrak™） | 镁元素 (久经沙场),M4A4（StatTrak™） | 镁元素,军规级,久经沙场,3.16
M4A4（StatTrak™） | 镁元素 (破损不堪),M4A4（StatTrak™） | 镁元素,军规级,破损不堪,1.70
M4A4（StatTrak™） | 镁元素 (战痕累累),M4A4（StatTrak™） | 镁元素,军规级,战痕累累,1.98
M4A4（StatTrak™） | 镁元素 (略有磨损),M4A4（StatTrak™） | 镁元素,军规级,略有磨损,7.14
流浪者匕首（★ StatTrak™） | 夜色 (久经沙场),流浪者匕首（★ StatTrak™） | 夜色,隐秘,久经沙场,1700.00
流浪者匕首（★ StatTrak™） | 夜色 (破损不堪),流浪者匕首（★ StatTrak™） | 夜色,隐秘,破损不堪,
流浪者匕首（★ StatTrak™） | 夜色 (战痕累累),流浪者匕首（★ StatTrak™） | 夜色,隐秘,战痕累累,1666.66
流浪者匕首（★ StatTrak™） | 夜色 (略有磨损),流浪者匕首（★ StatTrak™） | 夜色,隐秘,略有磨损,3333.00
血猎手套（★） | 染铜 (崭新出厂),血猎手套（★） | 染铜,非凡,崭新出厂,
血猎手套（★） | 染铜 (久经沙场),血猎手套（★） | 染铜,非凡,久经沙场,561.98
血猎手套（★） | 染铜 (破损不堪),血猎手套（★） | 染铜,非凡,破损不堪,
血猎手套（★） | 染铜 (战痕累累),血猎手套（★） | 染铜,非凡,战痕累累,1500.00
血猎手套（★） | 染铜 (略有磨损),血猎手套（★） | 染铜,非凡,略有磨损,1390.40
P2000 | 寻路者 (崭新出厂),P2000 | 寻路者,工业级,崭新出厂,95.00
P2000 | 寻路者 (久经沙场),P2000 | 寻路者,工业级,久经沙场,86.50
P2000 | 寻路者 (略有磨损),P2000 | 寻路者,工业级,略有磨损,200.00
血猎手套（★） | 蛇咬 (崭新出厂),血猎手套（★） | 蛇咬,非凡,崭新出厂,6500.00
血猎手套（★） | 蛇咬 (久经沙场),血猎手套（★） | 蛇咬,非凡,久经沙场,562.71
血猎手套（★） | 蛇咬 (破损不堪),血猎手套（★） | 蛇咬,非凡,破损不堪,
血猎手套（★） | 蛇咬 (战痕累累),血猎手套（★） | 蛇咬,非凡,战痕累累,539.99
血猎手套（★） | 蛇咬 (略有磨损),血猎手套（★） | 蛇咬,非凡,略有磨损,1197.80
P90 | 疾袭圣甲虫 (崭新出厂),P90 | 疾袭圣甲虫,受限,崭新出厂,195.00
P90 | 疾袭圣甲虫 (久经沙场),P90 | 疾袭圣甲虫,受限,久经沙场,115.00
P90 | 疾袭圣甲虫 (破损不堪),P90 | 疾袭圣甲虫,受限,破损不堪,
P90 | 疾袭圣甲虫 (战痕累累),P90 | 疾袭圣甲虫,受限,战痕累累,76.00
P90 | 疾袭圣甲虫 (略有磨损),P90 | 疾袭圣甲虫,受限,略有磨损,149.18
P2000 | 致命红蝎 (崭新出厂),P2000 | 致命红蝎,受限,崭新出厂,69.20
P2000 | 致命红蝎 (略有磨损),P2000 | 致命红蝎,受限,略有磨损,100.00
九头蛇手套（★） | 表面淬火 (崭新出厂),九头蛇手套（★） | 表面淬火,非凡,崭新出厂,6500.00
九头蛇手套（★） | 表面淬火 (久经沙场),九头蛇手套（★） | 表面淬火,非凡,久经沙场,802.00
九头蛇手套（★） | 表面淬火 (破损不堪),九头蛇手套（★） | 表面淬火,非凡,破损不堪,768.00
九头蛇手套（★） | 表面淬火 (战痕累累),九头蛇手套（★） | 表面淬火,非凡,战痕累累,511.00
九头蛇手套（★） | 表面淬火 (略有磨损),九头蛇手套（★） | 表面淬火,非凡,略有磨损,1792.30
猎杀者匕首（★ StatTrak™） | 自由之手 (崭新出厂),猎杀者匕首（★ StatTrak™） | 自由之手,隐秘,崭新出厂,
猎杀者匕首（★ StatTrak™） | 自由之手 (久经沙场),猎杀者匕首（★ StatTrak™） | 自由之手,隐秘,久经沙场,
猎杀者匕首（★ StatTrak™） | 自由之手 (破损不堪),猎杀者匕首（★ StatTrak™） | 自由之手,隐秘,破损不堪,
猎杀者匕首（★ StatTrak™） | 自由之手 (战痕累累),猎杀者匕首（★ StatTrak™） | 自由之手,隐秘,战痕累累,
猎杀者匕首（★ StatTrak™） | 自由之手 (略有磨损),猎杀者匕首（★ StatTrak™） | 自由之手,隐秘,略有磨损,1798.00
MAC-10 | 潜行者 (崭新出厂),MAC-10 | 潜行者,隐秘,崭新出厂,417.66
MAC-10 | 潜行者 (久经沙场),MAC-10 | 潜行者,隐秘,久经沙场,75.14
MAC-10 | 潜行者 (破损不堪),MAC-10 | 潜行者,隐秘,破损不堪,73.33
MAC-10 | 潜行者 (战痕累累),MAC-10 | 潜行者,隐秘,战痕累累,67.30
MAC-10 | 潜行者 (略有磨损),MAC-10 | 潜行者,隐秘,略有磨损,156.40
G3SG1（StatTrak™） | 梦之林地 (崭新出厂),G3SG1（StatTrak™） | 梦之林地,受限,崭新出厂,26.29
G3SG1（StatTrak™） | 梦之林地 (久经沙场),G3SG1（StatTrak™） | 梦之林地,受限,久经沙场,3.59
G3SG1（StatTrak™） | 梦之林地 (破损不堪),G3SG1（StatTrak™） | 梦之林地,受限,破损不堪,3.08
G3SG1（StatTrak™） | 梦之林地 (战痕累累),G3SG1（StatTrak™） | 梦之林地,受限,战痕累累,2.44
G3SG1（StatTrak™） | 梦之林地 (略有磨损),G3SG1（StatTrak™） | 梦之林地,受限,略有磨损,7.86
鲍伊猎刀（★） | 自动化 (崭新出厂),鲍伊猎刀（★） | 自动化,隐秘,崭新出厂,2998.00
鲍伊猎刀（★） | 自动化 (久经沙场),鲍伊猎刀（★） | 自动化,隐秘,久经沙场,1390.00
鲍伊猎刀（★） | 自动化 (破损不堪),鲍伊猎刀（★） | 自动化,隐秘,破损不堪,
鲍伊猎刀（★） | 自动化 (战痕累累),鲍伊猎刀（★） | 自动化,隐秘,战痕累累,1319.00
鲍伊猎刀（★） | 自动化 (略有磨损),鲍伊猎刀（★） | 自动化,隐秘,略有磨损,1732.00
MAC-10 | 凝视之眼 (崭新出厂),MAC-10 | 凝视之眼,保密,崭新出厂,205.18
MAC-10 | 凝视之眼 (久经沙场),MAC-10 | 凝视之眼,保密,久经沙场,135.37
MAC-10 | 凝视之眼 (破损不堪),MAC-10 | 凝视之眼,保密,破损不堪,
MAC-10 | 凝视之眼 (战痕累累),MAC-10 | 凝视之眼,保密,战痕累累,120.00
MAC-10 | 凝视之眼 (略有磨损),MAC-10 | 凝视之眼,保密,略有磨损,165.00
SSG 08 | 幽灵战士 (崭新出厂),SSG 08 | 幽灵战士,受限,崭新出厂,24.08
SSG 08 | 幽灵战士 (久经沙场),SSG 08 | 幽灵战士,受限,久经沙场,2.95
SSG 08 | 幽灵战士 (破损不堪),SSG 08 | 幽灵战士,受限,破损不堪,3.90
SSG 08 | 幽灵战士 (战痕累累),SSG 08 | 幽灵战士,受限,战痕累累,2.63
SSG 08 | 幽灵战士 (略有磨损),SSG 08 | 幽灵战士,受限,略有磨损,6.92
裹手（★） | 云杉 DDPAT (崭新出厂),裹手（★） | 云杉 DDPAT,非凡,崭新出厂,
裹手（★） | 云杉 DDPAT (久经沙场),裹手（★） | 云杉 DDPAT,非凡,久经沙场,766.00
裹手（★） | 云杉 DDPAT (破损不堪),裹手（★） | 云杉 DDPAT,非凡,破损不堪,697.10
裹手（★） | 云杉 DDPAT (战痕累累),裹手（★） | 云杉 DDPAT,非凡,战痕累累,666.66
裹手（★） | 云杉 DDPAT (略有磨损),裹手（★） | 云杉 DDPAT,非凡,略有磨损,1488.00
猎杀者匕首（★ StatTrak™） | 致命紫罗兰 (崭新出厂),猎杀者匕首（★ StatTrak™） | 致命紫罗兰,隐秘,崭新出厂,
猎杀者匕首（★ StatTrak™） | 致命紫罗兰 (久经沙场),猎杀者匕首（★ StatTrak™） | 致命紫罗兰,隐秘,久经沙场,1137.86
猎杀者匕首（★ StatTrak™） | 致命紫罗兰 (破损不堪),猎杀者匕首（★ StatTrak™） | 致命紫罗兰,隐秘,破损不堪,
猎杀者匕首（★ StatTrak™） | 致命紫罗兰 (战痕累累),猎杀者匕首（★ StatTrak™） | 致命紫罗兰,隐秘,战痕累累,
猎杀者匕首（★ StatTrak™） | 致命紫罗兰 (略有磨损),猎杀者匕首（★ StatTrak™） | 致命紫罗兰,隐秘,略有磨损,1820.00
MP5-SD（纪念品） | 幻化绿洲 (崭新出厂),MP5-SD（纪念品） | 幻化绿洲,保密,崭新出厂,348.00
MP5-SD（纪念品） | 幻化绿洲 (久经沙场),MP5-SD（纪念品） | 幻化绿洲,保密,久经沙场,69.10
MP5-SD（纪念品） | 幻化绿洲 (破损不堪),MP5-SD（纪念品） | 幻化绿洲,保密,破损不堪,
MP5-SD（纪念品） | 幻化绿洲 (战痕累累),MP5-SD（纪念品） | 幻化绿洲,保密,战痕累累,
MP5-SD（纪念品） | 幻化绿洲 (略有磨损),MP5-SD（纪念品） | 幻化绿洲,保密,略有磨损,154.19
Tec-9 | 哈迪斯 (崭新出厂),Tec-9 | 哈迪斯,工业级,崭新出厂,118.00
Tec-9 | 哈迪斯 (久经沙场),Tec-9 | 哈迪斯,工业级,久经沙场,100.00
Tec-9 | 哈迪斯 (破损不堪),Tec-9 | 哈迪斯,工业级,破损不堪,
Tec-9 | 哈迪斯 (战痕累累),Tec-9 | 哈迪斯,工业级,战痕累累,89.00
Tec-9 | 哈迪斯 (略有磨损),Tec-9 | 哈迪斯,工业级,略有磨损,109.28
M4A4 | 变频器 (崭新出厂),M4A4 | 变频器,军规级,崭新出厂,9.52
M4A4 | 变频器 (久经沙场),M4A4 | 变频器,军规级,久经沙场,8.31
M4A4 | 变频器 (破损不堪),M4A4 | 变频器,军规级,破损不堪,14.00
M4A4 | 变频器 (略有磨损),M4A4 | 变频器,军规级,略有磨损,7.11
折叠刀（★ StatTrak™） | 蓝钢 (崭新出厂),折叠刀（★ StatTrak™） | 蓝钢,隐秘,崭新出厂,
折叠刀（★ StatTrak™） | 蓝钢 (久经沙场),折叠刀（★ StatTrak™） | 蓝钢,隐秘,久经沙场,
折叠刀（★ StatTrak™） | 蓝钢 (破损不堪),折叠刀（★ StatTrak™） | 蓝钢,隐秘,破损不堪,1535.00
折叠刀（★ StatTrak™） | 蓝钢 (战痕累累),折叠刀（★ StatTrak™） | 蓝钢,隐秘,战痕累累,
折叠刀（★ StatTrak™） | 蓝钢 (略有磨损),折叠刀（★ StatTrak™） | 蓝钢,隐秘,略有磨损,1685.00
狂牙手套（★） | 黄色斑纹 (崭新出厂),狂牙手套（★） | 黄色斑纹,非凡,崭新出厂,5700.00
狂牙手套（★） | 黄色斑纹 (久经沙场),狂牙手套（★） | 黄色斑纹,非凡,久经沙场,635.36
狂牙手套（★） | 黄色斑纹 (破损不堪),狂牙手套（★） | 黄色斑纹,非凡,破损不堪,590.00
狂牙手套（★） | 黄色斑纹 (战痕累累),狂牙手套（★） | 黄色斑纹,非凡,战痕累累,475.00
狂牙手套（★） | 黄色斑纹 (略有磨损),狂牙手套（★） | 黄色斑纹,非凡,略有磨损,1290.00
驾驶手套（★） | 美洲豹女王 (崭新出厂),驾驶手套（★） | 美洲豹女王,非凡,崭新出厂,29999.00
驾驶手套（★） | 美洲豹女王 (久经沙场),驾驶手套（★） | 美洲豹女王,非凡,久经沙场,651.00
驾驶手套（★） | 美洲豹女王 (破损不堪),驾驶手套（★） | 美洲豹女王,非凡,破损不堪,638.88
驾驶手套（★） | 美洲豹女王 (战痕累累),驾驶手套（★） | 美洲豹女王,非凡,战痕累累,505.00
驾驶手套（★） | 美洲豹女王 (略有磨损),驾驶手套（★） | 美洲豹女王,非凡,略有磨损,1388.00
穿肠刀（★） | 传说 (崭新出厂),穿肠刀（★） | 传说,隐秘,崭新出厂,2594.40
穿肠刀（★） | 传说 (久经沙场),穿肠刀（★） | 传说,隐秘,久经沙场,1412.21
穿肠刀（★） | 传说 (破损不堪),穿肠刀（★） | 传说,隐秘,破损不堪,1500.00
穿肠刀（★） | 传说 (战痕累累),穿肠刀（★） | 传说,隐秘,战痕累累,
穿肠刀（★） | 传说 (略有磨损),穿肠刀（★） | 传说,隐秘,略有磨损,1896.53
P250（StatTrak™） | 迷人幻象 (崭新出厂),P250（StatTrak™） | 迷人幻象,保密,崭新出厂,248.00
P250（StatTrak™） | 迷人幻象 (久经沙场),P250（StatTrak™） | 迷人幻象,保密,久经沙场,56.64
P250（StatTrak™） | 迷人幻象 (破损不堪),P250（StatTrak™） | 迷人幻象,保密,破损不堪,66.00
P250（StatTrak™） | 迷人幻象 (战痕累累),P250（StatTrak™） | 迷人幻象,保密,战痕累累,45.44
P250（StatTrak™） | 迷人幻象 (略有磨损),P250（StatTrak™） | 迷人幻象,保密,略有磨损,107.28
摩托手套（★） | 交运 (崭新出厂),摩托手套（★） | 交运,非凡,崭新出厂,5800.00
摩托手套（★） | 交运 (久经沙场),摩托手套（★） | 交运,非凡,久经沙场,627.08
摩托手套（★） | 交运 (破损不堪),摩托手套（★） | 交运,非凡,破损不堪,560.00
摩托手套（★） | 交运 (战痕累累),摩托手套（★） | 交运,非凡,战痕累累,480.00
摩托手套（★） | 交运 (略有磨损),摩托手套（★） | 交运,非凡,略有磨损,1360.00
P90（StatTrak™） | 死亡之握 (崭新出厂),P90（StatTrak™） | 死亡之握,受限,崭新出厂,275.00
P90（StatTrak™） | 死亡之握 (久经沙场),P90（StatTrak™） | 死亡之握,受限,久经沙场,
P90（StatTrak™） | 死亡之握 (破损不堪),P90（StatTrak™） | 死亡之握,受限,破损不堪,65.00
P90（StatTrak™） | 死亡之握 (战痕累累),P90（StatTrak™） | 死亡之握,受限,战痕累累,68.00
P90（StatTrak™） | 死亡之握 (略有磨损),P90（StatTrak™） | 死亡之握,受限,略有磨损,127.24
USP 消音版 | 寻路者 (崭新出厂),USP 消音版 | 寻路者,工业级,崭新出厂,105.00
USP 消音版 | 寻路者 (久经沙场),USP 消音版 | 寻路者,工业级,久经沙场,105.00
USP 消音版 | 寻路者 (略有磨损),USP 消音版 | 寻路者,工业级,略有磨损,105.00
短剑（★ StatTrak™） | 北方森林 (崭新出厂),短剑（★ StatTrak™） | 北方森林,隐秘,崭新出厂,
短剑（★ StatTrak™） | 北方森林 (久经沙场),短剑（★ StatTrak™） | 北方森林,隐秘,久经沙场,1650.00
短剑（★ StatTrak™） | 北方森林 (破损不堪),短剑（★ StatTrak™） | 北方森林,隐秘,破损不堪,
短剑（★ StatTrak™） | 北方森林 (战痕累累),短剑（★ StatTrak™） | 北方森林,隐秘,战痕累累,
短剑（★ StatTrak™） | 北方森林 (略有磨损),短剑（★ StatTrak™） | 北方森林,隐秘,略有磨损,
沙漠之鹰（纪念品） | 都市瓦砾 (崭新出厂),沙漠之鹰（纪念品） | 都市瓦砾,军规级,崭新出厂,146.01
沙漠之鹰（纪念品） | 都市瓦砾 (久经沙场),沙漠之鹰（纪念品） | 都市瓦砾,军规级,久经沙场,66.66
沙漠之鹰（纪念品） | 都市瓦砾 (破损不堪),沙漠之鹰（纪念品） | 都市瓦砾,军规级,破损不堪,150.00
沙漠之鹰（纪念品） | 都市瓦砾 (战痕累累),沙漠之鹰（纪念品） | 都市瓦砾,军规级,战痕累累,98.00
沙漠之鹰（纪念品） | 都市瓦砾 (略有磨损),沙漠之鹰（纪念品） | 都市瓦砾,军规级,略有磨损,99.00
SSG 08（StatTrak™） | 通灵者 (崭新出厂),SSG 08（StatTrak™） | 通灵者,军规级,崭新出厂,41.43
SSG 08（StatTrak™） | 通灵者 (久经沙场),SSG 08（StatTrak™） | 通灵者,军规级,久经沙场,3.89
SSG 08（StatTrak™） | 通灵者 (破损不堪),SSG 08（StatTrak™） | 通灵者,军规级,破损不堪,4.13
SSG 08（StatTrak™） | 通灵者 (战痕累累),SSG 08（StatTrak™） | 通灵者,军规级,战痕累累,4.09
SSG 08（StatTrak™） | 通灵者 (略有磨损),SSG 08（StatTrak™） | 通灵者,军规级,略有磨损,8.50
裹手（★） | 长颈鹿 (崭新出厂),裹手（★） | 长颈鹿,非凡,崭新出厂,
裹手（★） | 长颈鹿 (久经沙场),裹手（★） | 长颈鹿,非凡,久经沙场,757.33
裹手（★） | 长颈鹿 (破损不堪),裹手（★） | 长颈鹿,非凡,破损不堪,680.00
裹手（★） | 长颈鹿 (战痕累累),裹手（★） | 长颈鹿,非凡,战痕累累,550.00
裹手（★） | 长颈鹿 (略有磨损),裹手（★） | 长颈鹿,非凡,略有磨损,1422.99
P90（StatTrak™） | 盲点 (崭新出厂),P90（StatTrak™） | 盲点,受限,崭新出厂,149.20
P90（StatTrak™） | 盲点 (久经沙场),P90（StatTrak™） | 盲点,受限,久经沙场,150.00
P90（StatTrak™） | 盲点 (破损不堪),P90（StatTrak™） | 盲点,受限,破损不堪,361.00
P90（StatTrak™） | 盲点 (战痕累累),P90（StatTrak™） | 盲点,受限,战痕累累,
P90（StatTrak™） | 盲点 (略有磨损),P90（StatTrak™） | 盲点,受限,略有磨损,188.87
流浪者匕首（★） | 都市伪装 (崭新出厂),流浪者匕首（★） | 都市伪装,隐秘,崭新出厂,3888.88
流浪者匕首（★） | 都市伪装 (久经沙场),流浪者匕首（★） | 都市伪装,隐秘,久经沙场,1448.88
流浪者匕首（★） | 都市伪装 (破损不堪),流浪者匕首（★） | 都市伪装,隐秘,破损不堪,1274.80
流浪者匕首（★） | 都市伪装 (战痕累累),流浪者匕首（★） | 都市伪装,隐秘,战痕累累,1143.00
流浪者匕首（★） | 都市伪装 (略有磨损),流浪者匕首（★） | 都市伪装,隐秘,略有磨损,1800.00
MP7 | 逮捕者 (崭新出厂),MP7 | 逮捕者,军规级,崭新出厂,150.00
MP7 | 逮捕者 (久经沙场),MP7 | 逮捕者,军规级,久经沙场,
MP7 | 逮捕者 (破损不堪),MP7 | 逮捕者,军规级,破损不堪,
MP7 | 逮捕者 (战痕累累),MP7 | 逮捕者,军规级,战痕累累,
MP7 | 逮捕者 (略有磨损),MP7 | 逮捕者,军规级,略有磨损,184.00
驾驶手套（★） | 绯红列赞 (崭新出厂),驾驶手套（★） | 绯红列赞,非凡,崭新出厂,8500.00
驾驶手套（★） | 绯红列赞 (久经沙场),驾驶手套（★） | 绯红列赞,非凡,久经沙场,658.99
驾驶手套（★） | 绯红列赞 (破损不堪),驾驶手套（★） | 绯红列赞,非凡,破损不堪,766.00
驾驶手套（★） | 绯红列赞 (战痕累累),驾驶手套（★） | 绯红列赞,非凡,战痕累累,548.40
驾驶手套（★） | 绯红列赞 (略有磨损),驾驶手套（★） | 绯红列赞,非凡,略有磨损,1588.00
双持贝瑞塔 | 熊熊烈焰 (崭新出厂),双持贝瑞塔 | 熊熊烈焰,工业级,崭新出厂,299.00
双持贝瑞塔 | 熊熊烈焰 (久经沙场),双持贝瑞塔 | 熊熊烈焰,工业级,久经沙场,95.90
双持贝瑞塔 | 熊熊烈焰 (破损不堪),双持贝瑞塔 | 熊熊烈焰,工业级,破损不堪,95.00
双持贝瑞塔 | 熊熊烈焰 (战痕累累),双持贝瑞塔 | 熊熊烈焰,工业级,战痕累累,99.00
双持贝瑞塔 | 熊熊烈焰 (略有磨损),双持贝瑞塔 | 熊熊烈焰,工业级,略有磨损,104.99
SSG 08 | 浮生如梦 (崭新出厂),SSG 08 | 浮生如梦,受限,崭新出厂,12.22
SSG 08 | 浮生如梦 (久经沙场),SSG 08 | 浮生如梦,受限,久经沙场,2.92
SSG 08 | 浮生如梦 (破损不堪),SSG 08 | 浮生如梦,受限,破损不堪,6.43
SSG 08 | 浮生如梦 (战痕累累),SSG 08 | 浮生如梦,受限,战痕累累,3.29
SSG 08 | 浮生如梦 (略有磨损),SSG 08 | 浮生如梦,受限,略有磨损,7.05
弯刀（★） | 屠夫 (崭新出厂),弯刀（★） | 屠夫,隐秘,崭新出厂,2120.00
弯刀（★） | 屠夫 (久经沙场),弯刀（★） | 屠夫,隐秘,久经沙场,1830.00
弯刀（★） | 屠夫 (略有磨损),弯刀（★） | 屠夫,隐秘,略有磨损,1830.00
沙漠之鹰（StatTrak™） | 阴谋者 (崭新出厂),沙漠之鹰（StatTrak™） | 阴谋者,保密,崭新出厂,167.54
沙漠之鹰（StatTrak™） | 阴谋者 (久经沙场),沙漠之鹰（StatTrak™） | 阴谋者,保密,久经沙场,98.00
沙漠之鹰（StatTrak™） | 阴谋者 (略有磨损),沙漠之鹰（StatTrak™） | 阴谋者,保密,略有磨损,102.50
裹手（★） | 恶土 (崭新出厂),裹手（★） | 恶土,非凡,崭新出厂,
裹手（★） | 恶土 (久经沙场),裹手（★） | 恶土,非凡,久经沙场,923.83
裹手（★） | 恶土 (破损不堪),裹手（★） | 恶土,非凡,破损不堪,
裹手（★） | 恶土 (战痕累累),裹手（★） | 恶土,非凡,战痕累累,668.00
裹手（★） | 恶土 (略有磨损),裹手（★） | 恶土,非凡,略有磨损,1758.88
SG 553 | 深蓝电镀处理 (崭新出厂),SG 553 | 深蓝电镀处理,军规级,崭新出厂,8.17
SG 553 | 深蓝电镀处理 (略有磨损),SG 553 | 深蓝电镀处理,军规级,略有磨损,8.12
流浪者匕首（★ StatTrak™） | 都市伪装 (崭新出厂),流浪者匕首（★ StatTrak™） | 都市伪装,隐秘,崭新出厂,
流浪者匕首（★ StatTrak™） | 都市伪装 (久经沙场),流浪者匕首（★ StatTrak™） | 都市伪装,隐秘,久经沙场,1466.00
流浪者匕首（★ StatTrak™） | 都市伪装 (破损不堪),流浪者匕首（★ StatTrak™） | 都市伪装,隐秘,破损不堪,1454.00
流浪者匕首（★ StatTrak™） | 都市伪装 (战痕累累),流浪者匕首（★ StatTrak™） | 都市伪装,隐秘,战痕累累,1200.00
流浪者匕首（★ StatTrak™） | 都市伪装 (略有磨损),流浪者匕首（★ StatTrak™） | 都市伪装,隐秘,略有磨损,1840.00
MP9（StatTrak™） | 星使 (崭新出厂),MP9（StatTrak™） | 星使,隐秘,崭新出厂,539.66
MP9（StatTrak™） | 星使 (久经沙场),MP9（StatTrak™） | 星使,隐秘,久经沙场,73.16
MP9（StatTrak™） | 星使 (破损不堪),MP9（StatTrak™） | 星使,隐秘,破损不堪,122.25
MP9（StatTrak™） | 星使 (战痕累累),MP9（StatTrak™） | 星使,隐秘,战痕累累,48.00
MP9（StatTrak™） | 星使 (略有磨损),MP9（StatTrak™） | 星使,隐秘,略有磨损,197.00
P250（StatTrak™） | 死亡轮回 (崭新出厂),P250（StatTrak™） | 死亡轮回,保密,崭新出厂,197.10
P250（StatTrak™） | 死亡轮回 (久经沙场),P250（StatTrak™） | 死亡轮回,保密,久经沙场,70.00
P250（StatTrak™） | 死亡轮回 (破损不堪),P250（StatTrak™） | 死亡轮回,保密,破损不堪,100.00
P250（StatTrak™） | 死亡轮回 (战痕累累),P250（StatTrak™） | 死亡轮回,保密,战痕累累,
P250（StatTrak™） | 死亡轮回 (略有磨损),P250（StatTrak™） | 死亡轮回,保密,略有磨损,108.00
加利尔 AR（纪念品） | 隐蔽猎手 (崭新出厂),加利尔 AR（纪念品） | 隐蔽猎手,消费级,崭新出厂,10.88
加利尔 AR（纪念品） | 隐蔽猎手 (久经沙场),加利尔 AR（纪念品） | 隐蔽猎手,消费级,久经沙场,4.66
加利尔 AR（纪念品） | 隐蔽猎手 (破损不堪),加利尔 AR（纪念品） | 隐蔽猎手,消费级,破损不堪,6.48
加利尔 AR（纪念品） | 隐蔽猎手 (战痕累累),加利尔 AR（纪念品） | 隐蔽猎手,消费级,战痕累累,8.00
加利尔 AR（纪念品） | 隐蔽猎手 (略有磨损),加利尔 AR（纪念品） | 隐蔽猎手,消费级,略有磨损,8.19
专业手套（★） | 森林 DDPAT (崭新出厂),专业手套（★） | 森林 DDPAT,非凡,崭新出厂,5500.00
专业手套（★） | 森林 DDPAT (久经沙场),专业手套（★） | 森林 DDPAT,非凡,久经沙场,819.99
专业手套（★） | 森林 DDPAT (破损不堪),专业手套（★） | 森林 DDPAT,非凡,破损不堪,750.00
专业手套（★） | 森林 DDPAT (战痕累累),专业手套（★） | 森林 DDPAT,非凡,战痕累累,680.00
专业手套（★） | 森林 DDPAT (略有磨损),专业手套（★） | 森林 DDPAT,非凡,略有磨损,1797.20
弯刀（★ StatTrak™） | 传说 (崭新出厂),弯刀（★ StatTrak™） | 传说,隐秘,崭新出厂,4000.00
弯刀（★ StatTrak™） | 传说 (久经沙场),弯刀（★ StatTrak™） | 传说,隐秘,久经沙场,2200.00
弯刀（★ StatTrak™） | 传说 (破损不堪),弯刀（★ StatTrak™） | 传说,隐秘,破损不堪,1600.00
弯刀（★ StatTrak™） | 传说 (战痕累累),弯刀（★ StatTrak™） | 传说,隐秘,战痕累累,
弯刀（★ StatTrak™） | 传说 (略有磨损),弯刀（★ StatTrak™） | 传说,隐秘,略有磨损,1880.00
PP-野牛 | 外表生锈 (崭新出厂),PP-野牛 | 外表生锈,军规级,崭新出厂,299.00
PP-野牛 | 外表生锈 (久经沙场),PP-野牛 | 外表生锈,军规级,久经沙场,78.00
PP-野牛 | 外表生锈 (破损不堪),PP-野牛 | 外表生锈,军规级,破损不堪,
PP-野牛 | 外表生锈 (战痕累累),PP-野牛 | 外表生锈,军规级,战痕累累,150.00
PP-野牛 | 外表生锈 (略有磨损),PP-野牛 | 外表生锈,军规级,略有磨损,198.99
P250 | 二西莫夫 (久经沙场),P250 | 二西莫夫,保密,久经沙场,21.80
P250 | 二西莫夫 (破损不堪),P250 | 二西莫夫,保密,破损不堪,19.40
P250 | 二西莫夫 (战痕累累),P250 | 二西莫夫,保密,战痕累累,12.64
P250 | 二西莫夫 (略有磨损),P250 | 二西莫夫,保密,略有磨损,114.72
法玛斯（StatTrak™） | 幸存者 Z (崭新出厂),法玛斯（StatTrak™） | 幸存者 Z,军规级,崭新出厂,12.40
法玛斯（StatTrak™） | 幸存者 Z (久经沙场),法玛斯（StatTrak™） | 幸存者 Z,军规级,久经沙场,3.70
法玛斯（StatTrak™） | 幸存者 Z (破损不堪),法玛斯（StatTrak™） | 幸存者 Z,军规级,破损不堪,25.00
法玛斯（StatTrak™） | 幸存者 Z (战痕累累),法玛斯（StatTrak™） | 幸存者 Z,军规级,战痕累累,3.64
法玛斯（StatTrak™） | 幸存者 Z (略有磨损),法玛斯（StatTrak™） | 幸存者 Z,军规级,略有磨损,8.50
驾驶手套（★） | 超越 (崭新出厂),驾驶手套（★） | 超越,非凡,崭新出厂,
驾驶手套（★） | 超越 (久经沙场),驾驶手套（★） | 超越,非凡,久经沙场,761.97
驾驶手套（★） | 超越 (破损不堪),驾驶手套（★） | 超越,非凡,破损不堪,690.00
驾驶手套（★） | 超越 (战痕累累),驾驶手套（★） | 超越,非凡,战痕累累,535.00
驾驶手套（★） | 超越 (略有磨损),驾驶手套（★） | 超越,非凡,略有磨损,1954.00
刺刀（★ StatTrak™） | 狩猎网格 (崭新出厂),刺刀（★ StatTrak™） | 狩猎网格,隐秘,崭新出厂,
刺刀（★ StatTrak™） | 狩猎网格 (久经沙场),刺刀（★ StatTrak™） | 狩猎网格,隐秘,久经沙场,
刺刀（★ StatTrak™） | 狩猎网格 (破损不堪),刺刀（★ StatTrak™） | 狩猎网格,隐秘,破损不堪,
刺刀（★ StatTrak™） | 狩猎网格 (战痕累累),刺刀（★ StatTrak™） | 狩猎网格,隐秘,战痕累累,1770.00
刺刀（★ StatTrak™） | 狩猎网格 (略有磨损),刺刀（★ StatTrak™） | 狩猎网格,隐秘,略有磨损,1888.00
P90 | 沙漠战争 (崭新出厂),P90 | 沙漠战争,军规级,崭新出厂,24.00
P90 | 沙漠战争 (久经沙场),P90 | 沙漠战争,军规级,久经沙场,
P90 | 沙漠战争 (破损不堪),P90 | 沙漠战争,军规级,破损不堪,
P90 | 沙漠战争 (战痕累累),P90 | 沙漠战争,军规级,战痕累累,
P90 | 沙漠战争 (略有磨损),P90 | 沙漠战争,军规级,略有磨损,28.55
格洛克 18 型 | 地下水 (崭新出厂),格洛克 18 型 | 地下水,工业级,崭新出厂,498.55
格洛克 18 型 | 地下水 (久经沙场),格洛克 18 型 | 地下水,工业级,久经沙场,1500.00
格洛克 18 型 | 地下水 (破损不堪),格洛克 18 型 | 地下水,工业级,破损不堪,39.90
格洛克 18 型 | 地下水 (战痕累累),格洛克 18 型 | 地下水,工业级,战痕累累,
格洛克 18 型 | 地下水 (略有磨损),格洛克 18 型 | 地下水,工业级,略有磨损,50.00
G3SG1（StatTrak™） | 黑砂 (崭新出厂),G3SG1（StatTrak™） | 黑砂,军规级,崭新出厂,26.23
G3SG1（StatTrak™） | 黑砂 (久经沙场),G3SG1（StatTrak™） | 黑砂,军规级,久经沙场,4.11
G3SG1（StatTrak™） | 黑砂 (破损不堪),G3SG1（StatTrak™） | 黑砂,军规级,破损不堪,
G3SG1（StatTrak™） | 黑砂 (战痕累累),G3SG1（StatTrak™） | 黑砂,军规级,战痕累累,6.91
G3SG1（StatTrak™） | 黑砂 (略有磨损),G3SG1（StatTrak™） | 黑砂,军规级,略有磨损,8.41
血猎手套（★） | 焦炭 (崭新出厂),血猎手套（★） | 焦炭,非凡,崭新出厂,
血猎手套（★） | 焦炭 (久经沙场),血猎手套（★） | 焦炭,非凡,久经沙场,764.63
血猎手套（★） | 焦炭 (破损不堪),血猎手套（★） | 焦炭,非凡,破损不堪,780.00
血猎手套（★） | 焦炭 (战痕累累),血猎手套（★） | 焦炭,非凡,战痕累累,988.00
血猎手套（★） | 焦炭 (略有磨损),血猎手套（★） | 焦炭,非凡,略有磨损,1980.00
UMP-45（StatTrak™） | 野孩子 (崭新出厂),UMP-45（StatTrak™） | 野孩子,保密,崭新出厂,420.00
UMP-45（StatTrak™） | 野孩子 (久经沙场),UMP-45（StatTrak™） | 野孩子,保密,久经沙场,83.25
UMP-45（StatTrak™） | 野孩子 (破损不堪),UMP-45（StatTrak™） | 野孩子,保密,破损不堪,71.68
UMP-45（StatTrak™） | 野孩子 (战痕累累),UMP-45（StatTrak™） | 野孩子,保密,战痕累累,51.82
UMP-45（StatTrak™） | 野孩子 (略有磨损),UMP-45（StatTrak™） | 野孩子,保密,略有磨损,210.00
熊刀（★ StatTrak™） | 北方森林 (久经沙场),熊刀（★ StatTrak™） | 北方森林,隐秘,久经沙场,997.50
熊刀（★ StatTrak™） | 北方森林 (破损不堪),熊刀（★ StatTrak™） | 北方森林,隐秘,破损不堪,910.00
熊刀（★ StatTrak™） | 北方森林 (战痕累累),熊刀（★ StatTrak™） | 北方森林,隐秘,战痕累累,930.00
熊刀（★ StatTrak™） | 北方森林 (略有磨损),熊刀（★ StatTrak™） | 北方森林,隐秘,略有磨损,1122.00
格洛克 18 型 | 子弹皇后 (崭新出厂),格洛克 18 型 | 子弹皇后,隐秘,崭新出厂,352.00
格洛克 18 型 | 子弹皇后 (久经沙场),格洛克 18 型 | 子弹皇后,隐秘,久经沙场,56.06
格洛克 18 型 | 子弹皇后 (破损不堪),格洛克 18 型 | 子弹皇后,隐秘,破损不堪,40.37
格洛克 18 型 | 子弹皇后 (战痕累累),格洛克 18 型 | 子弹皇后,隐秘,战痕累累,38.00
格洛克 18 型 | 子弹皇后 (略有磨损),格洛克 18 型 | 子弹皇后,隐秘,略有磨损,105.76
弯刀（★） | 传说 (崭新出厂),弯刀（★） | 传说,隐秘,崭新出厂,2659.00
弯刀（★） | 传说 (久经沙场),弯刀（★） | 传说,隐秘,久经沙场,1518.70
弯刀（★） | 传说 (破损不堪),弯刀（★） | 传说,隐秘,破损不堪,
弯刀（★） | 传说 (战痕累累),弯刀（★） | 传说,隐秘,战痕累累,1235.00
弯刀（★） | 传说 (略有磨损),弯刀（★） | 传说,隐秘,略有磨损,1830.00
MAC-10 | 不可磨灭 (崭新出厂),MAC-10 | 不可磨灭,受限,崭新出厂,479.00
MAC-10 | 不可磨灭 (久经沙场),MAC-10 | 不可磨灭,受限,久经沙场,180.00
MAC-10 | 不可磨灭 (破损不堪),MAC-10 | 不可磨灭,受限,破损不堪,
MAC-10 | 不可磨灭 (战痕累累),MAC-10 | 不可磨灭,受限,战痕累累,
MAC-10 | 不可磨灭 (略有磨损),MAC-10 | 不可磨灭,受限,略有磨损,228.00
运动手套（★） | 青铜形态 (崭新出厂),运动手套（★） | 青铜形态,非凡,崭新出厂,10666.66
运动手套（★） | 青铜形态 (久经沙场),运动手套（★） | 青铜形态,非凡,久经沙场,1228.76
运动手套（★） | 青铜形态 (破损不堪),运动手套（★） | 青铜形态,非凡,破损不堪,1123.87
运动手套（★） | 青铜形态 (战痕累累),运动手套（★） | 青铜形态,非凡,战痕累累,942.77
运动手套（★） | 青铜形态 (略有磨损),运动手套（★） | 青铜形态,非凡,略有磨损,2447.17
P2000（StatTrak™） | 林间猎者 (崭新出厂),P2000（StatTrak™） | 林间猎者,受限,崭新出厂,419.96
P2000（StatTrak™） | 林间猎者 (久经沙场),P2000（StatTrak™） | 林间猎者,受限,久经沙场,111.00
P2000（StatTrak™） | 林间猎者 (破损不堪),P2000（StatTrak™） | 林间猎者,受限,破损不堪,
P2000（StatTrak™） | 林间猎者 (战痕累累),P2000（StatTrak™） | 林间猎者,受限,战痕累累,
P2000（StatTrak™） | 林间猎者 (略有磨损),P2000（StatTrak™） | 林间猎者,受限,略有磨损,118.51
SCAR-20（StatTrak™） | 权力之心 (崭新出厂),SCAR-20（StatTrak™） | 权力之心,受限,崭新出厂,27.60
SCAR-20（StatTrak™） | 权力之心 (久经沙场),SCAR-20（StatTrak™） | 权力之心,受限,久经沙场,4.33
SCAR-20（StatTrak™） | 权力之心 (破损不堪),SCAR-20（StatTrak™） | 权力之心,受限,破损不堪,4.82
SCAR-20（StatTrak™） | 权力之心 (战痕累累),SCAR-20（StatTrak™） | 权力之心,受限,战痕累累,4.95
SCAR-20（StatTrak™） | 权力之心 (略有磨损),SCAR-20（StatTrak™） | 权力之心,受限,略有磨损,8.49
MAC-10（纪念品） | 金砖 (崭新出厂),MAC-10（纪念品） | 金砖,受限,崭新出厂,498.50
MAC-10（纪念品） | 金砖 (久经沙场),MAC-10（纪念品） | 金砖,受限,久经沙场,95.00
MAC-10（纪念品） | 金砖 (破损不堪),MAC-10（纪念品） | 金砖,受限,破损不堪,
MAC-10（纪念品） | 金砖 (战痕累累),MAC-10（纪念品） | 金砖,受限,战痕累累,98.22
MAC-10（纪念品） | 金砖 (略有磨损),MAC-10（纪念品） | 金砖,受限,略有磨损,228.08
流浪者匕首（★） | 夜色 (崭新出厂),流浪者匕首（★） | 夜色,隐秘,崭新出厂,
流浪者匕首（★） | 夜色 (久经沙场),流浪者匕首（★） | 夜色,隐秘,久经沙场,1527.38
流浪者匕首（★） | 夜色 (破损不堪),流浪者匕首（★） | 夜色,隐秘,破损不堪,1377.77
流浪者匕首（★） | 夜色 (战痕累累),流浪者匕首（★） | 夜色,隐秘,战痕累累,1235.00
流浪者匕首（★） | 夜色 (略有磨损),流浪者匕首（★） | 夜色,隐秘,略有磨损,1976.00
驾驶手套（★） | 菱背蛇纹 (崭新出厂),驾驶手套（★） | 菱背蛇纹,非凡,崭新出厂,18888.00
驾驶手套（★） | 菱背蛇纹 (久经沙场),驾驶手套（★） | 菱背蛇纹,非凡,久经沙场,1127.86
驾驶手套（★） | 菱背蛇纹 (破损不堪),驾驶手套（★） | 菱背蛇纹,非凡,破损不堪,867.00
驾驶手套（★） | 菱背蛇纹 (战痕累累),驾驶手套（★） | 菱背蛇纹,非凡,战痕累累,606.66
驾驶手套（★） | 菱背蛇纹 (略有磨损),驾驶手套（★） | 菱背蛇纹,非凡,略有磨损,2449.00
FN57（StatTrak™） | 怒氓 (崭新出厂),FN57（StatTrak™） | 怒氓,隐秘,崭新出厂,288.00
FN57（StatTrak™） | 怒氓 (久经沙场),FN57（StatTrak™） | 怒氓,隐秘,久经沙场,70.00
FN57（StatTrak™） | 怒氓 (破损不堪),FN57（StatTrak™） | 怒氓,隐秘,破损不堪,
FN57（StatTrak™） | 怒氓 (战痕累累),FN57（StatTrak™） | 怒氓,隐秘,战痕累累,99.88
FN57（StatTrak™） | 怒氓 (略有磨损),FN57（StatTrak™） | 怒氓,隐秘,略有磨损,114.99
SSG 08 | 手刹 (崭新出厂),SSG 08 | 手刹,军规级,崭新出厂,14.79
SSG 08 | 手刹 (久经沙场),SSG 08 | 手刹,军规级,久经沙场,7.08
SSG 08 | 手刹 (破损不堪),SSG 08 | 手刹,军规级,破损不堪,6.51
SSG 08 | 手刹 (战痕累累),SSG 08 | 手刹,军规级,战痕累累,4.51
SSG 08 | 手刹 (略有磨损),SSG 08 | 手刹,军规级,略有磨损,8.56
MAC-10 | 渐变之色 (崭新出厂),MAC-10 | 渐变之色,军规级,崭新出厂,222.89
MAC-10 | 渐变之色 (略有磨损),MAC-10 | 渐变之色,军规级,略有磨损,268.00
穿肠刀（★ StatTrak™） | 深红之网 (崭新出厂),穿肠刀（★ StatTrak™） | 深红之网,隐秘,崭新出厂,
穿肠刀（★ StatTrak™） | 深红之网 (久经沙场),穿肠刀（★ StatTrak™） | 深红之网,隐秘,久经沙场,1199.00
穿肠刀（★ StatTrak™） | 深红之网 (破损不堪),穿肠刀（★ StatTrak™） | 深红之网,隐秘,破损不堪,
穿肠刀（★ StatTrak™） | 深红之网 (战痕累累),穿肠刀（★ StatTrak™） | 深红之网,隐秘,战痕累累,
穿肠刀（★ StatTrak™） | 深红之网 (略有磨损),穿肠刀（★ StatTrak™） | 深红之网,隐秘,略有磨损,
AWP | 火卫一 (崭新出厂),AWP | 火卫一,受限,崭新出厂,12.23
AWP | 火卫一 (久经沙场),AWP | 火卫一,受限,久经沙场,6.72
AWP | 火卫一 (破损不堪),AWP | 火卫一,受限,破损不堪,90.00
AWP | 火卫一 (略有磨损),AWP | 火卫一,受限,略有磨损,7.42
P90（纪念品） | 豹走 (崭新出厂),P90（纪念品） | 豹走,保密,崭新出厂,
P90（纪念品） | 豹走 (久经沙场),P90（纪念品） | 豹走,保密,久经沙场,130.00
P90（纪念品） | 豹走 (破损不堪),P90（纪念品） | 豹走,保密,破损不堪,149.20
P90（纪念品） | 豹走 (战痕累累),P90（纪念品） | 豹走,保密,战痕累累,120.00
P90（纪念品） | 豹走 (略有磨损),P90（纪念品） | 豹走,保密,略有磨损,388.00
求生匕首（★ StatTrak™） | 森林 DDPAT (崭新出厂),求生匕首（★ StatTrak™） | 森林 DDPAT,隐秘,崭新出厂,
求生匕首（★ StatTrak™） | 森林 DDPAT (久经沙场),求生匕首（★ StatTrak™） | 森林 DDPAT,隐秘,久经沙场,900.00
求生匕首（★ StatTrak™） | 森林 DDPAT (破损不堪),求生匕首（★ StatTrak™） | 森林 DDPAT,隐秘,破损不堪,
求生匕首（★ StatTrak™） | 森林 DDPAT (战痕累累),求生匕首（★ StatTrak™） | 森林 DDPAT,隐秘,战痕累累,
求生匕首（★ StatTrak™） | 森林 DDPAT (略有磨损),求生匕首（★ StatTrak™） | 森林 DDPAT,隐秘,略有磨损,1900.00
裹手（★） | 皮革 (崭新出厂),裹手（★） | 皮革,非凡,崭新出厂,
裹手（★） | 皮革 (久经沙场),裹手（★） | 皮革,非凡,久经沙场,1249.99
裹手（★） | 皮革 (破损不堪),裹手（★） | 皮革,非凡,破损不堪,1080.00
裹手（★） | 皮革 (战痕累累),裹手（★） | 皮革,非凡,战痕累累,924.61
裹手（★） | 皮革 (略有磨损),裹手（★） | 皮革,非凡,略有磨损,2510.07
沙漠之鹰 | 午夜风暴 (崭新出厂),沙漠之鹰 | 午夜风暴,工业级,崭新出厂,171.78
沙漠之鹰 | 午夜风暴 (久经沙场),沙漠之鹰 | 午夜风暴,工业级,久经沙场,121.80
沙漠之鹰 | 午夜风暴 (破损不堪),沙漠之鹰 | 午夜风暴,工业级,破损不堪,118.74
沙漠之鹰 | 午夜风暴 (战痕累累),沙漠之鹰 | 午夜风暴,工业级,战痕累累,118.00
沙漠之鹰 | 午夜风暴 (略有磨损),沙漠之鹰 | 午夜风暴,工业级,略有磨损,124.82
MP7 | 死亡骷髅 (久经沙场),MP7 | 死亡骷髅,军规级,久经沙场,130.00
MP7 | 死亡骷髅 (略有磨损),MP7 | 死亡骷髅,军规级,略有磨损,160.00
M4A4（纪念品） | 主机 (崭新出厂),M4A4（纪念品） | 主机,工业级,崭新出厂,15.90
M4A4（纪念品） | 主机 (久经沙场),M4A4（纪念品） | 主机,工业级,久经沙场,6.15
M4A4（纪念品） | 主机 (破损不堪),M4A4（纪念品） | 主机,工业级,破损不堪,18.88
M4A4（纪念品） | 主机 (战痕累累),M4A4（纪念品） | 主机,工业级,战痕累累,13.28
M4A4（纪念品） | 主机 (略有磨损),M4A4（纪念品） | 主机,工业级,略有磨损,8.99
PP-野牛（纪念品） | 沙漠虚线 (久经沙场),PP-野牛（纪念品） | 沙漠虚线,消费级,久经沙场,66.00
PP-野牛（纪念品） | 沙漠虚线 (破损不堪),PP-野牛（纪念品） | 沙漠虚线,消费级,破损不堪,
PP-野牛（纪念品） | 沙漠虚线 (战痕累累),PP-野牛（纪念品） | 沙漠虚线,消费级,战痕累累,
PP-野牛（纪念品） | 沙漠虚线 (略有磨损),PP-野牛（纪念品） | 沙漠虚线,消费级,略有磨损,
狂牙手套（★） | 翡翠 (崭新出厂),狂牙手套（★） | 翡翠,非凡,崭新出厂,
狂牙手套（★） | 翡翠 (久经沙场),狂牙手套（★） | 翡翠,非凡,久经沙场,849.16
狂牙手套（★） | 翡翠 (破损不堪),狂牙手套（★） | 翡翠,非凡,破损不堪,910.00
狂牙手套（★） | 翡翠 (战痕累累),狂牙手套（★） | 翡翠,非凡,战痕累累,649.90
狂牙手套（★） | 翡翠 (略有磨损),狂牙手套（★） | 翡翠,非凡,略有磨损,2600.00
P2000（纪念品） | 渐变琥珀 (崭新出厂),P2000（纪念品） | 渐变琥珀,受限,崭新出厂,285.00
P2000（纪念品） | 渐变琥珀 (久经沙场),P2000（纪念品） | 渐变琥珀,受限,久经沙场,120.00
P2000（纪念品） | 渐变琥珀 (破损不堪),P2000（纪念品） | 渐变琥珀,受限,破损不堪,
P2000（纪念品） | 渐变琥珀 (略有磨损),P2000（纪念品） | 渐变琥珀,受限,略有磨损,124.00
暗影双匕（★） | 渐变大理石 (崭新出厂),暗影双匕（★） | 渐变大理石,隐秘,崭新出厂,1600.18
暗影双匕（★） | 渐变大理石 (略有磨损),暗影双匕（★） | 渐变大理石,隐秘,略有磨损,1924.00
SG 553（StatTrak™） | 三巨头 (崭新出厂),SG 553（StatTrak™） | 三巨头,受限,崭新出厂,31.39
SG 553（StatTrak™） | 三巨头 (久经沙场),SG 553（StatTrak™） | 三巨头,受限,久经沙场,4.15
SG 553（StatTrak™） | 三巨头 (破损不堪),SG 553（StatTrak™） | 三巨头,受限,破损不堪,4.00
SG 553（StatTrak™） | 三巨头 (战痕累累),SG 553（StatTrak™） | 三巨头,受限,战痕累累,3.06
SG 553（StatTrak™） | 三巨头 (略有磨损),SG 553（StatTrak™） | 三巨头,受限,略有磨损,8.70
MAC-10 | 金砖 (崭新出厂),MAC-10 | 金砖,受限,崭新出厂,457.58
MAC-10 | 金砖 (久经沙场),MAC-10 | 金砖,受限,久经沙场,253.47
MAC-10 | 金砖 (破损不堪),MAC-10 | 金砖,受限,破损不堪,
MAC-10 | 金砖 (战痕累累),MAC-10 | 金砖,受限,战痕累累,
MAC-10 | 金砖 (略有磨损),MAC-10 | 金砖,受限,略有磨损,340.00
CZ75（StatTrak™） | 黄夹克 (崭新出厂),CZ75（StatTrak™） | 黄夹克,保密,崭新出厂,450.00
CZ75（StatTrak™） | 黄夹克 (久经沙场),CZ75（StatTrak™） | 黄夹克,保密,久经沙场,87.30
CZ75（StatTrak™） | 黄夹克 (破损不堪),CZ75（StatTrak™） | 黄夹克,保密,破损不堪,
CZ75（StatTrak™） | 黄夹克 (战痕累累),CZ75（StatTrak™） | 黄夹克,保密,战痕累累,59.00
CZ75（StatTrak™） | 黄夹克 (略有磨损),CZ75（StatTrak™） | 黄夹克,保密,略有磨损,133.00
折叠刀（★） | 澄澈之水 (崭新出厂),折叠刀（★） | 澄澈之水,隐秘,崭新出厂,2190.00
折叠刀（★） | 澄澈之水 (久经沙场),折叠刀（★） | 澄澈之水,隐秘,久经沙场,1748.28
折叠刀（★） | 澄澈之水 (破损不堪),折叠刀（★） | 澄澈之水,隐秘,破损不堪,1620.00
折叠刀（★） | 澄澈之水 (战痕累累),折叠刀（★） | 澄澈之水,隐秘,战痕累累,1544.90
折叠刀（★） | 澄澈之水 (略有磨损),折叠刀（★） | 澄澈之水,隐秘,略有磨损,1891.46
SG 553 | 辐射警告 (崭新出厂),SG 553 | 辐射警告,工业级,崭新出厂,13.50
SG 553 | 辐射警告 (久经沙场),SG 553 | 辐射警告,工业级,久经沙场,13.25
SG 553 | 辐射警告 (破损不堪),SG 553 | 辐射警告,工业级,破损不堪,
SG 553 | 辐射警告 (战痕累累),SG 553 | 辐射警告,工业级,战痕累累,37.52
SG 553 | 辐射警告 (略有磨损),SG 553 | 辐射警告,工业级,略有磨损,10.81
熊刀（★） | 表面淬火 (崭新出厂),熊刀（★） | 表面淬火,隐秘,崭新出厂,2900.00
熊刀（★） | 表面淬火 (久经沙场),熊刀（★） | 表面淬火,隐秘,久经沙场,1584.40
熊刀（★） | 表面淬火 (破损不堪),熊刀（★） | 表面淬火,隐秘,破损不堪,1576.42
熊刀（★） | 表面淬火 (战痕累累),熊刀（★） | 表面淬火,隐秘,战痕累累,1430.00
熊刀（★） | 表面淬火 (略有磨损),熊刀（★） | 表面淬火,隐秘,略有磨损,1979.90
摩托手套（★） | 多边形 (崭新出厂),摩托手套（★） | 多边形,非凡,崭新出厂,9776.00
摩托手套（★） | 多边形 (久经沙场),摩托手套（★） | 多边形,非凡,久经沙场,1419.07
摩托手套（★） | 多边形 (破损不堪),摩托手套（★） | 多边形,非凡,破损不堪,1280.00
摩托手套（★） | 多边形 (战痕累累),摩托手套（★） | 多边形,非凡,战痕累累,1005.94
摩托手套（★） | 多边形 (略有磨损),摩托手套（★） | 多边形,非凡,略有磨损,2745.00
PP-野牛 | 现代猎手 (崭新出厂),PP-野牛 | 现代猎手,军规级,崭新出厂,
PP-野牛 | 现代猎手 (久经沙场),PP-野牛 | 现代猎手,军规级,久经沙场,
PP-野牛 | 现代猎手 (破损不堪),PP-野牛 | 现代猎手,军规级,破损不堪,
PP-野牛 | 现代猎手 (战痕累累),PP-野牛 | 现代猎手,军规级,战痕累累,
PP-野牛 | 现代猎手 (略有磨损),PP-野牛 | 现代猎手,军规级,略有磨损,358.78
P250 | 曼海蒂 (崭新出厂),P250 | 曼海蒂,保密,崭新出厂,185.00
P250 | 曼海蒂 (久经沙场),P250 | 曼海蒂,保密,久经沙场,100.00
P250 | 曼海蒂 (破损不堪),P250 | 曼海蒂,保密,破损不堪,93.97
P250 | 曼海蒂 (战痕累累),P250 | 曼海蒂,保密,战痕累累,181.15
P250 | 曼海蒂 (略有磨损),P250 | 曼海蒂,保密,略有磨损,114.92
G3SG1（StatTrak™） | 毒刺 (崭新出厂),G3SG1（StatTrak™） | 毒刺,受限,崭新出厂,23.70
G3SG1（StatTrak™） | 毒刺 (久经沙场),G3SG1（StatTrak™） | 毒刺,受限,久经沙场,4.13
G3SG1（StatTrak™） | 毒刺 (破损不堪),G3SG1（StatTrak™） | 毒刺,受限,破损不堪,6.84
G3SG1（StatTrak™） | 毒刺 (战痕累累),G3SG1（StatTrak™） | 毒刺,受限,战痕累累,4.68
G3SG1（StatTrak™） | 毒刺 (略有磨损),G3SG1（StatTrak™） | 毒刺,受限,略有磨损,9.49
刺刀（★） | 枯焦之色 (崭新出厂),刺刀（★） | 枯焦之色,隐秘,崭新出厂,
刺刀（★） | 枯焦之色 (久经沙场),刺刀（★） | 枯焦之色,隐秘,久经沙场,1703.41
刺刀（★） | 枯焦之色 (破损不堪),刺刀（★） | 枯焦之色,隐秘,破损不堪,1750.00
刺刀（★） | 枯焦之色 (战痕累累),刺刀（★） | 枯焦之色,隐秘,战痕累累,1699.00
刺刀（★） | 枯焦之色 (略有磨损),刺刀（★） | 枯焦之色,隐秘,略有磨损,2193.99
刺刀（★） | 森林 DDPAT (崭新出厂),刺刀（★） | 森林 DDPAT,隐秘,崭新出厂,
刺刀（★） | 森林 DDPAT (久经沙场),刺刀（★） | 森林 DDPAT,隐秘,久经沙场,1700.00
刺刀（★） | 森林 DDPAT (破损不堪),刺刀（★） | 森林 DDPAT,隐秘,破损不堪,1699.00
刺刀（★） | 森林 DDPAT (战痕累累),刺刀（★） | 森林 DDPAT,隐秘,战痕累累,1720.00
刺刀（★） | 森林 DDPAT (略有磨损),刺刀（★） | 森林 DDPAT,隐秘,略有磨损,1950.00
P2000 | 变态杀戮 (崭新出厂),P2000 | 变态杀戮,保密,崭新出厂,219.80
P2000 | 变态杀戮 (久经沙场),P2000 | 变态杀戮,保密,久经沙场,50.19
P2000 | 变态杀戮 (破损不堪),P2000 | 变态杀戮,保密,破损不堪,39.99
P2000 | 变态杀戮 (战痕累累),P2000 | 变态杀戮,保密,战痕累累,28.81
P2000 | 变态杀戮 (略有磨损),P2000 | 变态杀戮,保密,略有磨损,115.50
G3SG1（StatTrak™） | 血腥迷彩 (崭新出厂),G3SG1（StatTrak™） | 血腥迷彩,军规级,崭新出厂,14.30
G3SG1（StatTrak™） | 血腥迷彩 (久经沙场),G3SG1（StatTrak™） | 血腥迷彩,军规级,久经沙场,3.44
G3SG1（StatTrak™） | 血腥迷彩 (破损不堪),G3SG1（StatTrak™） | 血腥迷彩,军规级,破损不堪,2.67
G3SG1（StatTrak™） | 血腥迷彩 (战痕累累),G3SG1（StatTrak™） | 血腥迷彩,军规级,战痕累累,2.11
G3SG1（StatTrak™） | 血腥迷彩 (略有磨损),G3SG1（StatTrak™） | 血腥迷彩,军规级,略有磨损,9.10
P90 | 喵之萌杀 (久经沙场),P90 | 喵之萌杀,隐秘,久经沙场,203.00
P90 | 喵之萌杀 (略有磨损),P90 | 喵之萌杀,隐秘,略有磨损,363.52
摩托手套（★） | *嘣！* (崭新出厂),摩托手套（★） | *嘣！*,非凡,崭新出厂,12000.00
摩托手套（★） | *嘣！* (久经沙场),摩托手套（★） | *嘣！*,非凡,久经沙场,1228.88
摩托手套（★） | *嘣！* (破损不堪),摩托手套（★） | *嘣！*,非凡,破损不堪,1030.00
摩托手套（★） | *嘣！* (战痕累累),摩托手套（★） | *嘣！*,非凡,战痕累累,651.50
摩托手套（★） | *嘣！* (略有磨损),摩托手套（★） | *嘣！*,非凡,略有磨损,2945.87
熊刀（★ StatTrak™） | 表面淬火 (崭新出厂),熊刀（★ StatTrak™） | 表面淬火,隐秘,崭新出厂,
熊刀（★ StatTrak™） | 表面淬火 (久经沙场),熊刀（★ StatTrak™） | 表面淬火,隐秘,久经沙场,2020.00
熊刀（★ StatTrak™） | 表面淬火 (破损不堪),熊刀（★ StatTrak™） | 表面淬火,隐秘,破损不堪,1500.00
熊刀（★ StatTrak™） | 表面淬火 (战痕累累),熊刀（★ StatTrak™） | 表面淬火,隐秘,战痕累累,1399.00
熊刀（★ StatTrak™） | 表面淬火 (略有磨损),熊刀（★ StatTrak™） | 表面淬火,隐秘,略有磨损,1976.97
P250 | 日式深红涂装 (崭新出厂),P250 | 日式深红涂装,工业级,崭新出厂,154.98
P250 | 日式深红涂装 (久经沙场),P250 | 日式深红涂装,工业级,久经沙场,122.88
P250 | 日式深红涂装 (破损不堪),P250 | 日式深红涂装,工业级,破损不堪,122.00
P250 | 日式深红涂装 (战痕累累),P250 | 日式深红涂装,工业级,战痕累累,270.00
P250 | 日式深红涂装 (略有磨损),P250 | 日式深红涂装,工业级,略有磨损,135.00
法玛斯 | 神经网 (崭新出厂),法玛斯 | 神经网,受限,崭新出厂,14.66
法玛斯 | 神经网 (久经沙场),法玛斯 | 神经网,受限,久经沙场,4.78
法玛斯 | 神经网 (破损不堪),法玛斯 | 神经网,受限,破损不堪,6.80
法玛斯 | 神经网 (战痕累累),法玛斯 | 神经网,受限,战痕累累,5.43
法玛斯 | 神经网 (略有磨损),法玛斯 | 神经网,受限,略有磨损,8.15
MP9（纪念品） | 赤红新星 (崭新出厂),MP9（纪念品） | 赤红新星,军规级,崭新出厂,420.00
MP9（纪念品） | 赤红新星 (略有磨损),MP9（纪念品） | 赤红新星,军规级,略有磨损,399.50
驾驶手套（★） | 月色织物 (崭新出厂),驾驶手套（★） | 月色织物,非凡,崭新出厂,8888.00
驾驶手套（★） | 月色织物 (久经沙场),驾驶手套（★） | 月色织物,非凡,久经沙场,1125.87
驾驶手套（★） | 月色织物 (破损不堪),驾驶手套（★） | 月色织物,非凡,破损不堪,944.61
驾驶手套（★） | 月色织物 (战痕累累),驾驶手套（★） | 月色织物,非凡,战痕累累,600.00
驾驶手套（★） | 月色织物 (略有磨损),驾驶手套（★） | 月色织物,非凡,略有磨损,2700.00
求生匕首（★） | 表面淬火 (崭新出厂),求生匕首（★） | 表面淬火,隐秘,崭新出厂,3800.00
求生匕首（★） | 表面淬火 (久经沙场),求生匕首（★） | 表面淬火,隐秘,久经沙场,1600.00
求生匕首（★） | 表面淬火 (破损不堪),求生匕首（★） | 表面淬火,隐秘,破损不堪,1520.00
求生匕首（★） | 表面淬火 (战痕累累),求生匕首（★） | 表面淬火,隐秘,战痕累累,1250.00
求生匕首（★） | 表面淬火 (略有磨损),求生匕首（★） | 表面淬火,隐秘,略有磨损,2250.00
P250 | 银装素裹 (崭新出厂),P250 | 银装素裹,军规级,崭新出厂,729.99
P250 | 银装素裹 (久经沙场),P250 | 银装素裹,军规级,久经沙场,139.22
P250 | 银装素裹 (破损不堪),P250 | 银装素裹,军规级,破损不堪,388.00
P250 | 银装素裹 (战痕累累),P250 | 银装素裹,军规级,战痕累累,
P250 | 银装素裹 (略有磨损),P250 | 银装素裹,军规级,略有磨损,145.42
摩托手套（★） | 日蚀 (崭新出厂),摩托手套（★） | 日蚀,非凡,崭新出厂,11000.00
摩托手套（★） | 日蚀 (久经沙场),摩托手套（★） | 日蚀,非凡,久经沙场,1167.96
摩托手套（★） | 日蚀 (破损不堪),摩托手套（★） | 日蚀,非凡,破损不堪,960.00
摩托手套（★） | 日蚀 (战痕累累),摩托手套（★） | 日蚀,非凡,战痕累累,616.00
摩托手套（★） | 日蚀 (略有磨损),摩托手套（★） | 日蚀,非凡,略有磨损,3010.00
短剑（★） | 都市伪装 (崭新出厂),短剑（★） | 都市伪装,隐秘,崭新出厂,3100.00
短剑（★） | 都市伪装 (久经沙场),短剑（★） | 都市伪装,隐秘,久经沙场,1619.86
短剑（★） | 都市伪装 (破损不堪),短剑（★） | 都市伪装,隐秘,破损不堪,1580.00
短剑（★） | 都市伪装 (战痕累累),短剑（★） | 都市伪装,隐秘,战痕累累,1396.60
短剑（★） | 都市伪装 (略有磨损),短剑（★） | 都市伪装,隐秘,略有磨损,1985.01
P90（StatTrak™） | 二西莫夫 (崭新出厂),P90（StatTrak™） | 二西莫夫,隐秘,崭新出厂,1103.67
P90（StatTrak™） | 二西莫夫 (久经沙场),P90（StatTrak™） | 二西莫夫,隐秘,久经沙场,179.10
P90（StatTrak™） | 二西莫夫 (破损不堪),P90（StatTrak™） | 二西莫夫,隐秘,破损不堪,120.00
P90（StatTrak™） | 二西莫夫 (战痕累累),P90（StatTrak™） | 二西莫夫,隐秘,战痕累累,108.80
P90（StatTrak™） | 二西莫夫 (略有磨损),P90（StatTrak™） | 二西莫夫,隐秘,略有磨损,398.66
摩托手套（★） | 玳瑁 (崭新出厂),摩托手套（★） | 玳瑁,非凡,崭新出厂,
摩托手套（★） | 玳瑁 (久经沙场),摩托手套（★） | 玳瑁,非凡,久经沙场,1278.16
摩托手套（★） | 玳瑁 (破损不堪),摩托手套（★） | 玳瑁,非凡,破损不堪,1135.00
摩托手套（★） | 玳瑁 (战痕累累),摩托手套（★） | 玳瑁,非凡,战痕累累,779.43
摩托手套（★） | 玳瑁 (略有磨损),摩托手套（★） | 玳瑁,非凡,略有磨损,3022.00
沙漠之鹰 | 大佬龙 (崭新出厂),沙漠之鹰 | 大佬龙,保密,崭新出厂,224.95
沙漠之鹰 | 大佬龙 (久经沙场),沙漠之鹰 | 大佬龙,保密,久经沙场,95.65
沙漠之鹰 | 大佬龙 (破损不堪),沙漠之鹰 | 大佬龙,保密,破损不堪,96.83
沙漠之鹰 | 大佬龙 (战痕累累),沙漠之鹰 | 大佬龙,保密,战痕累累,89.39
沙漠之鹰 | 大佬龙 (略有磨损),沙漠之鹰 | 大佬龙,保密,略有磨损,130.76
SG 553 | 豹灯蛾 (崭新出厂),SG 553 | 豹灯蛾,受限,崭新出厂,14.54
SG 553 | 豹灯蛾 (久经沙场),SG 553 | 豹灯蛾,受限,久经沙场,4.54
SG 553 | 豹灯蛾 (破损不堪),SG 553 | 豹灯蛾,受限,破损不堪,4.84
SG 553 | 豹灯蛾 (战痕累累),SG 553 | 豹灯蛾,受限,战痕累累,3.85
SG 553 | 豹灯蛾 (略有磨损),SG 553 | 豹灯蛾,受限,略有磨损,8.98
AUG | 穆拉诺之蓝 (崭新出厂),AUG | 穆拉诺之蓝,消费级,崭新出厂,21.57
AUG | 穆拉诺之蓝 (久经沙场),AUG | 穆拉诺之蓝,消费级,久经沙场,7.17
AUG | 穆拉诺之蓝 (破损不堪),AUG | 穆拉诺之蓝,消费级,破损不堪,5.34
AUG | 穆拉诺之蓝 (战痕累累),AUG | 穆拉诺之蓝,消费级,战痕累累,5.17
AUG | 穆拉诺之蓝 (略有磨损),AUG | 穆拉诺之蓝,消费级,略有磨损,9.19
P250 | 狂野飞溅 (崭新出厂),P250 | 狂野飞溅,受限,崭新出厂,440.00
P250 | 狂野飞溅 (久经沙场),P250 | 狂野飞溅,受限,久经沙场,399.99
P250 | 狂野飞溅 (略有磨损),P250 | 狂野飞溅,受限,略有磨损,135.00
裹手（★） | 警告！ (崭新出厂),裹手（★） | 警告！,非凡,崭新出厂,11674.61
裹手（★） | 警告！ (久经沙场),裹手（★） | 警告！,非凡,久经沙场,1802.90
裹手（★） | 警告！ (破损不堪),裹手（★） | 警告！,非凡,破损不堪,1568.88
裹手（★） | 警告！ (战痕累累),裹手（★） | 警告！,非凡,战痕累累,1247.75
裹手（★） | 警告！ (略有磨损),裹手（★） | 警告！,非凡,略有磨损,3530.00
求生匕首（★ StatTrak™） | 表面淬火 (崭新出厂),求生匕首（★ StatTrak™） | 表面淬火,隐秘,崭新出厂,2999.00
求生匕首（★ StatTrak™） | 表面淬火 (久经沙场),求生匕首（★ StatTrak™） | 表面淬火,隐秘,久经沙场,
求生匕首（★ StatTrak™） | 表面淬火 (破损不堪),求生匕首（★ StatTrak™） | 表面淬火,隐秘,破损不堪,
求生匕首（★ StatTrak™） | 表面淬火 (战痕累累),求生匕首（★ StatTrak™） | 表面淬火,隐秘,战痕累累,
求生匕首（★ StatTrak™） | 表面淬火 (略有磨损),求生匕首（★ StatTrak™） | 表面淬火,隐秘,略有磨损,1950.00
加利尔 AR | 深红海啸 (崭新出厂),加利尔 AR | 深红海啸,受限,崭新出厂,15.15
加利尔 AR | 深红海啸 (久经沙场),加利尔 AR | 深红海啸,受限,久经沙场,7.70
加利尔 AR | 深红海啸 (破损不堪),加利尔 AR | 深红海啸,受限,破损不堪,8.58
加利尔 AR | 深红海啸 (战痕累累),加利尔 AR | 深红海啸,受限,战痕累累,11.00
加利尔 AR | 深红海啸 (略有磨损),加利尔 AR | 深红海啸,受限,略有磨损,9.54
UMP-45 | 犯罪现场 (崭新出厂),UMP-45 | 犯罪现场,受限,崭新出厂,470.00
UMP-45 | 犯罪现场 (久经沙场),UMP-45 | 犯罪现场,受限,久经沙场,535.00
UMP-45 | 犯罪现场 (破损不堪),UMP-45 | 犯罪现场,受限,破损不堪,549.00
UMP-45 | 犯罪现场 (战痕累累),UMP-45 | 犯罪现场,受限,战痕累累,498.50
UMP-45 | 犯罪现场 (略有磨损),UMP-45 | 犯罪现场,受限,略有磨损,432.00
短剑（★） | 夜色 (崭新出厂),短剑（★） | 夜色,隐秘,崭新出厂,4000.00
短剑（★） | 夜色 (久经沙场),短剑（★） | 夜色,隐秘,久经沙场,1606.98
短剑（★） | 夜色 (破损不堪),短剑（★） | 夜色,隐秘,破损不堪,1560.00
短剑（★） | 夜色 (战痕累累),短剑（★） | 夜色,隐秘,战痕累累,1446.66
短剑（★） | 夜色 (略有磨损),短剑（★） | 夜色,隐秘,略有磨损,2049.95
P250（纪念品） | 数字架构师 (崭新出厂),P250（纪念品） | 数字架构师,受限,崭新出厂,371.11
P250（纪念品） | 数字架构师 (久经沙场),P250（纪念品） | 数字架构师,受限,久经沙场,87.87
P250（纪念品） | 数字架构师 (破损不堪),P250（纪念品） | 数字架构师,受限,破损不堪,60.00
P250（纪念品） | 数字架构师 (战痕累累),P250（纪念品） | 数字架构师,受限,战痕累累,189.90
P250（纪念品） | 数字架构师 (略有磨损),P250（纪念品） | 数字架构师,受限,略有磨损,99.00
摩托手套（★） | 终点线 (崭新出厂),摩托手套（★） | 终点线,非凡,崭新出厂,10488.00
摩托手套（★） | 终点线 (久经沙场),摩托手套（★） | 终点线,非凡,久经沙场,1357.04
摩托手套（★） | 终点线 (破损不堪),摩托手套（★） | 终点线,非凡,破损不堪,1100.00
摩托手套（★） | 终点线 (战痕累累),摩托手套（★） | 终点线,非凡,战痕累累,635.00
摩托手套（★） | 终点线 (略有磨损),摩托手套（★） | 终点线,非凡,略有磨损,3400.00
法玛斯 | 加州迷彩 (崭新出厂),法玛斯 | 加州迷彩,工业级,崭新出厂,12.90
法玛斯 | 加州迷彩 (久经沙场),法玛斯 | 加州迷彩,工业级,久经沙场,9.76
法玛斯 | 加州迷彩 (破损不堪),法玛斯 | 加州迷彩,工业级,破损不堪,28.81
法玛斯 | 加州迷彩 (战痕累累),法玛斯 | 加州迷彩,工业级,战痕累累,15.00
法玛斯 | 加州迷彩 (略有磨损),法玛斯 | 加州迷彩,工业级,略有磨损,9.98
MAC-10（StatTrak™） | 潜行者 (崭新出厂),MAC-10（StatTrak™） | 潜行者,隐秘,崭新出厂,1530.00
MAC-10（StatTrak™） | 潜行者 (久经沙场),MAC-10（StatTrak™） | 潜行者,隐秘,久经沙场,326.18
MAC-10（StatTrak™） | 潜行者 (破损不堪),MAC-10（StatTrak™） | 潜行者,隐秘,破损不堪,
MAC-10（StatTrak™） | 潜行者 (战痕累累),MAC-10（StatTrak™） | 潜行者,隐秘,战痕累累,
MAC-10（StatTrak™） | 潜行者 (略有磨损),MAC-10（StatTrak™） | 潜行者,隐秘,略有磨损,480.00
P2000 | 火灵 (崭新出厂),P2000 | 火灵,隐秘,崭新出厂,158.00
P2000 | 火灵 (久经沙场),P2000 | 火灵,隐秘,久经沙场,53.66
P2000 | 火灵 (破损不堪),P2000 | 火灵,隐秘,破损不堪,
P2000 | 火灵 (战痕累累),P2000 | 火灵,隐秘,战痕累累,
P2000 | 火灵 (略有磨损),P2000 | 火灵,隐秘,略有磨损,66.80
穿肠刀（★ StatTrak™） | 传说 (崭新出厂),穿肠刀（★ StatTrak™） | 传说,隐秘,崭新出厂,14500.00
穿肠刀（★ StatTrak™） | 传说 (久经沙场),穿肠刀（★ StatTrak™） | 传说,隐秘,久经沙场,3333.00
穿肠刀（★ StatTrak™） | 传说 (破损不堪),穿肠刀（★ StatTrak™） | 传说,隐秘,破损不堪,
穿肠刀（★ StatTrak™） | 传说 (战痕累累),穿肠刀（★ StatTrak™） | 传说,隐秘,战痕累累,
穿肠刀（★ StatTrak™） | 传说 (略有磨损),穿肠刀（★ StatTrak™） | 传说,隐秘,略有磨损,1997.00
裹手（★） | 套印 (崭新出厂),裹手（★） | 套印,非凡,崭新出厂,8840.00
裹手（★） | 套印 (久经沙场),裹手（★） | 套印,非凡,久经沙场,1846.99
裹手（★） | 套印 (破损不堪),裹手（★） | 套印,非凡,破损不堪,1575.05
裹手（★） | 套印 (战痕累累),裹手（★） | 套印,非凡,战痕累累,1141.92
裹手（★） | 套印 (略有磨损),裹手（★） | 套印,非凡,略有磨损,3797.00
FN57 | 铜色星系 (崭新出厂),FN57 | 铜色星系,受限,崭新出厂,114.27
FN57 | 铜色星系 (久经沙场),FN57 | 铜色星系,受限,久经沙场,53.36
FN57 | 铜色星系 (略有磨损),FN57 | 铜色星系,受限,略有磨损,97.99
MP7 | 银装素裹 (崭新出厂),MP7 | 银装素裹,军规级,崭新出厂,8888.00
MP7 | 银装素裹 (久经沙场),MP7 | 银装素裹,军规级,久经沙场,44.14
MP7 | 银装素裹 (破损不堪),MP7 | 银装素裹,军规级,破损不堪,
MP7 | 银装素裹 (战痕累累),MP7 | 银装素裹,军规级,战痕累累,200.00
MP7 | 银装素裹 (略有磨损),MP7 | 银装素裹,军规级,略有磨损,420.00
加利尔 AR（纪念品） | 冰核聚变 (崭新出厂),加利尔 AR（纪念品） | 冰核聚变,工业级,崭新出厂,40.66
加利尔 AR（纪念品） | 冰核聚变 (久经沙场),加利尔 AR（纪念品） | 冰核聚变,工业级,久经沙场,4.06
加利尔 AR（纪念品） | 冰核聚变 (破损不堪),加利尔 AR（纪念品） | 冰核聚变,工业级,破损不堪,8.99
加利尔 AR（纪念品） | 冰核聚变 (战痕累累),加利尔 AR（纪念品） | 冰核聚变,工业级,战痕累累,4.90
加利尔 AR（纪念品） | 冰核聚变 (略有磨损),加利尔 AR（纪念品） | 冰核聚变,工业级,略有磨损,9.78
鲍伊猎刀（★） | 致命紫罗兰 (崭新出厂),鲍伊猎刀（★） | 致命紫罗兰,隐秘,崭新出厂,
鲍伊猎刀（★） | 致命紫罗兰 (久经沙场),鲍伊猎刀（★） | 致命紫罗兰,隐秘,久经沙场,939.50
鲍伊猎刀（★） | 致命紫罗兰 (破损不堪),鲍伊猎刀（★） | 致命紫罗兰,隐秘,破损不堪,
鲍伊猎刀（★） | 致命紫罗兰 (战痕累累),鲍伊猎刀（★） | 致命紫罗兰,隐秘,战痕累累,890.00
鲍伊猎刀（★） | 致命紫罗兰 (略有磨损),鲍伊猎刀（★） | 致命紫罗兰,隐秘,略有磨损,1400.00
专业手套（★） | 大腕 (崭新出厂),专业手套（★） | 大腕,非凡,崭新出厂,9150.00
专业手套（★） | 大腕 (久经沙场),专业手套（★） | 大腕,非凡,久经沙场,1659.79
专业手套（★） | 大腕 (破损不堪),专业手套（★） | 大腕,非凡,破损不堪,1357.00
专业手套（★） | 大腕 (战痕累累),专业手套（★） | 大腕,非凡,战痕累累,1070.00
专业手套（★） | 大腕 (略有磨损),专业手套（★） | 大腕,非凡,略有磨损,3640.00
双持贝瑞塔（StatTrak™） | 血红蛋白 (崭新出厂),双持贝瑞塔（StatTrak™） | 血红蛋白,受限,崭新出厂,197.00
双持贝瑞塔（StatTrak™） | 血红蛋白 (久经沙场),双持贝瑞塔（StatTrak™） | 血红蛋白,受限,久经沙场,
双持贝瑞塔（StatTrak™） | 血红蛋白 (略有磨损),双持贝瑞塔（StatTrak™） | 血红蛋白,受限,略有磨损,140.00
专业手套（★） | 陆军少尉长官 (崭新出厂),专业手套（★） | 陆军少尉长官,非凡,崭新出厂,9765.63
专业手套（★） | 陆军少尉长官 (久经沙场),专业手套（★） | 陆军少尉长官,非凡,久经沙场,1846.84
专业手套（★） | 陆军少尉长官 (破损不堪),专业手套（★） | 陆军少尉长官,非凡,破损不堪,1539.00
专业手套（★） | 陆军少尉长官 (战痕累累),专业手套（★） | 陆军少尉长官,非凡,战痕累累,980.00
专业手套（★） | 陆军少尉长官 (略有磨损),专业手套（★） | 陆军少尉长官,非凡,略有磨损,3600.00
AWP | 冥界之河 (崭新出厂),AWP | 冥界之河,军规级,崭新出厂,18.97
AWP | 冥界之河 (久经沙场),AWP | 冥界之河,军规级,久经沙场,5.00
AWP | 冥界之河 (破损不堪),AWP | 冥界之河,军规级,破损不堪,10.57
AWP | 冥界之河 (战痕累累),AWP | 冥界之河,军规级,战痕累累,5.72
AWP | 冥界之河 (略有磨损),AWP | 冥界之河,军规级,略有磨损,10.03
弯刀（★ StatTrak™） | 大马士革钢 (崭新出厂),弯刀（★ StatTrak™） | 大马士革钢,隐秘,崭新出厂,1718.00
弯刀（★ StatTrak™） | 大马士革钢 (久经沙场),弯刀（★ StatTrak™） | 大马士革钢,隐秘,久经沙场,2595.00
弯刀（★ StatTrak™） | 大马士革钢 (破损不堪),弯刀（★ StatTrak™） | 大马士革钢,隐秘,破损不堪,
弯刀（★ StatTrak™） | 大马士革钢 (战痕累累),弯刀（★ StatTrak™） | 大马士革钢,隐秘,战痕累累,
弯刀（★ StatTrak™） | 大马士革钢 (略有磨损),弯刀（★ StatTrak™） | 大马士革钢,隐秘,略有磨损,
MP9 | 黑暗时代 (崭新出厂),MP9 | 黑暗时代,军规级,崭新出厂,550.00
MP9 | 黑暗时代 (久经沙场),MP9 | 黑暗时代,军规级,久经沙场,
MP9 | 黑暗时代 (略有磨损),MP9 | 黑暗时代,军规级,略有磨损,
P250 | 潜藏者 (崭新出厂),P250 | 潜藏者,军规级,崭新出厂,119.26
P250 | 潜藏者 (久经沙场),P250 | 潜藏者,军规级,久经沙场,154.00
P250 | 潜藏者 (破损不堪),P250 | 潜藏者,军规级,破损不堪,
P250 | 潜藏者 (战痕累累),P250 | 潜藏者,军规级,战痕累累,
P250 | 潜藏者 (略有磨损),P250 | 潜藏者,军规级,略有磨损,144.00
摩托手套（★） | 血压 (崭新出厂),摩托手套（★） | 血压,非凡,崭新出厂,18600.00
摩托手套（★） | 血压 (久经沙场),摩托手套（★） | 血压,非凡,久经沙场,1311.00
摩托手套（★） | 血压 (破损不堪),摩托手套（★） | 血压,非凡,破损不堪,1200.59
摩托手套（★） | 血压 (战痕累累),摩托手套（★） | 血压,非凡,战痕累累,647.00
摩托手套（★） | 血压 (略有磨损),摩托手套（★） | 血压,非凡,略有磨损,3588.00
刺刀（★） | 北方森林 (崭新出厂),刺刀（★） | 北方森林,隐秘,崭新出厂,
刺刀（★） | 北方森林 (久经沙场),刺刀（★） | 北方森林,隐秘,久经沙场,1711.45
刺刀（★） | 北方森林 (破损不堪),刺刀（★） | 北方森林,隐秘,破损不堪,1700.00
刺刀（★） | 北方森林 (战痕累累),刺刀（★） | 北方森林,隐秘,战痕累累,1697.30
刺刀（★） | 北方森林 (略有磨损),刺刀（★） | 北方森林,隐秘,略有磨损,1996.00
MAC-10 | 赤金锁链 (崭新出厂),MAC-10 | 赤金锁链,军规级,崭新出厂,580.00
MAC-10 | 赤金锁链 (久经沙场),MAC-10 | 赤金锁链,军规级,久经沙场,
MAC-10 | 赤金锁链 (破损不堪),MAC-10 | 赤金锁链,军规级,破损不堪,
MAC-10 | 赤金锁链 (战痕累累),MAC-10 | 赤金锁链,军规级,战痕累累,
MAC-10 | 赤金锁链 (略有磨损),MAC-10 | 赤金锁链,军规级,略有磨损,529.00
SG 553 | 青龙 (崭新出厂),SG 553 | 青龙,受限,崭新出厂,17.13
SG 553 | 青龙 (久经沙场),SG 553 | 青龙,受限,久经沙场,5.11
SG 553 | 青龙 (破损不堪),SG 553 | 青龙,受限,破损不堪,4.27
SG 553 | 青龙 (战痕累累),SG 553 | 青龙,受限,战痕累累,4.28
SG 553 | 青龙 (略有磨损),SG 553 | 青龙,受限,略有磨损,9.73
Tec-9 | 屠杀者 (崭新出厂),Tec-9 | 屠杀者,保密,崭新出厂,312.00
Tec-9 | 屠杀者 (久经沙场),Tec-9 | 屠杀者,保密,久经沙场,62.88
Tec-9 | 屠杀者 (破损不堪),Tec-9 | 屠杀者,保密,破损不堪,
Tec-9 | 屠杀者 (战痕累累),Tec-9 | 屠杀者,保密,战痕累累,
Tec-9 | 屠杀者 (略有磨损),Tec-9 | 屠杀者,保密,略有磨损,
格洛克 18 型 | 黑色魅影 (崭新出厂),格洛克 18 型 | 黑色魅影,隐秘,崭新出厂,377.99
格洛克 18 型 | 黑色魅影 (久经沙场),格洛克 18 型 | 黑色魅影,隐秘,久经沙场,77.99
格洛克 18 型 | 黑色魅影 (破损不堪),格洛克 18 型 | 黑色魅影,隐秘,破损不堪,55.70
格洛克 18 型 | 黑色魅影 (战痕累累),格洛克 18 型 | 黑色魅影,隐秘,战痕累累,43.00
格洛克 18 型 | 黑色魅影 (略有磨损),格洛克 18 型 | 黑色魅影,隐秘,略有磨损,145.67
猎杀者匕首（★ StatTrak™） | 自动化 (崭新出厂),猎杀者匕首（★ StatTrak™） | 自动化,隐秘,崭新出厂,
猎杀者匕首（★ StatTrak™） | 自动化 (久经沙场),猎杀者匕首（★ StatTrak™） | 自动化,隐秘,久经沙场,1780.00
猎杀者匕首（★ StatTrak™） | 自动化 (破损不堪),猎杀者匕首（★ StatTrak™） | 自动化,隐秘,破损不堪,
猎杀者匕首（★ StatTrak™） | 自动化 (战痕累累),猎杀者匕首（★ StatTrak™） | 自动化,隐秘,战痕累累,
猎杀者匕首（★ StatTrak™） | 自动化 (略有磨损),猎杀者匕首（★ StatTrak™） | 自动化,隐秘,略有磨损,
MAC-10 | 表面淬火 (崭新出厂),MAC-10 | 表面淬火,受限,崭新出厂,560.00
MAC-10 | 表面淬火 (久经沙场),MAC-10 | 表面淬火,受限,久经沙场,528.44
MAC-10 | 表面淬火 (破损不堪),MAC-10 | 表面淬火,受限,破损不堪,999.00
MAC-10 | 表面淬火 (战痕累累),MAC-10 | 表面淬火,受限,战痕累累,1599.00
MAC-10 | 表面淬火 (略有磨损),MAC-10 | 表面淬火,受限,略有磨损,548.40
摩托手套（★） | 小心烟雾弹 (崭新出厂),摩托手套（★） | 小心烟雾弹,非凡,崭新出厂,13200.00
摩托手套（★） | 小心烟雾弹 (久经沙场),摩托手套（★） | 小心烟雾弹,非凡,久经沙场,1391.00
摩托手套（★） | 小心烟雾弹 (破损不堪),摩托手套（★） | 小心烟雾弹,非凡,破损不堪,1100.00
摩托手套（★） | 小心烟雾弹 (战痕累累),摩托手套（★） | 小心烟雾弹,非凡,战痕累累,578.00
摩托手套（★） | 小心烟雾弹 (略有磨损),摩托手套（★） | 小心烟雾弹,非凡,略有磨损,4071.24
SG 553（StatTrak™） | 幻影 (崭新出厂),SG 553（StatTrak™） | 幻影,受限,崭新出厂,23.66
SG 553（StatTrak™） | 幻影 (久经沙场),SG 553（StatTrak™） | 幻影,受限,久经沙场,5.74
SG 553（StatTrak™） | 幻影 (破损不堪),SG 553（StatTrak™） | 幻影,受限,破损不堪,6.50
SG 553（StatTrak™） | 幻影 (战痕累累),SG 553（StatTrak™） | 幻影,受限,战痕累累,4.98
SG 553（StatTrak™） | 幻影 (略有磨损),SG 553（StatTrak™） | 幻影,受限,略有磨损,10.56
AWP | 蠕虫之神 (崭新出厂),AWP | 蠕虫之神,受限,崭新出厂,14.34
AWP | 蠕虫之神 (久经沙场),AWP | 蠕虫之神,受限,久经沙场,8.32
AWP | 蠕虫之神 (破损不堪),AWP | 蠕虫之神,受限,破损不堪,12.28
AWP | 蠕虫之神 (略有磨损),AWP | 蠕虫之神,受限,略有磨损,10.00
UMP-45 | 忘忧草 (崭新出厂),UMP-45 | 忘忧草,军规级,崭新出厂,468.00
UMP-45 | 忘忧草 (久经沙场),UMP-45 | 忘忧草,军规级,久经沙场,800.00
UMP-45 | 忘忧草 (破损不堪),UMP-45 | 忘忧草,军规级,破损不堪,
UMP-45 | 忘忧草 (战痕累累),UMP-45 | 忘忧草,军规级,战痕累累,
UMP-45 | 忘忧草 (略有磨损),UMP-45 | 忘忧草,军规级,略有磨损,688.00
裹手（★） | 屠夫 (崭新出厂),裹手（★） | 屠夫,非凡,崭新出厂,
裹手（★） | 屠夫 (久经沙场),裹手（★） | 屠夫,非凡,久经沙场,1991.01
裹手（★） | 屠夫 (破损不堪),裹手（★） | 屠夫,非凡,破损不堪,1700.00
裹手（★） | 屠夫 (战痕累累),裹手（★） | 屠夫,非凡,战痕累累,1310.00
裹手（★） | 屠夫 (略有磨损),裹手（★） | 屠夫,非凡,略有磨损,3900.00
穿肠刀（★ StatTrak™） | 致命紫罗兰 (崭新出厂),穿肠刀（★ StatTrak™） | 致命紫罗兰,隐秘,崭新出厂,
穿肠刀（★ StatTrak™） | 致命紫罗兰 (久经沙场),穿肠刀（★ StatTrak™） | 致命紫罗兰,隐秘,久经沙场,
穿肠刀（★ StatTrak™） | 致命紫罗兰 (破损不堪),穿肠刀（★ StatTrak™） | 致命紫罗兰,隐秘,破损不堪,810.00
穿肠刀（★ StatTrak™） | 致命紫罗兰 (战痕累累),穿肠刀（★ StatTrak™） | 致命紫罗兰,隐秘,战痕累累,988.00
穿肠刀（★ StatTrak™） | 致命紫罗兰 (略有磨损),穿肠刀（★ StatTrak™） | 致命紫罗兰,隐秘,略有磨损,2000.00
MP9（纪念品） | 橘皮涂装 (久经沙场),MP9（纪念品） | 橘皮涂装,工业级,久经沙场,666.00
MP9（纪念品） | 橘皮涂装 (破损不堪),MP9（纪念品） | 橘皮涂装,工业级,破损不堪,
MP9（纪念品） | 橘皮涂装 (战痕累累),MP9（纪念品） | 橘皮涂装,工业级,战痕累累,
MP9（纪念品） | 橘皮涂装 (略有磨损),MP9（纪念品） | 橘皮涂装,工业级,略有磨损,
运动手套（★） | 大型猎物 (崭新出厂),运动手套（★） | 大型猎物,非凡,崭新出厂,13385.60
运动手套（★） | 大型猎物 (久经沙场),运动手套（★） | 大型猎物,非凡,久经沙场,2500.24
运动手套（★） | 大型猎物 (破损不堪),运动手套（★） | 大型猎物,非凡,破损不堪,2087.99
运动手套（★） | 大型猎物 (战痕累累),运动手套（★） | 大型猎物,非凡,战痕累累,1490.00
运动手套（★） | 大型猎物 (略有磨损),运动手套（★） | 大型猎物,非凡,略有磨损,4400.00
穿肠刀（★） | 深红之网 (崭新出厂),穿肠刀（★） | 深红之网,隐秘,崭新出厂,
穿肠刀（★） | 深红之网 (久经沙场),穿肠刀（★） | 深红之网,隐秘,久经沙场,999.88
穿肠刀（★） | 深红之网 (破损不堪),穿肠刀（★） | 深红之网,隐秘,破损不堪,
穿肠刀（★） | 深红之网 (战痕累累),穿肠刀（★） | 深红之网,隐秘,战痕累累,919.95
穿肠刀（★） | 深红之网 (略有磨损),穿肠刀（★） | 深红之网,隐秘,略有磨损,2015.00
SCAR-20（StatTrak™） | 撕起来 (崭新出厂),SCAR-20（StatTrak™） | 撕起来,军规级,崭新出厂,16.88
SCAR-20（StatTrak™） | 撕起来 (久经沙场),SCAR-20（StatTrak™） | 撕起来,军规级,久经沙场,4.57
SCAR-20（StatTrak™） | 撕起来 (破损不堪),SCAR-20（StatTrak™） | 撕起来,军规级,破损不堪,4.47
SCAR-20（StatTrak™） | 撕起来 (略有磨损),SCAR-20（StatTrak™） | 撕起来,军规级,略有磨损,10.39
FN57（StatTrak™） | 铜色星系 (崭新出厂),FN57（StatTrak™） | 铜色星系,受限,崭新出厂,253.99
FN57（StatTrak™） | 铜色星系 (久经沙场),FN57（StatTrak™） | 铜色星系,受限,久经沙场,
FN57（StatTrak™） | 铜色星系 (略有磨损),FN57（StatTrak™） | 铜色星系,受限,略有磨损,149.00
MAC-10 | 绯红镂刻 (崭新出厂),MAC-10 | 绯红镂刻,受限,崭新出厂,699.00
MAC-10 | 绯红镂刻 (久经沙场),MAC-10 | 绯红镂刻,受限,久经沙场,578.34
MAC-10 | 绯红镂刻 (破损不堪),MAC-10 | 绯红镂刻,受限,破损不堪,
MAC-10 | 绯红镂刻 (战痕累累),MAC-10 | 绯红镂刻,受限,战痕累累,
MAC-10 | 绯红镂刻 (略有磨损),MAC-10 | 绯红镂刻,受限,略有磨损,888.00
折叠刀（★） | 大马士革钢 (崭新出厂),折叠刀（★） | 大马士革钢,隐秘,崭新出厂,2379.00
折叠刀（★） | 大马士革钢 (久经沙场),折叠刀（★） | 大马士革钢,隐秘,久经沙场,1699.98
折叠刀（★） | 大马士革钢 (破损不堪),折叠刀（★） | 大马士革钢,隐秘,破损不堪,1599.00
折叠刀（★） | 大马士革钢 (战痕累累),折叠刀（★） | 大马士革钢,隐秘,战痕累累,1600.00
折叠刀（★） | 大马士革钢 (略有磨损),折叠刀（★） | 大马士革钢,隐秘,略有磨损,2020.00
沙漠之鹰（StatTrak™） | 遗产 (崭新出厂),沙漠之鹰（StatTrak™） | 遗产,受限,崭新出厂,599.55
沙漠之鹰（StatTrak™） | 遗产 (久经沙场),沙漠之鹰（StatTrak™） | 遗产,受限,久经沙场,78.10
沙漠之鹰（StatTrak™） | 遗产 (破损不堪),沙漠之鹰（StatTrak™） | 遗产,受限,破损不堪,
沙漠之鹰（StatTrak™） | 遗产 (战痕累累),沙漠之鹰（StatTrak™） | 遗产,受限,战痕累累,98.80
沙漠之鹰（StatTrak™） | 遗产 (略有磨损),沙漠之鹰（StatTrak™） | 遗产,受限,略有磨损,135.00
G3SG1 | 公海 (崭新出厂),G3SG1 | 公海,受限,崭新出厂,19.20
G3SG1 | 公海 (久经沙场),G3SG1 | 公海,受限,久经沙场,4.30
G3SG1 | 公海 (破损不堪),G3SG1 | 公海,受限,破损不堪,5.93
G3SG1 | 公海 (战痕累累),G3SG1 | 公海,受限,战痕累累,3.41
G3SG1 | 公海 (略有磨损),G3SG1 | 公海,受限,略有磨损,9.14
运动手套（★） | 猩红头巾 (崭新出厂),运动手套（★） | 猩红头巾,非凡,崭新出厂,15980.00
运动手套（★） | 猩红头巾 (久经沙场),运动手套（★） | 猩红头巾,非凡,久经沙场,2197.02
运动手套（★） | 猩红头巾 (破损不堪),运动手套（★） | 猩红头巾,非凡,破损不堪,1830.00
运动手套（★） | 猩红头巾 (战痕累累),运动手套（★） | 猩红头巾,非凡,战痕累累,1413.46
运动手套（★） | 猩红头巾 (略有磨损),运动手套（★） | 猩红头巾,非凡,略有磨损,5000.00
MAC-10（StatTrak™） | 不可磨灭 (崭新出厂),MAC-10（StatTrak™） | 不可磨灭,受限,崭新出厂,1500.00
MAC-10（StatTrak™） | 不可磨灭 (久经沙场),MAC-10（StatTrak™） | 不可磨灭,受限,久经沙场,419.99
MAC-10（StatTrak™） | 不可磨灭 (破损不堪),MAC-10（StatTrak™） | 不可磨灭,受限,破损不堪,500.00
MAC-10（StatTrak™） | 不可磨灭 (战痕累累),MAC-10（StatTrak™） | 不可磨灭,受限,战痕累累,
MAC-10（StatTrak™） | 不可磨灭 (略有磨损),MAC-10（StatTrak™） | 不可磨灭,受限,略有磨损,988.00
P250（StatTrak™） | 生化短吻鳄 (崭新出厂),P250（StatTrak™） | 生化短吻鳄,隐秘,崭新出厂,285.00
P250（StatTrak™） | 生化短吻鳄 (久经沙场),P250（StatTrak™） | 生化短吻鳄,隐秘,久经沙场,59.00
P250（StatTrak™） | 生化短吻鳄 (破损不堪),P250（StatTrak™） | 生化短吻鳄,隐秘,破损不堪,108.88
P250（StatTrak™） | 生化短吻鳄 (战痕累累),P250（StatTrak™） | 生化短吻鳄,隐秘,战痕累累,70.00
P250（StatTrak™） | 生化短吻鳄 (略有磨损),P250（StatTrak™） | 生化短吻鳄,隐秘,略有磨损,139.99
系绳匕首（★） | 表面淬火 (崭新出厂),系绳匕首（★） | 表面淬火,隐秘,崭新出厂,2900.00
系绳匕首（★） | 表面淬火 (久经沙场),系绳匕首（★） | 表面淬火,隐秘,久经沙场,1620.00
系绳匕首（★） | 表面淬火 (破损不堪),系绳匕首（★） | 表面淬火,隐秘,破损不堪,1630.00
系绳匕首（★） | 表面淬火 (战痕累累),系绳匕首（★） | 表面淬火,隐秘,战痕累累,1512.48
系绳匕首（★） | 表面淬火 (略有磨损),系绳匕首（★） | 表面淬火,隐秘,略有磨损,2198.00
加利尔 AR | 燕尾 (崭新出厂),加利尔 AR | 燕尾,军规级,崭新出厂,13.35
加利尔 AR | 燕尾 (久经沙场),加利尔 AR | 燕尾,军规级,久经沙场,6.91
加利尔 AR | 燕尾 (破损不堪),加利尔 AR | 燕尾,军规级,破损不堪,9.54
加利尔 AR | 燕尾 (战痕累累),加利尔 AR | 燕尾,军规级,战痕累累,7.72
加利尔 AR | 燕尾 (略有磨损),加利尔 AR | 燕尾,军规级,略有磨损,9.14
驾驶手套（★） | 西装革履 (崭新出厂),驾驶手套（★） | 西装革履,非凡,崭新出厂,24888.00
驾驶手套（★） | 西装革履 (久经沙场),驾驶手套（★） | 西装革履,非凡,久经沙场,1669.90
驾驶手套（★） | 西装革履 (破损不堪),驾驶手套（★） | 西装革履,非凡,破损不堪,1350.00
驾驶手套（★） | 西装革履 (战痕累累),驾驶手套（★） | 西装革履,非凡,战痕累累,788.25
驾驶手套（★） | 西装革履 (略有磨损),驾驶手套（★） | 西装革履,非凡,略有磨损,4776.96
MP9 | 彩绘玻璃 (崭新出厂),MP9 | 彩绘玻璃,受限,崭新出厂,664.83
MP9 | 彩绘玻璃 (久经沙场),MP9 | 彩绘玻璃,受限,久经沙场,
MP9 | 彩绘玻璃 (破损不堪),MP9 | 彩绘玻璃,受限,破损不堪,
MP9 | 彩绘玻璃 (战痕累累),MP9 | 彩绘玻璃,受限,战痕累累,
MP9 | 彩绘玻璃 (略有磨损),MP9 | 彩绘玻璃,受限,略有磨损,991.02
CZ75（StatTrak™） | 相柳 (崭新出厂),CZ75（StatTrak™） | 相柳,保密,崭新出厂,169.96
CZ75（StatTrak™） | 相柳 (久经沙场),CZ75（StatTrak™） | 相柳,保密,久经沙场,108.00
CZ75（StatTrak™） | 相柳 (破损不堪),CZ75（StatTrak™） | 相柳,保密,破损不堪,180.00
CZ75（StatTrak™） | 相柳 (战痕累累),CZ75（StatTrak™） | 相柳,保密,战痕累累,118.52
CZ75（StatTrak™） | 相柳 (略有磨损),CZ75（StatTrak™） | 相柳,保密,略有磨损,153.00
折叠刀（★ StatTrak™） | 自由之手 (崭新出厂),折叠刀（★ StatTrak™） | 自由之手,隐秘,崭新出厂,
折叠刀（★ StatTrak™） | 自由之手 (久经沙场),折叠刀（★ StatTrak™） | 自由之手,隐秘,久经沙场,1830.17
折叠刀（★ StatTrak™） | 自由之手 (破损不堪),折叠刀（★ StatTrak™） | 自由之手,隐秘,破损不堪,
折叠刀（★ StatTrak™） | 自由之手 (战痕累累),折叠刀（★ StatTrak™） | 自由之手,隐秘,战痕累累,
折叠刀（★ StatTrak™） | 自由之手 (略有磨损),折叠刀（★ StatTrak™） | 自由之手,隐秘,略有磨损,2000.00
驾驶手套（★） | 蓝紫格子 (崭新出厂),驾驶手套（★） | 蓝紫格子,非凡,崭新出厂,12500.00
驾驶手套（★） | 蓝紫格子 (久经沙场),驾驶手套（★） | 蓝紫格子,非凡,久经沙场,2498.99
驾驶手套（★） | 蓝紫格子 (破损不堪),驾驶手套（★） | 蓝紫格子,非凡,破损不堪,2100.00
驾驶手套（★） | 蓝紫格子 (战痕累累),驾驶手套（★） | 蓝紫格子,非凡,战痕累累,1700.00
驾驶手套（★） | 蓝紫格子 (略有磨损),驾驶手套（★） | 蓝紫格子,非凡,略有磨损,5043.95
PP-野牛 | 水纹之印 (崭新出厂),PP-野牛 | 水纹之印,军规级,崭新出厂,12.81
PP-野牛 | 水纹之印 (久经沙场),PP-野牛 | 水纹之印,军规级,久经沙场,25.19
PP-野牛 | 水纹之印 (破损不堪),PP-野牛 | 水纹之印,军规级,破损不堪,
PP-野牛 | 水纹之印 (战痕累累),PP-野牛 | 水纹之印,军规级,战痕累累,
PP-野牛 | 水纹之印 (略有磨损),PP-野牛 | 水纹之印,军规级,略有磨损,15.00
G3SG1（StatTrak™） | 特训地图 (崭新出厂),G3SG1（StatTrak™） | 特训地图,军规级,崭新出厂,23.80
G3SG1（StatTrak™） | 特训地图 (久经沙场),G3SG1（StatTrak™） | 特训地图,军规级,久经沙场,3.00
G3SG1（StatTrak™） | 特训地图 (破损不堪),G3SG1（StatTrak™） | 特训地图,军规级,破损不堪,4.88
G3SG1（StatTrak™） | 特训地图 (战痕累累),G3SG1（StatTrak™） | 特训地图,军规级,战痕累累,2.00
G3SG1（StatTrak™） | 特训地图 (略有磨损),G3SG1（StatTrak™） | 特训地图,军规级,略有磨损,9.49
刺刀（★） | 都市伪装 (崭新出厂),刺刀（★） | 都市伪装,隐秘,崭新出厂,
刺刀（★） | 都市伪装 (久经沙场),刺刀（★） | 都市伪装,隐秘,久经沙场,1779.99
刺刀（★） | 都市伪装 (破损不堪),刺刀（★） | 都市伪装,隐秘,破损不堪,1720.00
刺刀（★） | 都市伪装 (战痕累累),刺刀（★） | 都市伪装,隐秘,战痕累累,1777.22
刺刀（★） | 都市伪装 (略有磨损),刺刀（★） | 都市伪装,隐秘,略有磨损,2088.00
运动手套（★） | 夜行衣 (崭新出厂),运动手套（★） | 夜行衣,非凡,崭新出厂,27000.00
运动手套（★） | 夜行衣 (久经沙场),运动手套（★） | 夜行衣,非凡,久经沙场,2133.99
运动手套（★） | 夜行衣 (破损不堪),运动手套（★） | 夜行衣,非凡,破损不堪,1799.00
运动手套（★） | 夜行衣 (战痕累累),运动手套（★） | 夜行衣,非凡,战痕累累,1339.99
运动手套（★） | 夜行衣 (略有磨损),运动手套（★） | 夜行衣,非凡,略有磨损,5290.00
SG 553（纪念品） | 鳄鱼网格 (崭新出厂),SG 553（纪念品） | 鳄鱼网格,工业级,崭新出厂,29.58
SG 553（纪念品） | 鳄鱼网格 (久经沙场),SG 553（纪念品） | 鳄鱼网格,工业级,久经沙场,4.70
SG 553（纪念品） | 鳄鱼网格 (破损不堪),SG 553（纪念品） | 鳄鱼网格,工业级,破损不堪,12.35
SG 553（纪念品） | 鳄鱼网格 (战痕累累),SG 553（纪念品） | 鳄鱼网格,工业级,战痕累累,6.97
SG 553（纪念品） | 鳄鱼网格 (略有磨损),SG 553（纪念品） | 鳄鱼网格,工业级,略有磨损,10.88
Tec-9（纪念品） | 核子剧毒 (崭新出厂),Tec-9（纪念品） | 核子剧毒,军规级,崭新出厂,368.74
Tec-9（纪念品） | 核子剧毒 (久经沙场),Tec-9（纪念品） | 核子剧毒,军规级,久经沙场,66.23
Tec-9（纪念品） | 核子剧毒 (破损不堪),Tec-9（纪念品） | 核子剧毒,军规级,破损不堪,88.88
Tec-9（纪念品） | 核子剧毒 (战痕累累),Tec-9（纪念品） | 核子剧毒,军规级,战痕累累,64.49
Tec-9（纪念品） | 核子剧毒 (略有磨损),Tec-9（纪念品） | 核子剧毒,军规级,略有磨损,124.25
MP9 | 潘多拉魔盒 (崭新出厂),MP9 | 潘多拉魔盒,军规级,崭新出厂,750.00
MP9 | 潘多拉魔盒 (久经沙场),MP9 | 潘多拉魔盒,军规级,久经沙场,688.88
MP9 | 潘多拉魔盒 (略有磨损),MP9 | 潘多拉魔盒,军规级,略有磨损,777.77
摩托手套（★） | 清凉薄荷 (崭新出厂),摩托手套（★） | 清凉薄荷,非凡,崭新出厂,18000.00
摩托手套（★） | 清凉薄荷 (久经沙场),摩托手套（★） | 清凉薄荷,非凡,久经沙场,2388.74
摩托手套（★） | 清凉薄荷 (破损不堪),摩托手套（★） | 清凉薄荷,非凡,破损不堪,1740.00
摩托手套（★） | 清凉薄荷 (战痕累累),摩托手套（★） | 清凉薄荷,非凡,战痕累累,970.00
摩托手套（★） | 清凉薄荷 (略有磨损),摩托手套（★） | 清凉薄荷,非凡,略有磨损,5686.50
折叠刀（★ StatTrak™） | 澄澈之水 (崭新出厂),折叠刀（★ StatTrak™） | 澄澈之水,隐秘,崭新出厂,2255.00
折叠刀（★ StatTrak™） | 澄澈之水 (久经沙场),折叠刀（★ StatTrak™） | 澄澈之水,隐秘,久经沙场,1900.00
折叠刀（★ StatTrak™） | 澄澈之水 (破损不堪),折叠刀（★ StatTrak™） | 澄澈之水,隐秘,破损不堪,
折叠刀（★ StatTrak™） | 澄澈之水 (战痕累累),折叠刀（★ StatTrak™） | 澄澈之水,隐秘,战痕累累,
折叠刀（★ StatTrak™） | 澄澈之水 (略有磨损),折叠刀（★ StatTrak™） | 澄澈之水,隐秘,略有磨损,2059.00
格洛克 18 型 | 拉美西斯之触 (崭新出厂),格洛克 18 型 | 拉美西斯之触,受限,崭新出厂,207.16
格洛克 18 型 | 拉美西斯之触 (久经沙场),格洛克 18 型 | 拉美西斯之触,受限,久经沙场,92.00
格洛克 18 型 | 拉美西斯之触 (破损不堪),格洛克 18 型 | 拉美西斯之触,受限,破损不堪,89.97
格洛克 18 型 | 拉美西斯之触 (战痕累累),格洛克 18 型 | 拉美西斯之触,受限,战痕累累,78.09
格洛克 18 型 | 拉美西斯之触 (略有磨损),格洛克 18 型 | 拉美西斯之触,受限,略有磨损,157.54
专业手套（★） | 深红之网 (崭新出厂),专业手套（★） | 深红之网,非凡,崭新出厂,17471.50
专业手套（★） | 深红之网 (久经沙场),专业手套（★） | 深红之网,非凡,久经沙场,2014.45
专业手套（★） | 深红之网 (破损不堪),专业手套（★） | 深红之网,非凡,破损不堪,1533.33
专业手套（★） | 深红之网 (战痕累累),专业手套（★） | 深红之网,非凡,战痕累累,932.00
专业手套（★） | 深红之网 (略有磨损),专业手套（★） | 深红之网,非凡,略有磨损,5893.10
折叠刀（★） | 自由之手 (崭新出厂),折叠刀（★） | 自由之手,隐秘,崭新出厂,2256.84
折叠刀（★） | 自由之手 (久经沙场),折叠刀（★） | 自由之手,隐秘,久经沙场,1816.98
折叠刀（★） | 自由之手 (破损不堪),折叠刀（★） | 自由之手,隐秘,破损不堪,1849.00
折叠刀（★） | 自由之手 (战痕累累),折叠刀（★） | 自由之手,隐秘,战痕累累,1900.00
折叠刀（★） | 自由之手 (略有磨损),折叠刀（★） | 自由之手,隐秘,略有磨损,2016.96
P90 | 翡翠之龙 (崭新出厂),P90 | 翡翠之龙,保密,崭新出厂,
P90 | 翡翠之龙 (久经沙场),P90 | 翡翠之龙,保密,久经沙场,730.00
P90 | 翡翠之龙 (破损不堪),P90 | 翡翠之龙,保密,破损不堪,
P90 | 翡翠之龙 (战痕累累),P90 | 翡翠之龙,保密,战痕累累,
P90 | 翡翠之龙 (略有磨损),P90 | 翡翠之龙,保密,略有磨损,1430.00
G3SG1（StatTrak™） | 净化者 (崭新出厂),G3SG1（StatTrak™） | 净化者,受限,崭新出厂,22.00
G3SG1（StatTrak™） | 净化者 (久经沙场),G3SG1（StatTrak™） | 净化者,受限,久经沙场,6.68
G3SG1（StatTrak™） | 净化者 (破损不堪),G3SG1（StatTrak™） | 净化者,受限,破损不堪,9.50
G3SG1（StatTrak™） | 净化者 (战痕累累),G3SG1（StatTrak™） | 净化者,受限,战痕累累,6.84
G3SG1（StatTrak™） | 净化者 (略有磨损),G3SG1（StatTrak™） | 净化者,受限,略有磨损,12.08
FN57 | 童话城堡 (崭新出厂),FN57 | 童话城堡,保密,崭新出厂,302.53
FN57 | 童话城堡 (久经沙场),FN57 | 童话城堡,保密,久经沙场,103.75
FN57 | 童话城堡 (破损不堪),FN57 | 童话城堡,保密,破损不堪,100.00
FN57 | 童话城堡 (战痕累累),FN57 | 童话城堡,保密,战痕累累,80.00
FN57 | 童话城堡 (略有磨损),FN57 | 童话城堡,保密,略有磨损,157.99
PP-野牛（StatTrak™） | 古董枪 (崭新出厂),PP-野牛（StatTrak™） | 古董枪,受限,崭新出厂,220.00
PP-野牛（StatTrak™） | 古董枪 (久经沙场),PP-野牛（StatTrak™） | 古董枪,受限,久经沙场,98.00
PP-野牛（StatTrak™） | 古董枪 (破损不堪),PP-野牛（StatTrak™） | 古董枪,受限,破损不堪,391.15
PP-野牛（StatTrak™） | 古董枪 (战痕累累),PP-野牛（StatTrak™） | 古董枪,受限,战痕累累,
PP-野牛（StatTrak™） | 古董枪 (略有磨损),PP-野牛（StatTrak™） | 古董枪,受限,略有磨损,150.00
专业手套（★） | 一线特工 (崭新出厂),专业手套（★） | 一线特工,非凡,崭新出厂,18555.00
专业手套（★） | 一线特工 (久经沙场),专业手套（★） | 一线特工,非凡,久经沙场,2690.00
专业手套（★） | 一线特工 (破损不堪),专业手套（★） | 一线特工,非凡,破损不堪,1920.00
专业手套（★） | 一线特工 (战痕累累),专业手套（★） | 一线特工,非凡,战痕累累,1079.00
专业手套（★） | 一线特工 (略有磨损),专业手套（★） | 一线特工,非凡,略有磨损,6843.99
加利尔 AR（StatTrak™） | 凤凰商号 (崭新出厂),加利尔 AR（StatTrak™） | 凤凰商号,受限,崭新出厂,22.00
加利尔 AR（StatTrak™） | 凤凰商号 (久经沙场),加利尔 AR（StatTrak™） | 凤凰商号,受限,久经沙场,5.09
加利尔 AR（StatTrak™） | 凤凰商号 (破损不堪),加利尔 AR（StatTrak™） | 凤凰商号,受限,破损不堪,6.68
加利尔 AR（StatTrak™） | 凤凰商号 (战痕累累),加利尔 AR（StatTrak™） | 凤凰商号,受限,战痕累累,4.10
加利尔 AR（StatTrak™） | 凤凰商号 (略有磨损),加利尔 AR（StatTrak™） | 凤凰商号,受限,略有磨损,11.50
USP 消音版 | 倒吊人 (崭新出厂),USP 消音版 | 倒吊人,隐秘,崭新出厂,393.74
USP 消音版 | 倒吊人 (久经沙场),USP 消音版 | 倒吊人,隐秘,久经沙场,89.48
USP 消音版 | 倒吊人 (破损不堪),USP 消音版 | 倒吊人,隐秘,破损不堪,71.70
USP 消音版 | 倒吊人 (战痕累累),USP 消音版 | 倒吊人,隐秘,战痕累累,68.00
USP 消音版 | 倒吊人 (略有磨损),USP 消音版 | 倒吊人,隐秘,略有磨损,148.99
专业手套（★） | 元勋 (崭新出厂),专业手套（★） | 元勋,非凡,崭新出厂,19999.00
专业手套（★） | 元勋 (久经沙场),专业手套（★） | 元勋,非凡,久经沙场,2536.46
专业手套（★） | 元勋 (破损不堪),专业手套（★） | 元勋,非凡,破损不堪,1930.19
专业手套（★） | 元勋 (战痕累累),专业手套（★） | 元勋,非凡,战痕累累,1042.00
专业手套（★） | 元勋 (略有磨损),专业手套（★） | 元勋,非凡,略有磨损,6798.97
P90（StatTrak™） | 喵之萌杀 (久经沙场),P90（StatTrak™） | 喵之萌杀,隐秘,久经沙场,787.92
P90（StatTrak™） | 喵之萌杀 (略有磨损),P90（StatTrak™） | 喵之萌杀,隐秘,略有磨损,1896.10
弯刀（★） | 深红之网 (崭新出厂),弯刀（★） | 深红之网,隐秘,崭新出厂,11111.00
弯刀（★） | 深红之网 (久经沙场),弯刀（★） | 深红之网,隐秘,久经沙场,1335.02
弯刀（★） | 深红之网 (破损不堪),弯刀（★） | 深红之网,隐秘,破损不堪,1350.00
弯刀（★） | 深红之网 (战痕累累),弯刀（★） | 深红之网,隐秘,战痕累累,1030.97
弯刀（★） | 深红之网 (略有磨损),弯刀（★） | 深红之网,隐秘,略有磨损,1985.00
AUG（StatTrak™） | 瘟疫 (崭新出厂),AUG（StatTrak™） | 瘟疫,军规级,崭新出厂,20.00
AUG（StatTrak™） | 瘟疫 (久经沙场),AUG（StatTrak™） | 瘟疫,军规级,久经沙场,6.57
AUG（StatTrak™） | 瘟疫 (破损不堪),AUG（StatTrak™） | 瘟疫,军规级,破损不堪,
AUG（StatTrak™） | 瘟疫 (战痕累累),AUG（StatTrak™） | 瘟疫,军规级,战痕累累,3.74
AUG（StatTrak™） | 瘟疫 (略有磨损),AUG（StatTrak™） | 瘟疫,军规级,略有磨损,10.58
MAC-10 | 狂蟒之灾 (崭新出厂),MAC-10 | 狂蟒之灾,保密,崭新出厂,2049.99
MAC-10 | 狂蟒之灾 (久经沙场),MAC-10 | 狂蟒之灾,保密,久经沙场,1025.65
MAC-10 | 狂蟒之灾 (破损不堪),MAC-10 | 狂蟒之灾,保密,破损不堪,1097.90
MAC-10 | 狂蟒之灾 (战痕累累),MAC-10 | 狂蟒之灾,保密,战痕累累,650.00
MAC-10 | 狂蟒之灾 (略有磨损),MAC-10 | 狂蟒之灾,保密,略有磨损,2000.00
鲍伊猎刀（★） | 表面淬火 (崭新出厂),鲍伊猎刀（★） | 表面淬火,隐秘,崭新出厂,
鲍伊猎刀（★） | 表面淬火 (久经沙场),鲍伊猎刀（★） | 表面淬火,隐秘,久经沙场,1930.00
鲍伊猎刀（★） | 表面淬火 (破损不堪),鲍伊猎刀（★） | 表面淬火,隐秘,破损不堪,1680.00
鲍伊猎刀（★） | 表面淬火 (战痕累累),鲍伊猎刀（★） | 表面淬火,隐秘,战痕累累,2550.00
鲍伊猎刀（★） | 表面淬火 (略有磨损),鲍伊猎刀（★） | 表面淬火,隐秘,略有磨损,2092.80
格洛克 18 型（StatTrak™） | 荒野反叛 (崭新出厂),格洛克 18 型（StatTrak™） | 荒野反叛,隐秘,崭新出厂,255.99
格洛克 18 型（StatTrak™） | 荒野反叛 (久经沙场),格洛克 18 型（StatTrak™） | 荒野反叛,隐秘,久经沙场,137.99
格洛克 18 型（StatTrak™） | 荒野反叛 (破损不堪),格洛克 18 型（StatTrak™） | 荒野反叛,隐秘,破损不堪,150.00
格洛克 18 型（StatTrak™） | 荒野反叛 (战痕累累),格洛克 18 型（StatTrak™） | 荒野反叛,隐秘,战痕累累,
格洛克 18 型（StatTrak™） | 荒野反叛 (略有磨损),格洛克 18 型（StatTrak™） | 荒野反叛,隐秘,略有磨损,158.00
SSG 08 | 黑水 (久经沙场),SSG 08 | 黑水,军规级,久经沙场,10.00
SSG 08 | 黑水 (略有磨损),SSG 08 | 黑水,军规级,略有磨损,10.85
驾驶手套（★） | 深红织物 (崭新出厂),驾驶手套（★） | 深红织物,非凡,崭新出厂,49999.00
驾驶手套（★） | 深红织物 (久经沙场),驾驶手套（★） | 深红织物,非凡,久经沙场,2609.42
驾驶手套（★） | 深红织物 (破损不堪),驾驶手套（★） | 深红织物,非凡,破损不堪,2430.00
驾驶手套（★） | 深红织物 (战痕累累),驾驶手套（★） | 深红织物,非凡,战痕累累,1350.00
驾驶手套（★） | 深红织物 (略有磨损),驾驶手套（★） | 深红织物,非凡,略有磨损,6634.00
海豹短刀（★） | 表面淬火 (崭新出厂),海豹短刀（★） | 表面淬火,隐秘,崭新出厂,4388.00
海豹短刀（★） | 表面淬火 (久经沙场),海豹短刀（★） | 表面淬火,隐秘,久经沙场,1719.40
海豹短刀（★） | 表面淬火 (破损不堪),海豹短刀（★） | 表面淬火,隐秘,破损不堪,1799.00
海豹短刀（★） | 表面淬火 (战痕累累),海豹短刀（★） | 表面淬火,隐秘,战痕累累,1766.66
海豹短刀（★） | 表面淬火 (略有磨损),海豹短刀（★） | 表面淬火,隐秘,略有磨损,2299.00
P90 | 豹走 (崭新出厂),P90 | 豹走,保密,崭新出厂,2229.90
P90 | 豹走 (久经沙场),P90 | 豹走,保密,久经沙场,
P90 | 豹走 (破损不堪),P90 | 豹走,保密,破损不堪,
P90 | 豹走 (战痕累累),P90 | 豹走,保密,战痕累累,
P90 | 豹走 (略有磨损),P90 | 豹走,保密,略有磨损,2094.80
USP 消音版 | 银装素裹 (崭新出厂),USP 消音版 | 银装素裹,保密,崭新出厂,1053.99
USP 消音版 | 银装素裹 (久经沙场),USP 消音版 | 银装素裹,保密,久经沙场,117.51
USP 消音版 | 银装素裹 (破损不堪),USP 消音版 | 银装素裹,保密,破损不堪,110.00
USP 消音版 | 银装素裹 (战痕累累),USP 消音版 | 银装素裹,保密,战痕累累,94.94
USP 消音版 | 银装素裹 (略有磨损),USP 消音版 | 银装素裹,保密,略有磨损,167.95
加利尔 AR（StatTrak™） | 信号灯 (崭新出厂),加利尔 AR（StatTrak™） | 信号灯,受限,崭新出厂,20.47
加利尔 AR（StatTrak™） | 信号灯 (久经沙场),加利尔 AR（StatTrak™） | 信号灯,受限,久经沙场,7.67
加利尔 AR（StatTrak™） | 信号灯 (破损不堪),加利尔 AR（StatTrak™） | 信号灯,受限,破损不堪,11.55
加利尔 AR（StatTrak™） | 信号灯 (战痕累累),加利尔 AR（StatTrak™） | 信号灯,受限,战痕累累,8.70
加利尔 AR（StatTrak™） | 信号灯 (略有磨损),加利尔 AR（StatTrak™） | 信号灯,受限,略有磨损,13.86
裹手（★） | 钴蓝骷髅 (崭新出厂),裹手（★） | 钴蓝骷髅,非凡,崭新出厂,18888.00
裹手（★） | 钴蓝骷髅 (久经沙场),裹手（★） | 钴蓝骷髅,非凡,久经沙场,3415.30
裹手（★） | 钴蓝骷髅 (破损不堪),裹手（★） | 钴蓝骷髅,非凡,破损不堪,2884.11
裹手（★） | 钴蓝骷髅 (战痕累累),裹手（★） | 钴蓝骷髅,非凡,战痕累累,2381.23
裹手（★） | 钴蓝骷髅 (略有磨损),裹手（★） | 钴蓝骷髅,非凡,略有磨损,6989.90
MP5-SD | 幻化绿洲 (崭新出厂),MP5-SD | 幻化绿洲,保密,崭新出厂,2929.90
MP5-SD | 幻化绿洲 (久经沙场),MP5-SD | 幻化绿洲,保密,久经沙场,2489.51
MP5-SD | 幻化绿洲 (破损不堪),MP5-SD | 幻化绿洲,保密,破损不堪,
MP5-SD | 幻化绿洲 (战痕累累),MP5-SD | 幻化绿洲,保密,战痕累累,3499.00
MP5-SD | 幻化绿洲 (略有磨损),MP5-SD | 幻化绿洲,保密,略有磨损,2750.00
格洛克 18 型（StatTrak™） | 零食派对 (崭新出厂),格洛克 18 型（StatTrak™） | 零食派对,保密,崭新出厂,597.30
格洛克 18 型（StatTrak™） | 零食派对 (久经沙场),格洛克 18 型（StatTrak™） | 零食派对,保密,久经沙场,66.72
格洛克 18 型（StatTrak™） | 零食派对 (破损不堪),格洛克 18 型（StatTrak™） | 零食派对,保密,破损不堪,56.00
格洛克 18 型（StatTrak™） | 零食派对 (战痕累累),格洛克 18 型（StatTrak™） | 零食派对,保密,战痕累累,60.80
格洛克 18 型（StatTrak™） | 零食派对 (略有磨损),格洛克 18 型（StatTrak™） | 零食派对,保密,略有磨损,169.11
刺刀（★ StatTrak™） | 森林 DDPAT (久经沙场),刺刀（★ StatTrak™） | 森林 DDPAT,隐秘,久经沙场,1885.99
刺刀（★ StatTrak™） | 森林 DDPAT (破损不堪),刺刀（★ StatTrak™） | 森林 DDPAT,隐秘,破损不堪,
刺刀（★ StatTrak™） | 森林 DDPAT (战痕累累),刺刀（★ StatTrak™） | 森林 DDPAT,隐秘,战痕累累,2399.00
刺刀（★ StatTrak™） | 森林 DDPAT (略有磨损),刺刀（★ StatTrak™） | 森林 DDPAT,隐秘,略有磨损,2100.00
加利尔 AR | 隐蔽猎手 (崭新出厂),加利尔 AR | 隐蔽猎手,消费级,崭新出厂,29.98
加利尔 AR | 隐蔽猎手 (久经沙场),加利尔 AR | 隐蔽猎手,消费级,久经沙场,8.90
加利尔 AR | 隐蔽猎手 (破损不堪),加利尔 AR | 隐蔽猎手,消费级,破损不堪,
加利尔 AR | 隐蔽猎手 (战痕累累),加利尔 AR | 隐蔽猎手,消费级,战痕累累,
加利尔 AR | 隐蔽猎手 (略有磨损),加利尔 AR | 隐蔽猎手,消费级,略有磨损,12.00
摩托手套（★） | 嘭！ (崭新出厂),摩托手套（★） | 嘭！,非凡,崭新出厂,18200.00
摩托手套（★） | 嘭！ (久经沙场),摩托手套（★） | 嘭！,非凡,久经沙场,2761.46
摩托手套（★） | 嘭！ (破损不堪),摩托手套（★） | 嘭！,非凡,破损不堪,2092.90
摩托手套（★） | 嘭！ (战痕累累),摩托手套（★） | 嘭！,非凡,战痕累累,1002.39
摩托手套（★） | 嘭！ (略有磨损),摩托手套（★） | 嘭！,非凡,略有磨损,6912.40
P90（StatTrak™） | 翡翠之龙 (崭新出厂),P90（StatTrak™） | 翡翠之龙,保密,崭新出厂,
P90（StatTrak™） | 翡翠之龙 (久经沙场),P90（StatTrak™） | 翡翠之龙,保密,久经沙场,1474.52
P90（StatTrak™） | 翡翠之龙 (破损不堪),P90（StatTrak™） | 翡翠之龙,保密,破损不堪,
P90（StatTrak™） | 翡翠之龙 (战痕累累),P90（StatTrak™） | 翡翠之龙,保密,战痕累累,
P90（StatTrak™） | 翡翠之龙 (略有磨损),P90（StatTrak™） | 翡翠之龙,保密,略有磨损,1800.00
Tec-9（纪念品） | 晶红石英 (崭新出厂),Tec-9（纪念品） | 晶红石英,受限,崭新出厂,209.99
Tec-9（纪念品） | 晶红石英 (久经沙场),Tec-9（纪念品） | 晶红石英,受限,久经沙场,129.00
Tec-9（纪念品） | 晶红石英 (破损不堪),Tec-9（纪念品） | 晶红石英,受限,破损不堪,
Tec-9（纪念品） | 晶红石英 (略有磨损),Tec-9（纪念品） | 晶红石英,受限,略有磨损,174.73
折叠刀（★ StatTrak™） | 大马士革钢 (崭新出厂),折叠刀（★ StatTrak™） | 大马士革钢,隐秘,崭新出厂,2400.00
折叠刀（★ StatTrak™） | 大马士革钢 (久经沙场),折叠刀（★ StatTrak™） | 大马士革钢,隐秘,久经沙场,1740.00
折叠刀（★ StatTrak™） | 大马士革钢 (破损不堪),折叠刀（★ StatTrak™） | 大马士革钢,隐秘,破损不堪,1899.00
折叠刀（★ StatTrak™） | 大马士革钢 (战痕累累),折叠刀（★ StatTrak™） | 大马士革钢,隐秘,战痕累累,
折叠刀（★ StatTrak™） | 大马士革钢 (略有磨损),折叠刀（★ StatTrak™） | 大马士革钢,隐秘,略有磨损,2130.00
驾驶手套（★） | 雪豹 (崭新出厂),驾驶手套（★） | 雪豹,非凡,崭新出厂,43666.00
驾驶手套（★） | 雪豹 (久经沙场),驾驶手套（★） | 雪豹,非凡,久经沙场,4643.00
驾驶手套（★） | 雪豹 (破损不堪),驾驶手套（★） | 雪豹,非凡,破损不堪,3888.20
驾驶手套（★） | 雪豹 (战痕累累),驾驶手套（★） | 雪豹,非凡,战痕累累,2880.00
驾驶手套（★） | 雪豹 (略有磨损),驾驶手套（★） | 雪豹,非凡,略有磨损,9651.00
加利尔 AR | 神祗 (崭新出厂),加利尔 AR | 神祗,军规级,崭新出厂,14.88
加利尔 AR | 神祗 (久经沙场),加利尔 AR | 神祗,军规级,久经沙场,17.20
加利尔 AR | 神祗 (破损不堪),加利尔 AR | 神祗,军规级,破损不堪,
加利尔 AR | 神祗 (战痕累累),加利尔 AR | 神祗,军规级,战痕累累,15.48
加利尔 AR | 神祗 (略有磨损),加利尔 AR | 神祗,军规级,略有磨损,14.60
UMP-45 | 渐变之色 (崭新出厂),UMP-45 | 渐变之色,保密,崭新出厂,4390.00
UMP-45 | 渐变之色 (略有磨损),UMP-45 | 渐变之色,保密,略有磨损,7068.00
MAG-7（纪念品） | 海军之辉 (崭新出厂),MAG-7（纪念品） | 海军之辉,消费级,崭新出厂,0.37
MAG-7（纪念品） | 海军之辉 (久经沙场),MAG-7（纪念品） | 海军之辉,消费级,久经沙场,0.06
MAG-7（纪念品） | 海军之辉 (破损不堪),MAG-7（纪念品） | 海军之辉,消费级,破损不堪,0.08
MAG-7（纪念品） | 海军之辉 (战痕累累),MAG-7（纪念品） | 海军之辉,消费级,战痕累累,0.09
MAG-7（纪念品） | 海军之辉 (略有磨损),MAG-7（纪念品） | 海军之辉,消费级,略有磨损,0.07
沙漠之鹰 | 深红之网 (崭新出厂),沙漠之鹰 | 深红之网,受限,崭新出厂,889.55
沙漠之鹰 | 深红之网 (久经沙场),沙漠之鹰 | 深红之网,受限,久经沙场,50.02
沙漠之鹰 | 深红之网 (破损不堪),沙漠之鹰 | 深红之网,受限,破损不堪,63.00
沙漠之鹰 | 深红之网 (战痕累累),沙漠之鹰 | 深红之网,受限,战痕累累,45.00
沙漠之鹰 | 深红之网 (略有磨损),沙漠之鹰 | 深红之网,受限,略有磨损,169.23
熊刀（★） | 致命紫罗兰 (崭新出厂),熊刀（★） | 致命紫罗兰,隐秘,崭新出厂,
熊刀（★） | 致命紫罗兰 (久经沙场),熊刀（★） | 致命紫罗兰,隐秘,久经沙场,1475.00
熊刀（★） | 致命紫罗兰 (破损不堪),熊刀（★） | 致命紫罗兰,隐秘,破损不堪,1440.00
熊刀（★） | 致命紫罗兰 (战痕累累),熊刀（★） | 致命紫罗兰,隐秘,战痕累累,1078.82
熊刀（★） | 致命紫罗兰 (略有磨损),熊刀（★） | 致命紫罗兰,隐秘,略有磨损,2150.00
加利尔 AR | 火箭冰棒 (崭新出厂),加利尔 AR | 火箭冰棒,军规级,崭新出厂,39.30
加利尔 AR | 火箭冰棒 (久经沙场),加利尔 AR | 火箭冰棒,军规级,久经沙场,3.95
加利尔 AR | 火箭冰棒 (破损不堪),加利尔 AR | 火箭冰棒,军规级,破损不堪,2.44
加利尔 AR | 火箭冰棒 (战痕累累),加利尔 AR | 火箭冰棒,军规级,战痕累累,2.02
加利尔 AR | 火箭冰棒 (略有磨损),加利尔 AR | 火箭冰棒,军规级,略有磨损,11.30
截短霰弹枪（纪念品） | 旱地之花 (崭新出厂),截短霰弹枪（纪念品） | 旱地之花,消费级,崭新出厂,0.23
截短霰弹枪（纪念品） | 旱地之花 (久经沙场),截短霰弹枪（纪念品） | 旱地之花,消费级,久经沙场,0.18
截短霰弹枪（纪念品） | 旱地之花 (破损不堪),截短霰弹枪（纪念品） | 旱地之花,消费级,破损不堪,0.30
截短霰弹枪（纪念品） | 旱地之花 (战痕累累),截短霰弹枪（纪念品） | 旱地之花,消费级,战痕累累,0.13
截短霰弹枪（纪念品） | 旱地之花 (略有磨损),截短霰弹枪（纪念品） | 旱地之花,消费级,略有磨损,0.11
运动手套（★） | 干旱 (崭新出厂),运动手套（★） | 干旱,非凡,崭新出厂,79999.00
运动手套（★） | 干旱 (久经沙场),运动手套（★） | 干旱,非凡,久经沙场,4719.00
运动手套（★） | 干旱 (破损不堪),运动手套（★） | 干旱,非凡,破损不堪,3799.00
运动手套（★） | 干旱 (战痕累累),运动手套（★） | 干旱,非凡,战痕累累,2348.29
运动手套（★） | 干旱 (略有磨损),运动手套（★） | 干旱,非凡,略有磨损,10852.37
折叠刀（★ StatTrak™） | 人工染色 (崭新出厂),折叠刀（★ StatTrak™） | 人工染色,隐秘,崭新出厂,
折叠刀（★ StatTrak™） | 人工染色 (久经沙场),折叠刀（★ StatTrak™） | 人工染色,隐秘,久经沙场,1480.00
折叠刀（★ StatTrak™） | 人工染色 (破损不堪),折叠刀（★ StatTrak™） | 人工染色,隐秘,破损不堪,
折叠刀（★ StatTrak™） | 人工染色 (战痕累累),折叠刀（★ StatTrak™） | 人工染色,隐秘,战痕累累,
折叠刀（★ StatTrak™） | 人工染色 (略有磨损),折叠刀（★ StatTrak™） | 人工染色,隐秘,略有磨损,1660.28
USP 消音版 | 小绿怪 (崭新出厂),USP 消音版 | 小绿怪,保密,崭新出厂,270.56
USP 消音版 | 小绿怪 (久经沙场),USP 消音版 | 小绿怪,保密,久经沙场,114.55
USP 消音版 | 小绿怪 (破损不堪),USP 消音版 | 小绿怪,保密,破损不堪,100.00
USP 消音版 | 小绿怪 (战痕累累),USP 消音版 | 小绿怪,保密,战痕累累,94.94
USP 消音版 | 小绿怪 (略有磨损),USP 消音版 | 小绿怪,保密,略有磨损,168.31
AK-47 | 精英之作 (崭新出厂),AK-47 | 精英之作,军规级,崭新出厂,34.56
AK-47 | 精英之作 (久经沙场),AK-47 | 精英之作,军规级,久经沙场,8.10
AK-47 | 精英之作 (破损不堪),AK-47 | 精英之作,军规级,破损不堪,5.84
AK-47 | 精英之作 (战痕累累),AK-47 | 精英之作,军规级,战痕累累,4.77
AK-47 | 精英之作 (略有磨损),AK-47 | 精英之作,军规级,略有磨损,11.18
M249（纪念品） | 淹没 (崭新出厂),M249（纪念品） | 淹没,消费级,崭新出厂,2.15
M249（纪念品） | 淹没 (久经沙场),M249（纪念品） | 淹没,消费级,久经沙场,0.09
M249（纪念品） | 淹没 (破损不堪),M249（纪念品） | 淹没,消费级,破损不堪,0.44
M249（纪念品） | 淹没 (战痕累累),M249（纪念品） | 淹没,消费级,战痕累累,0.10
M249（纪念品） | 淹没 (略有磨损),M249（纪念品） | 淹没,消费级,略有磨损,0.09
猎杀者匕首（★） | 自动化 (崭新出厂),猎杀者匕首（★） | 自动化,隐秘,崭新出厂,3488.00
猎杀者匕首（★） | 自动化 (久经沙场),猎杀者匕首（★） | 自动化,隐秘,久经沙场,1688.00
猎杀者匕首（★） | 自动化 (破损不堪),猎杀者匕首（★） | 自动化,隐秘,破损不堪,
猎杀者匕首（★） | 自动化 (战痕累累),猎杀者匕首（★） | 自动化,隐秘,战痕累累,1500.00
猎杀者匕首（★） | 自动化 (略有磨损),猎杀者匕首（★） | 自动化,隐秘,略有磨损,1939.00
专业手套（★） | 老虎精英 (崭新出厂),专业手套（★） | 老虎精英,非凡,崭新出厂,32800.00
专业手套（★） | 老虎精英 (久经沙场),专业手套（★） | 老虎精英,非凡,久经沙场,4200.00
专业手套（★） | 老虎精英 (破损不堪),专业手套（★） | 老虎精英,非凡,破损不堪,3149.90
专业手套（★） | 老虎精英 (战痕累累),专业手套（★） | 老虎精英,非凡,战痕累累,1424.14
专业手套（★） | 老虎精英 (略有磨损),专业手套（★） | 老虎精英,非凡,略有磨损,11965.02
SG 553（StatTrak™） | 黯翼 (崭新出厂),SG 553（StatTrak™） | 黯翼,受限,崭新出厂,48.18
SG 553（StatTrak™） | 黯翼 (久经沙场),SG 553（StatTrak™） | 黯翼,受限,久经沙场,6.25
SG 553（StatTrak™） | 黯翼 (破损不堪),SG 553（StatTrak™） | 黯翼,受限,破损不堪,5.78
SG 553（StatTrak™） | 黯翼 (战痕累累),SG 553（StatTrak™） | 黯翼,受限,战痕累累,6.25
SG 553（StatTrak™） | 黯翼 (略有磨损),SG 553（StatTrak™） | 黯翼,受限,略有磨损,13.20
M249（纪念品） | 夜半棕榈 (崭新出厂),M249（纪念品） | 夜半棕榈,工业级,崭新出厂,0.63
M249（纪念品） | 夜半棕榈 (久经沙场),M249（纪念品） | 夜半棕榈,工业级,久经沙场,0.13
M249（纪念品） | 夜半棕榈 (破损不堪),M249（纪念品） | 夜半棕榈,工业级,破损不堪,0.30
M249（纪念品） | 夜半棕榈 (战痕累累),M249（纪念品） | 夜半棕榈,工业级,战痕累累,0.43
M249（纪念品） | 夜半棕榈 (略有磨损),M249（纪念品） | 夜半棕榈,工业级,略有磨损,0.23
USP 消音版 | 黑色魅影 (崭新出厂),USP 消音版 | 黑色魅影,隐秘,崭新出厂,278.96
USP 消音版 | 黑色魅影 (久经沙场),USP 消音版 | 黑色魅影,隐秘,久经沙场,113.35
USP 消音版 | 黑色魅影 (破损不堪),USP 消音版 | 黑色魅影,隐秘,破损不堪,149.20
USP 消音版 | 黑色魅影 (战痕累累),USP 消音版 | 黑色魅影,隐秘,战痕累累,90.00
USP 消音版 | 黑色魅影 (略有磨损),USP 消音版 | 黑色魅影,隐秘,略有磨损,161.45
折叠刀（★） | 噩梦之夜 (崭新出厂),折叠刀（★） | 噩梦之夜,隐秘,崭新出厂,5600.00
折叠刀（★） | 噩梦之夜 (久经沙场),折叠刀（★） | 噩梦之夜,隐秘,久经沙场,1541.45
折叠刀（★） | 噩梦之夜 (破损不堪),折叠刀（★） | 噩梦之夜,隐秘,破损不堪,1539.00
折叠刀（★） | 噩梦之夜 (战痕累累),折叠刀（★） | 噩梦之夜,隐秘,战痕累累,1352.00
折叠刀（★） | 噩梦之夜 (略有磨损),折叠刀（★） | 噩梦之夜,隐秘,略有磨损,2149.00
SG 553 | 大马士革钢 (崭新出厂),SG 553 | 大马士革钢,军规级,崭新出厂,16.61
SG 553 | 大马士革钢 (久经沙场),SG 553 | 大马士革钢,军规级,久经沙场,7.56
SG 553 | 大马士革钢 (破损不堪),SG 553 | 大马士革钢,军规级,破损不堪,7.25
SG 553 | 大马士革钢 (战痕累累),SG 553 | 大马士革钢,军规级,战痕累累,7.00
SG 553 | 大马士革钢 (略有磨损),SG 553 | 大马士革钢,军规级,略有磨损,11.68
专业手套（★） | 渐变之色 (崭新出厂),专业手套（★） | 渐变之色,非凡,崭新出厂,39759.20
专业手套（★） | 渐变之色 (久经沙场),专业手套（★） | 渐变之色,非凡,久经沙场,2724.01
专业手套（★） | 渐变之色 (破损不堪),专业手套（★） | 渐变之色,非凡,破损不堪,1874.12
专业手套（★） | 渐变之色 (战痕累累),专业手套（★） | 渐变之色,非凡,战痕累累,1255.00
专业手套（★） | 渐变之色 (略有磨损),专业手套（★） | 渐变之色,非凡,略有磨损,11543.99
FN57（StatTrak™） | 表面淬火 (崭新出厂),FN57（StatTrak™） | 表面淬火,受限,崭新出厂,1000.00
FN57（StatTrak™） | 表面淬火 (久经沙场),FN57（StatTrak™） | 表面淬火,受限,久经沙场,140.00
FN57（StatTrak™） | 表面淬火 (破损不堪),FN57（StatTrak™） | 表面淬火,受限,破损不堪,265.00
FN57（StatTrak™） | 表面淬火 (战痕累累),FN57（StatTrak™） | 表面淬火,受限,战痕累累,109.00
FN57（StatTrak™） | 表面淬火 (略有磨损),FN57（StatTrak™） | 表面淬火,受限,略有磨损,330.00
内格夫 | 军队之辉 (崭新出厂),内格夫 | 军队之辉,消费级,崭新出厂,0.47
内格夫 | 军队之辉 (久经沙场),内格夫 | 军队之辉,消费级,久经沙场,0.16
内格夫 | 军队之辉 (略有磨损),内格夫 | 军队之辉,消费级,略有磨损,0.28
折叠刀（★） | 表面淬火 (崭新出厂),折叠刀（★） | 表面淬火,隐秘,崭新出厂,3000.00
折叠刀（★） | 表面淬火 (久经沙场),折叠刀（★） | 表面淬火,隐秘,久经沙场,1986.00
折叠刀（★） | 表面淬火 (破损不堪),折叠刀（★） | 表面淬火,隐秘,破损不堪,1760.00
折叠刀（★） | 表面淬火 (战痕累累),折叠刀（★） | 表面淬火,隐秘,战痕累累,1699.00
折叠刀（★） | 表面淬火 (略有磨损),折叠刀（★） | 表面淬火,隐秘,略有磨损,2158.00
AUG | 辐射危机 (崭新出厂),AUG | 辐射危机,工业级,崭新出厂,13.26
AUG | 辐射危机 (久经沙场),AUG | 辐射危机,工业级,久经沙场,8.34
AUG | 辐射危机 (破损不堪),AUG | 辐射危机,工业级,破损不堪,
AUG | 辐射危机 (战痕累累),AUG | 辐射危机,工业级,战痕累累,8.25
AUG | 辐射危机 (略有磨损),AUG | 辐射危机,工业级,略有磨损,11.15
CZ75（StatTrak™） | 梅红时刻 (崭新出厂),CZ75（StatTrak™） | 梅红时刻,保密,崭新出厂,400.00
CZ75（StatTrak™） | 梅红时刻 (久经沙场),CZ75（StatTrak™） | 梅红时刻,保密,久经沙场,188.00
CZ75（StatTrak™） | 梅红时刻 (破损不堪),CZ75（StatTrak™） | 梅红时刻,保密,破损不堪,
CZ75（StatTrak™） | 梅红时刻 (略有磨损),CZ75（StatTrak™） | 梅红时刻,保密,略有磨损,188.00
XM1014 | 蓝色云杉 (崭新出厂),XM1014 | 蓝色云杉,消费级,崭新出厂,1.97
XM1014 | 蓝色云杉 (久经沙场),XM1014 | 蓝色云杉,消费级,久经沙场,0.15
XM1014 | 蓝色云杉 (破损不堪),XM1014 | 蓝色云杉,消费级,破损不堪,0.15
XM1014 | 蓝色云杉 (战痕累累),XM1014 | 蓝色云杉,消费级,战痕累累,0.11
XM1014 | 蓝色云杉 (略有磨损),XM1014 | 蓝色云杉,消费级,略有磨损,0.22
专业手套（★） | 渐变大理石 (崭新出厂),专业手套（★） | 渐变大理石,非凡,崭新出厂,39999.00
专业手套（★） | 渐变大理石 (久经沙场),专业手套（★） | 渐变大理石,非凡,久经沙场,2508.03
专业手套（★） | 渐变大理石 (破损不堪),专业手套（★） | 渐变大理石,非凡,破损不堪,1815.00
专业手套（★） | 渐变大理石 (战痕累累),专业手套（★） | 渐变大理石,非凡,战痕累累,1150.00
专业手套（★） | 渐变大理石 (略有磨损),专业手套（★） | 渐变大理石,非凡,略有磨损,11475.01
P2000（StatTrak™） | 珊瑚树 (崭新出厂),P2000（StatTrak™） | 珊瑚树,保密,崭新出厂,500.00
P2000（StatTrak™） | 珊瑚树 (久经沙场),P2000（StatTrak™） | 珊瑚树,保密,久经沙场,88.80
P2000（StatTrak™） | 珊瑚树 (略有磨损),P2000（StatTrak™） | 珊瑚树,保密,略有磨损,188.00
驾驶手套（★） | 王蛇 (崭新出厂),驾驶手套（★） | 王蛇,非凡,崭新出厂,102000.00
驾驶手套（★） | 王蛇 (久经沙场),驾驶手套（★） | 王蛇,非凡,久经沙场,3579.88
驾驶手套（★） | 王蛇 (破损不堪),驾驶手套（★） | 王蛇,非凡,破损不堪,2750.00
驾驶手套（★） | 王蛇 (战痕累累),驾驶手套（★） | 王蛇,非凡,战痕累累,1900.00
驾驶手套（★） | 王蛇 (略有磨损),驾驶手套（★） | 王蛇,非凡,略有磨损,12774.83
MAG-7 | 外表生锈 (崭新出厂),MAG-7 | 外表生锈,消费级,崭新出厂,0.80
MAG-7 | 外表生锈 (久经沙场),MAG-7 | 外表生锈,消费级,久经沙场,0.16
MAG-7 | 外表生锈 (破损不堪),MAG-7 | 外表生锈,消费级,破损不堪,0.15
MAG-7 | 外表生锈 (战痕累累),MAG-7 | 外表生锈,消费级,战痕累累,0.13
MAG-7 | 外表生锈 (略有磨损),MAG-7 | 外表生锈,消费级,略有磨损,0.20
折叠刀（★ StatTrak™） | 黑色层压板 (崭新出厂),折叠刀（★ StatTrak™） | 黑色层压板,隐秘,崭新出厂,
折叠刀（★ StatTrak™） | 黑色层压板 (久经沙场),折叠刀（★ StatTrak™） | 黑色层压板,隐秘,久经沙场,2000.00
折叠刀（★ StatTrak™） | 黑色层压板 (破损不堪),折叠刀（★ StatTrak™） | 黑色层压板,隐秘,破损不堪,
折叠刀（★ StatTrak™） | 黑色层压板 (战痕累累),折叠刀（★ StatTrak™） | 黑色层压板,隐秘,战痕累累,
折叠刀（★ StatTrak™） | 黑色层压板 (略有磨损),折叠刀（★ StatTrak™） | 黑色层压板,隐秘,略有磨损,2069.99
加利尔 AR（StatTrak™） | 火线冲锋 (崭新出厂),加利尔 AR（StatTrak™） | 火线冲锋,受限,崭新出厂,29.63
加利尔 AR（StatTrak™） | 火线冲锋 (久经沙场),加利尔 AR（StatTrak™） | 火线冲锋,受限,久经沙场,5.29
加利尔 AR（StatTrak™） | 火线冲锋 (破损不堪),加利尔 AR（StatTrak™） | 火线冲锋,受限,破损不堪,4.88
加利尔 AR（StatTrak™） | 火线冲锋 (战痕累累),加利尔 AR（StatTrak™） | 火线冲锋,受限,战痕累累,6.08
加利尔 AR（StatTrak™） | 火线冲锋 (略有磨损),加利尔 AR（StatTrak™） | 火线冲锋,受限,略有磨损,11.78
MAG-7（纪念品） | 外表生锈 (崭新出厂),MAG-7（纪念品） | 外表生锈,消费级,崭新出厂,2.63
MAG-7（纪念品） | 外表生锈 (久经沙场),MAG-7（纪念品） | 外表生锈,消费级,久经沙场,0.08
MAG-7（纪念品） | 外表生锈 (破损不堪),MAG-7（纪念品） | 外表生锈,消费级,破损不堪,0.12
MAG-7（纪念品） | 外表生锈 (战痕累累),MAG-7（纪念品） | 外表生锈,消费级,战痕累累,0.28
MAG-7（纪念品） | 外表生锈 (略有磨损),MAG-7（纪念品） | 外表生锈,消费级,略有磨损,0.20
P2000 | 银质 (崭新出厂),P2000 | 银质,军规级,崭新出厂,110.00
P2000 | 银质 (略有磨损),P2000 | 银质,军规级,略有磨损,190.00
运动手套（★） | 欧米伽 (崭新出厂),运动手套（★） | 欧米伽,非凡,崭新出厂,46888.00
运动手套（★） | 欧米伽 (久经沙场),运动手套（★） | 欧米伽,非凡,久经沙场,5044.88
运动手套（★） | 欧米伽 (破损不堪),运动手套（★） | 欧米伽,非凡,破损不堪,3988.00
运动手套（★） | 欧米伽 (战痕累累),运动手套（★） | 欧米伽,非凡,战痕累累,2865.00
运动手套（★） | 欧米伽 (略有磨损),运动手套（★） | 欧米伽,非凡,略有磨损,12711.02
鲍伊猎刀（★ StatTrak™） | 澄澈之水 (崭新出厂),鲍伊猎刀（★ StatTrak™） | 澄澈之水,隐秘,崭新出厂,
鲍伊猎刀（★ StatTrak™） | 澄澈之水 (久经沙场),鲍伊猎刀（★ StatTrak™） | 澄澈之水,隐秘,久经沙场,1000.00
鲍伊猎刀（★ StatTrak™） | 澄澈之水 (破损不堪),鲍伊猎刀（★ StatTrak™） | 澄澈之水,隐秘,破损不堪,
鲍伊猎刀（★ StatTrak™） | 澄澈之水 (战痕累累),鲍伊猎刀（★ StatTrak™） | 澄澈之水,隐秘,战痕累累,
鲍伊猎刀（★ StatTrak™） | 澄澈之水 (略有磨损),鲍伊猎刀（★ StatTrak™） | 澄澈之水,隐秘,略有磨损,1299.00
G3SG1（StatTrak™） | 黑暗豹纹 (崭新出厂),G3SG1（StatTrak™） | 黑暗豹纹,军规级,崭新出厂,17.53
G3SG1（StatTrak™） | 黑暗豹纹 (久经沙场),G3SG1（StatTrak™） | 黑暗豹纹,军规级,久经沙场,8.90
G3SG1（StatTrak™） | 黑暗豹纹 (略有磨损),G3SG1（StatTrak™） | 黑暗豹纹,军规级,略有磨损,10.77
AWP（StatTrak™） | 毛细血管 (崭新出厂),AWP（StatTrak™） | 毛细血管,军规级,崭新出厂,60.00
AWP（StatTrak™） | 毛细血管 (久经沙场),AWP（StatTrak™） | 毛细血管,军规级,久经沙场,6.00
AWP（StatTrak™） | 毛细血管 (破损不堪),AWP（StatTrak™） | 毛细血管,军规级,破损不堪,13.66
AWP（StatTrak™） | 毛细血管 (战痕累累),AWP（StatTrak™） | 毛细血管,军规级,战痕累累,6.88
AWP（StatTrak™） | 毛细血管 (略有磨损),AWP（StatTrak™） | 毛细血管,军规级,略有磨损,10.10
USP 消音版 | 疯狂蔓延 (崭新出厂),USP 消音版 | 疯狂蔓延,受限,崭新出厂,868.00
USP 消音版 | 疯狂蔓延 (久经沙场),USP 消音版 | 疯狂蔓延,受限,久经沙场,166.16
USP 消音版 | 疯狂蔓延 (破损不堪),USP 消音版 | 疯狂蔓延,受限,破损不堪,226.00
USP 消音版 | 疯狂蔓延 (战痕累累),USP 消音版 | 疯狂蔓延,受限,战痕累累,
USP 消音版 | 疯狂蔓延 (略有磨损),USP 消音版 | 疯狂蔓延,受限,略有磨损,175.75
运动手套（★） | 双栖 (崭新出厂),运动手套（★） | 双栖,非凡,崭新出厂,65000.00
运动手套（★） | 双栖 (久经沙场),运动手套（★） | 双栖,非凡,久经沙场,6900.00
运动手套（★） | 双栖 (破损不堪),运动手套（★） | 双栖,非凡,破损不堪,5488.00
运动手套（★） | 双栖 (战痕累累),运动手套（★） | 双栖,非凡,战痕累累,3853.37
运动手套（★） | 双栖 (略有磨损),运动手套（★） | 双栖,非凡,略有磨损,16855.12
截短霰弹枪 | 森林 DDPAT (崭新出厂),截短霰弹枪 | 森林 DDPAT,消费级,崭新出厂,3.00
截短霰弹枪 | 森林 DDPAT (久经沙场),截短霰弹枪 | 森林 DDPAT,消费级,久经沙场,0.18
截短霰弹枪 | 森林 DDPAT (破损不堪),截短霰弹枪 | 森林 DDPAT,消费级,破损不堪,0.15
截短霰弹枪 | 森林 DDPAT (战痕累累),截短霰弹枪 | 森林 DDPAT,消费级,战痕累累,0.15
截短霰弹枪 | 森林 DDPAT (略有磨损),截短霰弹枪 | 森林 DDPAT,消费级,略有磨损,0.19
M4A1 消音型 | 多变迷彩 (崭新出厂),M4A1 消音型 | 多变迷彩,军规级,崭新出厂,14.77
M4A1 消音型 | 多变迷彩 (久经沙场),M4A1 消音型 | 多变迷彩,军规级,久经沙场,8.03
M4A1 消音型 | 多变迷彩 (破损不堪),M4A1 消音型 | 多变迷彩,军规级,破损不堪,11.00
M4A1 消音型 | 多变迷彩 (战痕累累),M4A1 消音型 | 多变迷彩,军规级,战痕累累,7.53
M4A1 消音型 | 多变迷彩 (略有磨损),M4A1 消音型 | 多变迷彩,军规级,略有磨损,12.08
专业手套（★） | 翠绿之网 (崭新出厂),专业手套（★） | 翠绿之网,非凡,崭新出厂,78000.00
专业手套（★） | 翠绿之网 (久经沙场),专业手套（★） | 翠绿之网,非凡,久经沙场,5069.67
专业手套（★） | 翠绿之网 (破损不堪),专业手套（★） | 翠绿之网,非凡,破损不堪,3920.00
专业手套（★） | 翠绿之网 (战痕累累),专业手套（★） | 翠绿之网,非凡,战痕累累,2300.00
专业手套（★） | 翠绿之网 (略有磨损),专业手套（★） | 翠绿之网,非凡,略有磨损,18365.00
折刀（★） | 渐变之色 (崭新出厂),折刀（★） | 渐变之色,隐秘,崭新出厂,2075.17
折刀（★） | 渐变之色 (略有磨损),折刀（★） | 渐变之色,隐秘,略有磨损,2200.00
折叠刀（★） | 黑色层压板 (崭新出厂),折叠刀（★） | 黑色层压板,隐秘,崭新出厂,3195.80
折叠刀（★） | 黑色层压板 (久经沙场),折叠刀（★） | 黑色层压板,隐秘,久经沙场,1988.00
折叠刀（★） | 黑色层压板 (破损不堪),折叠刀（★） | 黑色层压板,隐秘,破损不堪,1784.90
折叠刀（★） | 黑色层压板 (战痕累累),折叠刀（★） | 黑色层压板,隐秘,战痕累累,1849.00
折叠刀（★） | 黑色层压板 (略有磨损),折叠刀（★） | 黑色层压板,隐秘,略有磨损,2166.83
运动手套（★） | 弹弓 (崭新出厂),运动手套（★） | 弹弓,非凡,崭新出厂,73000.00
运动手套（★） | 弹弓 (久经沙场),运动手套（★） | 弹弓,非凡,久经沙场,6361.00
运动手套（★） | 弹弓 (破损不堪),运动手套（★） | 弹弓,非凡,破损不堪,4350.00
运动手套（★） | 弹弓 (战痕累累),运动手套（★） | 弹弓,非凡,战痕累累,2100.00
运动手套（★） | 弹弓 (略有磨损),运动手套（★） | 弹弓,非凡,略有磨损,22249.99
Tec-9（纪念品） | 黄铜 (崭新出厂),Tec-9（纪念品） | 黄铜,军规级,崭新出厂,
Tec-9（纪念品） | 黄铜 (久经沙场),Tec-9（纪念品） | 黄铜,军规级,久经沙场,128.24
Tec-9（纪念品） | 黄铜 (破损不堪),Tec-9（纪念品） | 黄铜,军规级,破损不堪,288.00
Tec-9（纪念品） | 黄铜 (战痕累累),Tec-9（纪念品） | 黄铜,军规级,战痕累累,169.00
Tec-9（纪念品） | 黄铜 (略有磨损),Tec-9（纪念品） | 黄铜,军规级,略有磨损,167.00
SCAR-20（StatTrak™） | 执行者 (崭新出厂),SCAR-20（StatTrak™） | 执行者,受限,崭新出厂,46.85
SCAR-20（StatTrak™） | 执行者 (久经沙场),SCAR-20（StatTrak™） | 执行者,受限,久经沙场,6.30
SCAR-20（StatTrak™） | 执行者 (破损不堪),SCAR-20（StatTrak™） | 执行者,受限,破损不堪,5.56
SCAR-20（StatTrak™） | 执行者 (战痕累累),SCAR-20（StatTrak™） | 执行者,受限,战痕累累,5.39
SCAR-20（StatTrak™） | 执行者 (略有磨损),SCAR-20（StatTrak™） | 执行者,受限,略有磨损,14.34
新星 | 捕食者 (崭新出厂),新星 | 捕食者,消费级,崭新出厂,2.88
新星 | 捕食者 (久经沙场),新星 | 捕食者,消费级,久经沙场,0.12
新星 | 捕食者 (破损不堪),新星 | 捕食者,消费级,破损不堪,0.11
新星 | 捕食者 (战痕累累),新星 | 捕食者,消费级,战痕累累,0.11
新星 | 捕食者 (略有磨损),新星 | 捕食者,消费级,略有磨损,0.20
专业手套（★） | 深红和服 (崭新出厂),专业手套（★） | 深红和服,非凡,崭新出厂,
专业手套（★） | 深红和服 (久经沙场),专业手套（★） | 深红和服,非凡,久经沙场,10344.83
专业手套（★） | 深红和服 (破损不堪),专业手套（★） | 深红和服,非凡,破损不堪,11000.00
专业手套（★） | 深红和服 (战痕累累),专业手套（★） | 深红和服,非凡,战痕累累,5143.85
专业手套（★） | 深红和服 (略有磨损),专业手套（★） | 深红和服,非凡,略有磨损,28788.00
格洛克 18 型（StatTrak™） | 水灵 (崭新出厂),格洛克 18 型（StatTrak™） | 水灵,保密,崭新出厂,370.00
格洛克 18 型（StatTrak™） | 水灵 (久经沙场),格洛克 18 型（StatTrak™） | 水灵,保密,久经沙场,97.88
格洛克 18 型（StatTrak™） | 水灵 (破损不堪),格洛克 18 型（StatTrak™） | 水灵,保密,破损不堪,
格洛克 18 型（StatTrak™） | 水灵 (战痕累累),格洛克 18 型（StatTrak™） | 水灵,保密,战痕累累,80.00
格洛克 18 型（StatTrak™） | 水灵 (略有磨损),格洛克 18 型（StatTrak™） | 水灵,保密,略有磨损,189.99
AUG | 殖民侵略者 (崭新出厂),AUG | 殖民侵略者,消费级,崭新出厂,
AUG | 殖民侵略者 (久经沙场),AUG | 殖民侵略者,消费级,久经沙场,
AUG | 殖民侵略者 (破损不堪),AUG | 殖民侵略者,消费级,破损不堪,
AUG | 殖民侵略者 (战痕累累),AUG | 殖民侵略者,消费级,战痕累累,120.00
AUG | 殖民侵略者 (略有磨损),AUG | 殖民侵略者,消费级,略有磨损,14.11
新星 | 极地网格 (崭新出厂),新星 | 极地网格,消费级,崭新出厂,1.47
新星 | 极地网格 (久经沙场),新星 | 极地网格,消费级,久经沙场,0.20
新星 | 极地网格 (破损不堪),新星 | 极地网格,消费级,破损不堪,0.19
新星 | 极地网格 (战痕累累),新星 | 极地网格,消费级,战痕累累,0.19
新星 | 极地网格 (略有磨损),新星 | 极地网格,消费级,略有磨损,0.23
暗影双匕（★ StatTrak™） | 传说 (崭新出厂),暗影双匕（★ StatTrak™） | 传说,隐秘,崭新出厂,6000.00
暗影双匕（★ StatTrak™） | 传说 (久经沙场),暗影双匕（★ StatTrak™） | 传说,隐秘,久经沙场,
暗影双匕（★ StatTrak™） | 传说 (破损不堪),暗影双匕（★ StatTrak™） | 传说,隐秘,破损不堪,
暗影双匕（★ StatTrak™） | 传说 (战痕累累),暗影双匕（★ StatTrak™） | 传说,隐秘,战痕累累,
暗影双匕（★ StatTrak™） | 传说 (略有磨损),暗影双匕（★ StatTrak™） | 传说,隐秘,略有磨损,1936.00
运动手套（★） | 迈阿密风云 (崭新出厂),运动手套（★） | 迈阿密风云,非凡,崭新出厂,169000.00
运动手套（★） | 迈阿密风云 (久经沙场),运动手套（★） | 迈阿密风云,非凡,久经沙场,11173.00
运动手套（★） | 迈阿密风云 (破损不堪),运动手套（★） | 迈阿密风云,非凡,破损不堪,8988.88
运动手套（★） | 迈阿密风云 (战痕累累),运动手套（★） | 迈阿密风云,非凡,战痕累累,5676.55
运动手套（★） | 迈阿密风云 (略有磨损),运动手套（★） | 迈阿密风云,非凡,略有磨损,36411.55
双持贝瑞塔（纪念品） | 雇佣兵 (崭新出厂),双持贝瑞塔（纪念品） | 雇佣兵,消费级,崭新出厂,
双持贝瑞塔（纪念品） | 雇佣兵 (久经沙场),双持贝瑞塔（纪念品） | 雇佣兵,消费级,久经沙场,
双持贝瑞塔（纪念品） | 雇佣兵 (破损不堪),双持贝瑞塔（纪念品） | 雇佣兵,消费级,破损不堪,200.00
双持贝瑞塔（纪念品） | 雇佣兵 (战痕累累),双持贝瑞塔（纪念品） | 雇佣兵,消费级,战痕累累,
双持贝瑞塔（纪念品） | 雇佣兵 (略有磨损),双持贝瑞塔（纪念品） | 雇佣兵,消费级,略有磨损,200.00
新星 | 沙丘之黄 (崭新出厂),新星 | 沙丘之黄,消费级,崭新出厂,2.40
新星 | 沙丘之黄 (久经沙场),新星 | 沙丘之黄,消费级,久经沙场,0.16
新星 | 沙丘之黄 (破损不堪),新星 | 沙丘之黄,消费级,破损不堪,0.25
新星 | 沙丘之黄 (战痕累累),新星 | 沙丘之黄,消费级,战痕累累,0.11
新星 | 沙丘之黄 (略有磨损),新星 | 沙丘之黄,消费级,略有磨损,0.20
G3SG1 | 碧蓝斑纹 (崭新出厂),G3SG1 | 碧蓝斑纹,军规级,崭新出厂,13.33
G3SG1 | 碧蓝斑纹 (久经沙场),G3SG1 | 碧蓝斑纹,军规级,久经沙场,71.40
G3SG1 | 碧蓝斑纹 (略有磨损),G3SG1 | 碧蓝斑纹,军规级,略有磨损,14.49
熊刀（★ StatTrak™） | 致命紫罗兰 (久经沙场),熊刀（★ StatTrak™） | 致命紫罗兰,隐秘,久经沙场,1490.00
熊刀（★ StatTrak™） | 致命紫罗兰 (破损不堪),熊刀（★ StatTrak™） | 致命紫罗兰,隐秘,破损不堪,
熊刀（★ StatTrak™） | 致命紫罗兰 (战痕累累),熊刀（★ StatTrak™） | 致命紫罗兰,隐秘,战痕累累,
熊刀（★ StatTrak™） | 致命紫罗兰 (略有磨损),熊刀（★ StatTrak™） | 致命紫罗兰,隐秘,略有磨损,2050.00
运动手套（★） | 超导体 (崭新出厂),运动手套（★） | 超导体,非凡,崭新出厂,135000.00
运动手套（★） | 超导体 (久经沙场),运动手套（★） | 超导体,非凡,久经沙场,15643.87
运动手套（★） | 超导体 (破损不堪),运动手套（★） | 超导体,非凡,破损不堪,11999.00
运动手套（★） | 超导体 (战痕累累),运动手套（★） | 超导体,非凡,战痕累累,5349.00
运动手套（★） | 超导体 (略有磨损),运动手套（★） | 超导体,非凡,略有磨损,38088.00
XM1014（纪念品） | 象形文字 (崭新出厂),XM1014（纪念品） | 象形文字,消费级,崭新出厂,4.42
XM1014（纪念品） | 象形文字 (久经沙场),XM1014（纪念品） | 象形文字,消费级,久经沙场,0.44
XM1014（纪念品） | 象形文字 (破损不堪),XM1014（纪念品） | 象形文字,消费级,破损不堪,0.14
XM1014（纪念品） | 象形文字 (战痕累累),XM1014（纪念品） | 象形文字,消费级,战痕累累,1.49
XM1014（纪念品） | 象形文字 (略有磨损),XM1014（纪念品） | 象形文字,消费级,略有磨损,0.39
格洛克 18 型 | 黄铜 (崭新出厂),格洛克 18 型 | 黄铜,受限,崭新出厂,430.00
格洛克 18 型 | 黄铜 (久经沙场),格洛克 18 型 | 黄铜,受限,久经沙场,110.00
格洛克 18 型 | 黄铜 (破损不堪),格洛克 18 型 | 黄铜,受限,破损不堪,188.88
格洛克 18 型 | 黄铜 (战痕累累),格洛克 18 型 | 黄铜,受限,战痕累累,
格洛克 18 型 | 黄铜 (略有磨损),格洛克 18 型 | 黄铜,受限,略有磨损,199.10
M4A1 消音型（纪念品） | 泥斑迷彩 (崭新出厂),M4A1 消音型（纪念品） | 泥斑迷彩,工业级,崭新出厂,39.80
M4A1 消音型（纪念品） | 泥斑迷彩 (久经沙场),M4A1 消音型（纪念品） | 泥斑迷彩,工业级,久经沙场,8.50
M4A1 消音型（纪念品） | 泥斑迷彩 (破损不堪),M4A1 消音型（纪念品） | 泥斑迷彩,工业级,破损不堪,25.00
M4A1 消音型（纪念品） | 泥斑迷彩 (战痕累累),M4A1 消音型（纪念品） | 泥斑迷彩,工业级,战痕累累,14.89
M4A1 消音型（纪念品） | 泥斑迷彩 (略有磨损),M4A1 消音型（纪念品） | 泥斑迷彩,工业级,略有磨损,12.00
骷髅匕首（★ StatTrak™） | 狩猎网格 (久经沙场),骷髅匕首（★ StatTrak™） | 狩猎网格,隐秘,久经沙场,2300.00
骷髅匕首（★ StatTrak™） | 狩猎网格 (破损不堪),骷髅匕首（★ StatTrak™） | 狩猎网格,隐秘,破损不堪,
骷髅匕首（★ StatTrak™） | 狩猎网格 (战痕累累),骷髅匕首（★ StatTrak™） | 狩猎网格,隐秘,战痕累累,3000.00
骷髅匕首（★ StatTrak™） | 狩猎网格 (略有磨损),骷髅匕首（★ StatTrak™） | 狩猎网格,隐秘,略有磨损,
新星 | 芯轴 (崭新出厂),新星 | 芯轴,消费级,崭新出厂,0.44
新星 | 芯轴 (久经沙场),新星 | 芯轴,消费级,久经沙场,0.13
新星 | 芯轴 (破损不堪),新星 | 芯轴,消费级,破损不堪,0.16
新星 | 芯轴 (战痕累累),新星 | 芯轴,消费级,战痕累累,0.29
新星 | 芯轴 (略有磨损),新星 | 芯轴,消费级,略有磨损,0.24
猎杀者匕首（★） | 表面淬火 (崭新出厂),猎杀者匕首（★） | 表面淬火,隐秘,崭新出厂,
猎杀者匕首（★） | 表面淬火 (久经沙场),猎杀者匕首（★） | 表面淬火,隐秘,久经沙场,1888.00
猎杀者匕首（★） | 表面淬火 (破损不堪),猎杀者匕首（★） | 表面淬火,隐秘,破损不堪,
猎杀者匕首（★） | 表面淬火 (战痕累累),猎杀者匕首（★） | 表面淬火,隐秘,战痕累累,
猎杀者匕首（★） | 表面淬火 (略有磨损),猎杀者匕首（★） | 表面淬火,隐秘,略有磨损,2300.00
P250 | 多面体 (崭新出厂),P250 | 多面体,工业级,崭新出厂,
P250 | 多面体 (久经沙场),P250 | 多面体,工业级,久经沙场,25.00
P250 | 多面体 (破损不堪),P250 | 多面体,工业级,破损不堪,49.99
P250 | 多面体 (战痕累累),P250 | 多面体,工业级,战痕累累,
P250 | 多面体 (略有磨损),P250 | 多面体,工业级,略有磨损,75.99
加利尔 AR（StatTrak™） | 神祗 (崭新出厂),加利尔 AR（StatTrak™） | 神祗,军规级,崭新出厂,25.00
加利尔 AR（StatTrak™） | 神祗 (久经沙场),加利尔 AR（StatTrak™） | 神祗,军规级,久经沙场,14.50
加利尔 AR（StatTrak™） | 神祗 (破损不堪),加利尔 AR（StatTrak™） | 神祗,军规级,破损不堪,
加利尔 AR（StatTrak™） | 神祗 (战痕累累),加利尔 AR（StatTrak™） | 神祗,军规级,战痕累累,11.90
加利尔 AR（StatTrak™） | 神祗 (略有磨损),加利尔 AR（StatTrak™） | 神祗,军规级,略有磨损,14.75
M249 | 淹没 (崭新出厂),M249 | 淹没,消费级,崭新出厂,1.02
M249 | 淹没 (久经沙场),M249 | 淹没,消费级,久经沙场,0.21
M249 | 淹没 (破损不堪),M249 | 淹没,消费级,破损不堪,48.88
M249 | 淹没 (战痕累累),M249 | 淹没,消费级,战痕累累,0.18
M249 | 淹没 (略有磨损),M249 | 淹没,消费级,略有磨损,0.35
锯齿爪刀（★） | 狩猎网格 (崭新出厂),锯齿爪刀（★） | 狩猎网格,隐秘,崭新出厂,3380.00
锯齿爪刀（★） | 狩猎网格 (久经沙场),锯齿爪刀（★） | 狩猎网格,隐秘,久经沙场,1980.00
锯齿爪刀（★） | 狩猎网格 (破损不堪),锯齿爪刀（★） | 狩猎网格,隐秘,破损不堪,2039.00
锯齿爪刀（★） | 狩猎网格 (战痕累累),锯齿爪刀（★） | 狩猎网格,隐秘,战痕累累,2067.70
锯齿爪刀（★） | 狩猎网格 (略有磨损),锯齿爪刀（★） | 狩猎网格,隐秘,略有磨损,2100.00
USP 消音版（纪念品） | 公路杀手 (崭新出厂),USP 消音版（纪念品） | 公路杀手,受限,崭新出厂,1665.99
USP 消音版（纪念品） | 公路杀手 (久经沙场),USP 消音版（纪念品） | 公路杀手,受限,久经沙场,133.23
USP 消音版（纪念品） | 公路杀手 (破损不堪),USP 消音版（纪念品） | 公路杀手,受限,破损不堪,152.88
USP 消音版（纪念品） | 公路杀手 (战痕累累),USP 消音版（纪念品） | 公路杀手,受限,战痕累累,129.00
USP 消音版（纪念品） | 公路杀手 (略有磨损),USP 消音版（纪念品） | 公路杀手,受限,略有磨损,188.22
摩托手套（★） | 薄荷 (崭新出厂),摩托手套（★） | 薄荷,非凡,崭新出厂,120000.00
摩托手套（★） | 薄荷 (久经沙场),摩托手套（★） | 薄荷,非凡,久经沙场,10660.20
摩托手套（★） | 薄荷 (破损不堪),摩托手套（★） | 薄荷,非凡,破损不堪,7700.00
摩托手套（★） | 薄荷 (战痕累累),摩托手套（★） | 薄荷,非凡,战痕累累,2355.00
摩托手套（★） | 薄荷 (略有磨损),摩托手套（★） | 薄荷,非凡,略有磨损,41415.04
SSG 08 | 血染风采 (崭新出厂),SSG 08 | 血染风采,消费级,崭新出厂,38.00
SSG 08 | 血染风采 (久经沙场),SSG 08 | 血染风采,消费级,久经沙场,16.06
SSG 08 | 血染风采 (破损不堪),SSG 08 | 血染风采,消费级,破损不堪,19.70
SSG 08 | 血染风采 (战痕累累),SSG 08 | 血染风采,消费级,战痕累累,36.78
SSG 08 | 血染风采 (略有磨损),SSG 08 | 血染风采,消费级,略有磨损,16.35
新星（纪念品） | 军队之辉 (崭新出厂),新星（纪念品） | 军队之辉,消费级,崭新出厂,0.64
新星（纪念品） | 军队之辉 (久经沙场),新星（纪念品） | 军队之辉,消费级,久经沙场,0.19
新星（纪念品） | 军队之辉 (略有磨损),新星（纪念品） | 军队之辉,消费级,略有磨损,0.32
FN57（StatTrak™） | 耍猴把戏 (久经沙场),FN57（StatTrak™） | 耍猴把戏,保密,久经沙场,38.90
FN57（StatTrak™） | 耍猴把戏 (破损不堪),FN57（StatTrak™） | 耍猴把戏,保密,破损不堪,100.00
FN57（StatTrak™） | 耍猴把戏 (战痕累累),FN57（StatTrak™） | 耍猴把戏,保密,战痕累累,34.99
FN57（StatTrak™） | 耍猴把戏 (略有磨损),FN57（StatTrak™） | 耍猴把戏,保密,略有磨损,269.45
SSG 08（StatTrak™） | 无尽深海 (崭新出厂),SSG 08（StatTrak™） | 无尽深海,军规级,崭新出厂,85.04
SSG 08（StatTrak™） | 无尽深海 (久经沙场),SSG 08（StatTrak™） | 无尽深海,军规级,久经沙场,5.84
SSG 08（StatTrak™） | 无尽深海 (破损不堪),SSG 08（StatTrak™） | 无尽深海,军规级,破损不堪,5.04
SSG 08（StatTrak™） | 无尽深海 (战痕累累),SSG 08（StatTrak™） | 无尽深海,军规级,战痕累累,5.30
SSG 08（StatTrak™） | 无尽深海 (略有磨损),SSG 08（StatTrak™） | 无尽深海,军规级,略有磨损,13.64
运动手套（★） | 树篱迷宫 (崭新出厂),运动手套（★） | 树篱迷宫,非凡,崭新出厂,250000.00
运动手套（★） | 树篱迷宫 (久经沙场),运动手套（★） | 树篱迷宫,非凡,久经沙场,17397.00
运动手套（★） | 树篱迷宫 (破损不堪),运动手套（★） | 树篱迷宫,非凡,破损不堪,13499.00
运动手套（★） | 树篱迷宫 (战痕累累),运动手套（★） | 树篱迷宫,非凡,战痕累累,5555.00
运动手套（★） | 树篱迷宫 (略有磨损),运动手套（★） | 树篱迷宫,非凡,略有磨损,56687.73
USP 消音版（StatTrak™） | 不锈钢 (崭新出厂),USP 消音版（StatTrak™） | 不锈钢,军规级,崭新出厂,478.50
USP 消音版（StatTrak™） | 不锈钢 (久经沙场),USP 消音版（StatTrak™） | 不锈钢,军规级,久经沙场,106.49
USP 消音版（StatTrak™） | 不锈钢 (破损不堪),USP 消音版（StatTrak™） | 不锈钢,军规级,破损不堪,
USP 消音版（StatTrak™） | 不锈钢 (战痕累累),USP 消音版（StatTrak™） | 不锈钢,军规级,战痕累累,75.00
USP 消音版（StatTrak™） | 不锈钢 (略有磨损),USP 消音版（StatTrak™） | 不锈钢,军规级,略有磨损,206.65
短剑（★） | 蓝钢 (崭新出厂),短剑（★） | 蓝钢,隐秘,崭新出厂,3120.00
短剑（★） | 蓝钢 (久经沙场),短剑（★） | 蓝钢,隐秘,久经沙场,2190.00
短剑（★） | 蓝钢 (破损不堪),短剑（★） | 蓝钢,隐秘,破损不堪,1925.00
短剑（★） | 蓝钢 (战痕累累),短剑（★） | 蓝钢,隐秘,战痕累累,1950.00
短剑（★） | 蓝钢 (略有磨损),短剑（★） | 蓝钢,隐秘,略有磨损,2450.00
G3SG1（纪念品） | 极地迷彩 (崭新出厂),G3SG1（纪念品） | 极地迷彩,消费级,崭新出厂,217.80
G3SG1（纪念品） | 极地迷彩 (久经沙场),G3SG1（纪念品） | 极地迷彩,消费级,久经沙场,3.17
G3SG1（纪念品） | 极地迷彩 (破损不堪),G3SG1（纪念品） | 极地迷彩,消费级,破损不堪,10.58
G3SG1（纪念品） | 极地迷彩 (战痕累累),G3SG1（纪念品） | 极地迷彩,消费级,战痕累累,2.34
G3SG1（纪念品） | 极地迷彩 (略有磨损),G3SG1（纪念品） | 极地迷彩,消费级,略有磨损,18.22
新星（纪念品） | 芯轴 (崭新出厂),新星（纪念品） | 芯轴,消费级,崭新出厂,1.76
新星（纪念品） | 芯轴 (久经沙场),新星（纪念品） | 芯轴,消费级,久经沙场,0.17
新星（纪念品） | 芯轴 (破损不堪),新星（纪念品） | 芯轴,消费级,破损不堪,1.42
新星（纪念品） | 芯轴 (战痕累累),新星（纪念品） | 芯轴,消费级,战痕累累,1.60
新星（纪念品） | 芯轴 (略有磨损),新星（纪念品） | 芯轴,消费级,略有磨损,0.61
运动手套（★） | 潘多拉之盒 (崭新出厂),运动手套（★） | 潘多拉之盒,非凡,崭新出厂,430000.00
运动手套（★） | 潘多拉之盒 (久经沙场),运动手套（★） | 潘多拉之盒,非凡,久经沙场,32345.00
运动手套（★） | 潘多拉之盒 (破损不堪),运动手套（★） | 潘多拉之盒,非凡,破损不堪,25199.99
运动手套（★） | 潘多拉之盒 (战痕累累),运动手套（★） | 潘多拉之盒,非凡,战痕累累,12200.00
运动手套（★） | 潘多拉之盒 (略有磨损),运动手套（★） | 潘多拉之盒,非凡,略有磨损,87422.89
MAG-7（纪念品） | 暴风呼啸 (崭新出厂),MAG-7（纪念品） | 暴风呼啸,消费级,崭新出厂,12.00
MAG-7（纪念品） | 暴风呼啸 (久经沙场),MAG-7（纪念品） | 暴风呼啸,消费级,久经沙场,0.07
MAG-7（纪念品） | 暴风呼啸 (破损不堪),MAG-7（纪念品） | 暴风呼啸,消费级,破损不堪,0.50
MAG-7（纪念品） | 暴风呼啸 (战痕累累),MAG-7（纪念品） | 暴风呼啸,消费级,战痕累累,0.09
MAG-7（纪念品） | 暴风呼啸 (略有磨损),MAG-7（纪念品） | 暴风呼啸,消费级,略有磨损,0.50
加利尔 AR | 狂哮飓风 (崭新出厂),加利尔 AR | 狂哮飓风,消费级,崭新出厂,36.57
加利尔 AR | 狂哮飓风 (久经沙场),加利尔 AR | 狂哮飓风,消费级,久经沙场,16.40
加利尔 AR | 狂哮飓风 (破损不堪),加利尔 AR | 狂哮飓风,消费级,破损不堪,18.00
加利尔 AR | 狂哮飓风 (战痕累累),加利尔 AR | 狂哮飓风,消费级,战痕累累,16.32
加利尔 AR | 狂哮飓风 (略有磨损),加利尔 AR | 狂哮飓风,消费级,略有磨损,16.39
P250（纪念品） | 天旱 (崭新出厂),P250（纪念品） | 天旱,消费级,崭新出厂,0.15
P250（纪念品） | 天旱 (久经沙场),P250（纪念品） | 天旱,消费级,久经沙场,0.07
P250（纪念品） | 天旱 (破损不堪),P250（纪念品） | 天旱,消费级,破损不堪,0.11
P250（纪念品） | 天旱 (略有磨损),P250（纪念品） | 天旱,消费级,略有磨损,0.08
格洛克 18 型 | 伽玛多普勒 (崭新出厂),格洛克 18 型 | 伽玛多普勒,隐秘,崭新出厂,305.38
格洛克 18 型 | 伽玛多普勒 (久经沙场),格洛克 18 型 | 伽玛多普勒,隐秘,久经沙场,180.00
格洛克 18 型 | 伽玛多普勒 (破损不堪),格洛克 18 型 | 伽玛多普勒,隐秘,破损不堪,200.00
格洛克 18 型 | 伽玛多普勒 (战痕累累),格洛克 18 型 | 伽玛多普勒,隐秘,战痕累累,
格洛克 18 型 | 伽玛多普勒 (略有磨损),格洛克 18 型 | 伽玛多普勒,隐秘,略有磨损,206.52
求生匕首（★） | 屠夫 (崭新出厂),求生匕首（★） | 屠夫,隐秘,崭新出厂,2649.00
求生匕首（★） | 屠夫 (久经沙场),求生匕首（★） | 屠夫,隐秘,久经沙场,2355.00
求生匕首（★） | 屠夫 (略有磨损),求生匕首（★） | 屠夫,隐秘,略有磨损,2490.00
XM1014 | 象形文字 (崭新出厂),XM1014 | 象形文字,消费级,崭新出厂,0.99
XM1014 | 象形文字 (久经沙场),XM1014 | 象形文字,消费级,久经沙场,0.47
XM1014 | 象形文字 (破损不堪),XM1014 | 象形文字,消费级,破损不堪,0.17
XM1014 | 象形文字 (战痕累累),XM1014 | 象形文字,消费级,战痕累累,0.17
XM1014 | 象形文字 (略有磨损),XM1014 | 象形文字,消费级,略有磨损,0.38
AK-47（StatTrak™） | 迷踪秘境 (崭新出厂),AK-47（StatTrak™） | 迷踪秘境,军规级,崭新出厂,37.06
AK-47（StatTrak™） | 迷踪秘境 (久经沙场),AK-47（StatTrak™） | 迷踪秘境,军规级,久经沙场,11.12
AK-47（StatTrak™） | 迷踪秘境 (破损不堪),AK-47（StatTrak™） | 迷踪秘境,军规级,破损不堪,20.00
AK-47（StatTrak™） | 迷踪秘境 (战痕累累),AK-47（StatTrak™） | 迷踪秘境,军规级,战痕累累,12.88
AK-47（StatTrak™） | 迷踪秘境 (略有磨损),AK-47（StatTrak™） | 迷踪秘境,军规级,略有磨损,15.13
USP 消音版（StatTrak™） | 蓝图 (崭新出厂),USP 消音版（StatTrak™） | 蓝图,军规级,崭新出厂,1197.80
USP 消音版（StatTrak™） | 蓝图 (久经沙场),USP 消音版（StatTrak™） | 蓝图,军规级,久经沙场,106.88
USP 消音版（StatTrak™） | 蓝图 (破损不堪),USP 消音版（StatTrak™） | 蓝图,军规级,破损不堪,
USP 消音版（StatTrak™） | 蓝图 (战痕累累),USP 消音版（StatTrak™） | 蓝图,军规级,战痕累累,62.53
USP 消音版（StatTrak™） | 蓝图 (略有磨损),USP 消音版（StatTrak™） | 蓝图,军规级,略有磨损,228.50
R8 左轮手枪（纪念品） | 镶嵌装饰 (崭新出厂),R8 左轮手枪（纪念品） | 镶嵌装饰,消费级,崭新出厂,1.41
R8 左轮手枪（纪念品） | 镶嵌装饰 (久经沙场),R8 左轮手枪（纪念品） | 镶嵌装饰,消费级,久经沙场,0.07
R8 左轮手枪（纪念品） | 镶嵌装饰 (破损不堪),R8 左轮手枪（纪念品） | 镶嵌装饰,消费级,破损不堪,0.79
R8 左轮手枪（纪念品） | 镶嵌装饰 (战痕累累),R8 左轮手枪（纪念品） | 镶嵌装饰,消费级,战痕累累,0.10
R8 左轮手枪（纪念品） | 镶嵌装饰 (略有磨损),R8 左轮手枪（纪念品） | 镶嵌装饰,消费级,略有磨损,0.28
M249（纪念品） | 对比涂装 (崭新出厂),M249（纪念品） | 对比涂装,消费级,崭新出厂,12.44
M249（纪念品） | 对比涂装 (久经沙场),M249（纪念品） | 对比涂装,消费级,久经沙场,0.10
M249（纪念品） | 对比涂装 (破损不堪),M249（纪念品） | 对比涂装,消费级,破损不堪,0.48
M249（纪念品） | 对比涂装 (战痕累累),M249（纪念品） | 对比涂装,消费级,战痕累累,0.28
M249（纪念品） | 对比涂装 (略有磨损),M249（纪念品） | 对比涂装,消费级,略有磨损,0.52
锯齿爪刀（★） | 枯焦之色 (崭新出厂),锯齿爪刀（★） | 枯焦之色,隐秘,崭新出厂,
锯齿爪刀（★） | 枯焦之色 (久经沙场),锯齿爪刀（★） | 枯焦之色,隐秘,久经沙场,1997.00
锯齿爪刀（★） | 枯焦之色 (破损不堪),锯齿爪刀（★） | 枯焦之色,隐秘,破损不堪,1939.50
锯齿爪刀（★） | 枯焦之色 (战痕累累),锯齿爪刀（★） | 枯焦之色,隐秘,战痕累累,1980.00
锯齿爪刀（★） | 枯焦之色 (略有磨损),锯齿爪刀（★） | 枯焦之色,隐秘,略有磨损,2321.00
M4A4 | 杀意大名 (崭新出厂),M4A4 | 杀意大名,受限,崭新出厂,30.30
M4A4 | 杀意大名 (久经沙场),M4A4 | 杀意大名,受限,久经沙场,9.74
M4A4 | 杀意大名 (破损不堪),M4A4 | 杀意大名,受限,破损不堪,16.99
M4A4 | 杀意大名 (战痕累累),M4A4 | 杀意大名,受限,战痕累累,13.52
M4A4 | 杀意大名 (略有磨损),M4A4 | 杀意大名,受限,略有磨损,15.49
XM1014 | 锈蚀烈焰 (崭新出厂),XM1014 | 锈蚀烈焰,军规级,崭新出厂,1.44
XM1014 | 锈蚀烈焰 (久经沙场),XM1014 | 锈蚀烈焰,军规级,久经沙场,0.32
XM1014 | 锈蚀烈焰 (破损不堪),XM1014 | 锈蚀烈焰,军规级,破损不堪,0.34
XM1014 | 锈蚀烈焰 (战痕累累),XM1014 | 锈蚀烈焰,军规级,战痕累累,0.37
XM1014 | 锈蚀烈焰 (略有磨损),XM1014 | 锈蚀烈焰,军规级,略有磨损,0.87
CZ75（纪念品） | 夜半棕榈 (崭新出厂),CZ75（纪念品） | 夜半棕榈,工业级,崭新出厂,0.21
CZ75（纪念品） | 夜半棕榈 (久经沙场),CZ75（纪念品） | 夜半棕榈,工业级,久经沙场,0.08
CZ75（纪念品） | 夜半棕榈 (破损不堪),CZ75（纪念品） | 夜半棕榈,工业级,破损不堪,0.42
CZ75（纪念品） | 夜半棕榈 (战痕累累),CZ75（纪念品） | 夜半棕榈,工业级,战痕累累,0.13
CZ75（纪念品） | 夜半棕榈 (略有磨损),CZ75（纪念品） | 夜半棕榈,工业级,略有磨损,0.11
格洛克 18 型 | 富兰克林 (崭新出厂),格洛克 18 型 | 富兰克林,受限,崭新出厂,240.95
格洛克 18 型 | 富兰克林 (久经沙场),格洛克 18 型 | 富兰克林,受限,久经沙场,199.00
格洛克 18 型 | 富兰克林 (破损不堪),格洛克 18 型 | 富兰克林,受限,破损不堪,249.00
格洛克 18 型 | 富兰克林 (略有磨损),格洛克 18 型 | 富兰克林,受限,略有磨损,220.10
短剑（★ StatTrak™） | 人工染色 (崭新出厂),短剑（★ StatTrak™） | 人工染色,隐秘,崭新出厂,
短剑（★ StatTrak™） | 人工染色 (久经沙场),短剑（★ StatTrak™） | 人工染色,隐秘,久经沙场,2330.00
短剑（★ StatTrak™） | 人工染色 (破损不堪),短剑（★ StatTrak™） | 人工染色,隐秘,破损不堪,2800.00
短剑（★ StatTrak™） | 人工染色 (战痕累累),短剑（★ StatTrak™） | 人工染色,隐秘,战痕累累,2714.00
短剑（★ StatTrak™） | 人工染色 (略有磨损),短剑（★ StatTrak™） | 人工染色,隐秘,略有磨损,2500.00
截短霰弹枪（纪念品） | 贤者涂装 (崭新出厂),截短霰弹枪（纪念品） | 贤者涂装,消费级,崭新出厂,18.00
截短霰弹枪（纪念品） | 贤者涂装 (久经沙场),截短霰弹枪（纪念品） | 贤者涂装,消费级,久经沙场,0.15
截短霰弹枪（纪念品） | 贤者涂装 (破损不堪),截短霰弹枪（纪念品） | 贤者涂装,消费级,破损不堪,0.49
截短霰弹枪（纪念品） | 贤者涂装 (战痕累累),截短霰弹枪（纪念品） | 贤者涂装,消费级,战痕累累,0.27
截短霰弹枪（纪念品） | 贤者涂装 (略有磨损),截短霰弹枪（纪念品） | 贤者涂装,消费级,略有磨损,0.77
R8 左轮手枪（纪念品） | 沙漠伪装 (崭新出厂),R8 左轮手枪（纪念品） | 沙漠伪装,消费级,崭新出厂,0.36
R8 左轮手枪（纪念品） | 沙漠伪装 (久经沙场),R8 左轮手枪（纪念品） | 沙漠伪装,消费级,久经沙场,0.06
R8 左轮手枪（纪念品） | 沙漠伪装 (破损不堪),R8 左轮手枪（纪念品） | 沙漠伪装,消费级,破损不堪,0.16
R8 左轮手枪（纪念品） | 沙漠伪装 (战痕累累),R8 左轮手枪（纪念品） | 沙漠伪装,消费级,战痕累累,0.09
R8 左轮手枪（纪念品） | 沙漠伪装 (略有磨损),R8 左轮手枪（纪念品） | 沙漠伪装,消费级,略有磨损,0.08
锯齿爪刀（★） | 北方森林 (崭新出厂),锯齿爪刀（★） | 北方森林,隐秘,崭新出厂,3949.00
锯齿爪刀（★） | 北方森林 (久经沙场),锯齿爪刀（★） | 北方森林,隐秘,久经沙场,1999.99
锯齿爪刀（★） | 北方森林 (破损不堪),锯齿爪刀（★） | 北方森林,隐秘,破损不堪,
锯齿爪刀（★） | 北方森林 (战痕累累),锯齿爪刀（★） | 北方森林,隐秘,战痕累累,1947.00
锯齿爪刀（★） | 北方森林 (略有磨损),锯齿爪刀（★） | 北方森林,隐秘,略有磨损,2300.00
P250（StatTrak™） | 狂野飞溅 (崭新出厂),P250（StatTrak™） | 狂野飞溅,受限,崭新出厂,595.00
P250（StatTrak™） | 狂野飞溅 (久经沙场),P250（StatTrak™） | 狂野飞溅,受限,久经沙场,374.97
P250（StatTrak™） | 狂野飞溅 (略有磨损),P250（StatTrak™） | 狂野飞溅,受限,略有磨损,230.00
内格夫 | 原型机 (崭新出厂),内格夫 | 原型机,军规级,崭新出厂,1.60
内格夫 | 原型机 (久经沙场),内格夫 | 原型机,军规级,久经沙场,0.37
内格夫 | 原型机 (破损不堪),内格夫 | 原型机,军规级,破损不堪,1.73
内格夫 | 原型机 (战痕累累),内格夫 | 原型机,军规级,战痕累累,0.33
内格夫 | 原型机 (略有磨损),内格夫 | 原型机,军规级,略有磨损,0.88
法玛斯 | 暗夜锁链 (崭新出厂),法玛斯 | 暗夜锁链,消费级,崭新出厂,25.20
法玛斯 | 暗夜锁链 (久经沙场),法玛斯 | 暗夜锁链,消费级,久经沙场,15.63
法玛斯 | 暗夜锁链 (破损不堪),法玛斯 | 暗夜锁链,消费级,破损不堪,15.73
法玛斯 | 暗夜锁链 (战痕累累),法玛斯 | 暗夜锁链,消费级,战痕累累,16.90
法玛斯 | 暗夜锁链 (略有磨损),法玛斯 | 暗夜锁链,消费级,略有磨损,16.36
P250（StatTrak™） | 卡特尔 (崭新出厂),P250（StatTrak™） | 卡特尔,保密,崭新出厂,679.66
P250（StatTrak™） | 卡特尔 (久经沙场),P250（StatTrak™） | 卡特尔,保密,久经沙场,86.02
P250（StatTrak™） | 卡特尔 (破损不堪),P250（StatTrak™） | 卡特尔,保密,破损不堪,
P250（StatTrak™） | 卡特尔 (战痕累累),P250（StatTrak™） | 卡特尔,保密,战痕累累,
P250（StatTrak™） | 卡特尔 (略有磨损),P250（StatTrak™） | 卡特尔,保密,略有磨损,248.90
Tec-9 | 陆军网格 (崭新出厂),Tec-9 | 陆军网格,消费级,崭新出厂,0.46
Tec-9 | 陆军网格 (久经沙场),Tec-9 | 陆军网格,消费级,久经沙场,0.17
Tec-9 | 陆军网格 (破损不堪),Tec-9 | 陆军网格,消费级,破损不堪,0.12
Tec-9 | 陆军网格 (战痕累累),Tec-9 | 陆军网格,消费级,战痕累累,0.15
Tec-9 | 陆军网格 (略有磨损),Tec-9 | 陆军网格,消费级,略有磨损,0.18
折叠刀（★） | 致命紫罗兰 (崭新出厂),折叠刀（★） | 致命紫罗兰,隐秘,崭新出厂,
折叠刀（★） | 致命紫罗兰 (久经沙场),折叠刀（★） | 致命紫罗兰,隐秘,久经沙场,1688.37
折叠刀（★） | 致命紫罗兰 (破损不堪),折叠刀（★） | 致命紫罗兰,隐秘,破损不堪,1462.54
折叠刀（★） | 致命紫罗兰 (战痕累累),折叠刀（★） | 致命紫罗兰,隐秘,战痕累累,1350.00
折叠刀（★） | 致命紫罗兰 (略有磨损),折叠刀（★） | 致命紫罗兰,隐秘,略有磨损,2333.00
内格夫 | 飞羽 (崭新出厂),内格夫 | 飞羽,军规级,崭新出厂,1.46
内格夫 | 飞羽 (久经沙场),内格夫 | 飞羽,军规级,久经沙场,0.75
内格夫 | 飞羽 (破损不堪),内格夫 | 飞羽,军规级,破损不堪,0.53
内格夫 | 飞羽 (战痕累累),内格夫 | 飞羽,军规级,战痕累累,0.30
内格夫 | 飞羽 (略有磨损),内格夫 | 飞羽,军规级,略有磨损,0.82
M4A4 | 狮鹫 (崭新出厂),M4A4 | 狮鹫,受限,崭新出厂,36.00
M4A4 | 狮鹫 (久经沙场),M4A4 | 狮鹫,受限,久经沙场,11.56
M4A4 | 狮鹫 (破损不堪),M4A4 | 狮鹫,受限,破损不堪,
M4A4 | 狮鹫 (战痕累累),M4A4 | 狮鹫,受限,战痕累累,13.80
M4A4 | 狮鹫 (略有磨损),M4A4 | 狮鹫,受限,略有磨损,16.04
P250 | 设施系列·草图 (崭新出厂),P250 | 设施系列·草图,消费级,崭新出厂,0.47
P250 | 设施系列·草图 (久经沙场),P250 | 设施系列·草图,消费级,久经沙场,0.05
P250 | 设施系列·草图 (破损不堪),P250 | 设施系列·草图,消费级,破损不堪,0.75
P250 | 设施系列·草图 (战痕累累),P250 | 设施系列·草图,消费级,战痕累累,0.29
P250 | 设施系列·草图 (略有磨损),P250 | 设施系列·草图,消费级,略有磨损,0.20
鲍伊猎刀（★） | 屠夫 (崭新出厂),鲍伊猎刀（★） | 屠夫,隐秘,崭新出厂,2488.00
鲍伊猎刀（★） | 屠夫 (久经沙场),鲍伊猎刀（★） | 屠夫,隐秘,久经沙场,
鲍伊猎刀（★） | 屠夫 (略有磨损),鲍伊猎刀（★） | 屠夫,隐秘,略有磨损,2250.00
R8 左轮手枪（StatTrak™） | 渐变之色 (崭新出厂),R8 左轮手枪（StatTrak™） | 渐变之色,隐秘,崭新出厂,439.99
R8 左轮手枪（StatTrak™） | 渐变之色 (久经沙场),R8 左轮手枪（StatTrak™） | 渐变之色,隐秘,久经沙场,117.40
R8 左轮手枪（StatTrak™） | 渐变之色 (破损不堪),R8 左轮手枪（StatTrak™） | 渐变之色,隐秘,破损不堪,
R8 左轮手枪（StatTrak™） | 渐变之色 (略有磨损),R8 左轮手枪（StatTrak™） | 渐变之色,隐秘,略有磨损,218.00
截短霰弹枪 | 黑砂 (崭新出厂),截短霰弹枪 | 黑砂,军规级,崭新出厂,1.90
截短霰弹枪 | 黑砂 (久经沙场),截短霰弹枪 | 黑砂,军规级,久经沙场,0.80
截短霰弹枪 | 黑砂 (破损不堪),截短霰弹枪 | 黑砂,军规级,破损不堪,0.56
截短霰弹枪 | 黑砂 (战痕累累),截短霰弹枪 | 黑砂,军规级,战痕累累,0.38
截短霰弹枪 | 黑砂 (略有磨损),截短霰弹枪 | 黑砂,军规级,略有磨损,0.90
SG 553 | 路障 (崭新出厂),SG 553 | 路障,消费级,崭新出厂,19.12
SG 553 | 路障 (久经沙场),SG 553 | 路障,消费级,久经沙场,16.44
SG 553 | 路障 (破损不堪),SG 553 | 路障,消费级,破损不堪,21.00
SG 553 | 路障 (战痕累累),SG 553 | 路障,消费级,战痕累累,15.44
SG 553 | 路障 (略有磨损),SG 553 | 路障,消费级,略有磨损,16.50
P250 | 沙丘之黄 (崭新出厂),P250 | 沙丘之黄,消费级,崭新出厂,3.90
P250 | 沙丘之黄 (久经沙场),P250 | 沙丘之黄,消费级,久经沙场,0.15
P250 | 沙丘之黄 (破损不堪),P250 | 沙丘之黄,消费级,破损不堪,0.11
P250 | 沙丘之黄 (战痕累累),P250 | 沙丘之黄,消费级,战痕累累,0.12
P250 | 沙丘之黄 (略有磨损),P250 | 沙丘之黄,消费级,略有磨损,0.32
鲍伊猎刀（★ StatTrak™） | 表面淬火 (崭新出厂),鲍伊猎刀（★ StatTrak™） | 表面淬火,隐秘,崭新出厂,
鲍伊猎刀（★ StatTrak™） | 表面淬火 (久经沙场),鲍伊猎刀（★ StatTrak™） | 表面淬火,隐秘,久经沙场,
鲍伊猎刀（★ StatTrak™） | 表面淬火 (破损不堪),鲍伊猎刀（★ StatTrak™） | 表面淬火,隐秘,破损不堪,1988.00
鲍伊猎刀（★ StatTrak™） | 表面淬火 (战痕累累),鲍伊猎刀（★ StatTrak™） | 表面淬火,隐秘,战痕累累,
鲍伊猎刀（★ StatTrak™） | 表面淬火 (略有磨损),鲍伊猎刀（★ StatTrak™） | 表面淬火,隐秘,略有磨损,2100.00
沙漠之鹰 | 红色代号 (崭新出厂),沙漠之鹰 | 红色代号,隐秘,崭新出厂,528.50
沙漠之鹰 | 红色代号 (久经沙场),沙漠之鹰 | 红色代号,隐秘,久经沙场,165.71
沙漠之鹰 | 红色代号 (破损不堪),沙漠之鹰 | 红色代号,隐秘,破损不堪,129.24
沙漠之鹰 | 红色代号 (战痕累累),沙漠之鹰 | 红色代号,隐秘,战痕累累,109.01
沙漠之鹰 | 红色代号 (略有磨损),沙漠之鹰 | 红色代号,隐秘,略有磨损,259.43
MAG-7 | 声纳 (崭新出厂),MAG-7 | 声纳,军规级,崭新出厂,1.81
MAG-7 | 声纳 (久经沙场),MAG-7 | 声纳,军规级,久经沙场,0.51
MAG-7 | 声纳 (破损不堪),MAG-7 | 声纳,军规级,破损不堪,0.60
MAG-7 | 声纳 (略有磨损),MAG-7 | 声纳,军规级,略有磨损,0.90
AUG | 朽木 (崭新出厂),AUG | 朽木,工业级,崭新出厂,17.20
AUG | 朽木 (久经沙场),AUG | 朽木,工业级,久经沙场,33.00
AUG | 朽木 (破损不堪),AUG | 朽木,工业级,破损不堪,24.30
AUG | 朽木 (战痕累累),AUG | 朽木,工业级,战痕累累,39.50
AUG | 朽木 (略有磨损),AUG | 朽木,工业级,略有磨损,16.53
Tec-9 | 都市 DDPAT (崭新出厂),Tec-9 | 都市 DDPAT,消费级,崭新出厂,1.87
Tec-9 | 都市 DDPAT (久经沙场),Tec-9 | 都市 DDPAT,消费级,久经沙场,0.13
Tec-9 | 都市 DDPAT (破损不堪),Tec-9 | 都市 DDPAT,消费级,破损不堪,0.19
Tec-9 | 都市 DDPAT (战痕累累),Tec-9 | 都市 DDPAT,消费级,战痕累累,0.13
Tec-9 | 都市 DDPAT (略有磨损),Tec-9 | 都市 DDPAT,消费级,略有磨损,0.20
AWP | 猫猫狗狗 (崭新出厂),AWP | 猫猫狗狗,受限,崭新出厂,27.00
AWP | 猫猫狗狗 (久经沙场),AWP | 猫猫狗狗,受限,久经沙场,9.80
AWP | 猫猫狗狗 (破损不堪),AWP | 猫猫狗狗,受限,破损不堪,13.37
AWP | 猫猫狗狗 (战痕累累),AWP | 猫猫狗狗,受限,战痕累累,15.69
AWP | 猫猫狗狗 (略有磨损),AWP | 猫猫狗狗,受限,略有磨损,17.14
短剑（★） | 致命紫罗兰 (崭新出厂),短剑（★） | 致命紫罗兰,隐秘,崭新出厂,4380.00
短剑（★） | 致命紫罗兰 (久经沙场),短剑（★） | 致命紫罗兰,隐秘,久经沙场,1822.84
短剑（★） | 致命紫罗兰 (破损不堪),短剑（★） | 致命紫罗兰,隐秘,破损不堪,1695.00
短剑（★） | 致命紫罗兰 (战痕累累),短剑（★） | 致命紫罗兰,隐秘,战痕累累,1479.00
短剑（★） | 致命紫罗兰 (略有磨损),短剑（★） | 致命紫罗兰,隐秘,略有磨损,2436.56
截短霰弹枪 | 灵应牌 (崭新出厂),截短霰弹枪 | 灵应牌,军规级,崭新出厂,2.39
截短霰弹枪 | 灵应牌 (久经沙场),截短霰弹枪 | 灵应牌,军规级,久经沙场,0.42
截短霰弹枪 | 灵应牌 (破损不堪),截短霰弹枪 | 灵应牌,军规级,破损不堪,0.32
截短霰弹枪 | 灵应牌 (战痕累累),截短霰弹枪 | 灵应牌,军规级,战痕累累,0.41
截短霰弹枪 | 灵应牌 (略有磨损),截短霰弹枪 | 灵应牌,军规级,略有磨损,0.77
FN57 | 暴怒野兽 (崭新出厂),FN57 | 暴怒野兽,隐秘,崭新出厂,733.00
FN57 | 暴怒野兽 (久经沙场),FN57 | 暴怒野兽,隐秘,久经沙场,168.16
FN57 | 暴怒野兽 (破损不堪),FN57 | 暴怒野兽,隐秘,破损不堪,222.00
FN57 | 暴怒野兽 (战痕累累),FN57 | 暴怒野兽,隐秘,战痕累累,587.50
FN57 | 暴怒野兽 (略有磨损),FN57 | 暴怒野兽,隐秘,略有磨损,256.14
双持贝瑞塔 | 雇佣兵 (崭新出厂),双持贝瑞塔 | 雇佣兵,消费级,崭新出厂,1.31
双持贝瑞塔 | 雇佣兵 (久经沙场),双持贝瑞塔 | 雇佣兵,消费级,久经沙场,0.11
双持贝瑞塔 | 雇佣兵 (破损不堪),双持贝瑞塔 | 雇佣兵,消费级,破损不堪,0.41
双持贝瑞塔 | 雇佣兵 (战痕累累),双持贝瑞塔 | 雇佣兵,消费级,战痕累累,0.10
双持贝瑞塔 | 雇佣兵 (略有磨损),双持贝瑞塔 | 雇佣兵,消费级,略有磨损,0.18
MAG-7 | 先见之明 (崭新出厂),MAG-7 | 先见之明,军规级,崭新出厂,1.32
MAG-7 | 先见之明 (久经沙场),MAG-7 | 先见之明,军规级,久经沙场,0.32
MAG-7 | 先见之明 (破损不堪),MAG-7 | 先见之明,军规级,破损不堪,0.44
MAG-7 | 先见之明 (战痕累累),MAG-7 | 先见之明,军规级,战痕累累,0.42
MAG-7 | 先见之明 (略有磨损),MAG-7 | 先见之明,军规级,略有磨损,0.81
SG 553（纪念品） | 辐射警告 (崭新出厂),SG 553（纪念品） | 辐射警告,工业级,崭新出厂,63.00
SG 553（纪念品） | 辐射警告 (久经沙场),SG 553（纪念品） | 辐射警告,工业级,久经沙场,6.60
SG 553（纪念品） | 辐射警告 (破损不堪),SG 553（纪念品） | 辐射警告,工业级,破损不堪,24.65
SG 553（纪念品） | 辐射警告 (战痕累累),SG 553（纪念品） | 辐射警告,工业级,战痕累累,13.40
SG 553（纪念品） | 辐射警告 (略有磨损),SG 553（纪念品） | 辐射警告,工业级,略有磨损,15.60
弯刀（★） | 渐变大理石 (崭新出厂),弯刀（★） | 渐变大理石,隐秘,崭新出厂,2373.24
弯刀（★） | 渐变大理石 (略有磨损),弯刀（★） | 渐变大理石,隐秘,略有磨损,
R8 左轮手枪 | 骸骨外罩 (崭新出厂),R8 左轮手枪 | 骸骨外罩,消费级,崭新出厂,1.78
R8 左轮手枪 | 骸骨外罩 (久经沙场),R8 左轮手枪 | 骸骨外罩,消费级,久经沙场,0.15
R8 左轮手枪 | 骸骨外罩 (破损不堪),R8 左轮手枪 | 骸骨外罩,消费级,破损不堪,0.16
R8 左轮手枪 | 骸骨外罩 (战痕累累),R8 左轮手枪 | 骸骨外罩,消费级,战痕累累,0.17
R8 左轮手枪 | 骸骨外罩 (略有磨损),R8 左轮手枪 | 骸骨外罩,消费级,略有磨损,0.19
P2000（StatTrak™） | 变态杀戮 (崭新出厂),P2000（StatTrak™） | 变态杀戮,保密,崭新出厂,434.00
P2000（StatTrak™） | 变态杀戮 (久经沙场),P2000（StatTrak™） | 变态杀戮,保密,久经沙场,88.88
P2000（StatTrak™） | 变态杀戮 (破损不堪),P2000（StatTrak™） | 变态杀戮,保密,破损不堪,75.00
P2000（StatTrak™） | 变态杀戮 (战痕累累),P2000（StatTrak™） | 变态杀戮,保密,战痕累累,56.00
P2000（StatTrak™） | 变态杀戮 (略有磨损),P2000（StatTrak™） | 变态杀戮,保密,略有磨损,256.00
新星 | 灼木 (崭新出厂),新星 | 灼木,军规级,崭新出厂,1.60
新星 | 灼木 (久经沙场),新星 | 灼木,军规级,久经沙场,0.46
新星 | 灼木 (破损不堪),新星 | 灼木,军规级,破损不堪,0.50
新星 | 灼木 (战痕累累),新星 | 灼木,军规级,战痕累累,0.36
新星 | 灼木 (略有磨损),新星 | 灼木,军规级,略有磨损,1.28
刺刀（★） | 人工染色 (崭新出厂),刺刀（★） | 人工染色,隐秘,崭新出厂,3345.65
刺刀（★） | 人工染色 (久经沙场),刺刀（★） | 人工染色,隐秘,久经沙场,2219.00
刺刀（★） | 人工染色 (破损不堪),刺刀（★） | 人工染色,隐秘,破损不堪,2387.00
刺刀（★） | 人工染色 (战痕累累),刺刀（★） | 人工染色,隐秘,战痕累累,9999.00
刺刀（★） | 人工染色 (略有磨损),刺刀（★） | 人工染色,隐秘,略有磨损,2599.00
FN57 | 冷却剂 (崭新出厂),FN57 | 冷却剂,消费级,崭新出厂,0.46
FN57 | 冷却剂 (久经沙场),FN57 | 冷却剂,消费级,久经沙场,0.20
FN57 | 冷却剂 (破损不堪),FN57 | 冷却剂,消费级,破损不堪,0.29
FN57 | 冷却剂 (战痕累累),FN57 | 冷却剂,消费级,战痕累累,0.22
FN57 | 冷却剂 (略有磨损),FN57 | 冷却剂,消费级,略有磨损,0.27
AUG（StatTrak™） | 贵族 (崭新出厂),AUG（StatTrak™） | 贵族,受限,崭新出厂,41.95
AUG（StatTrak™） | 贵族 (久经沙场),AUG（StatTrak™） | 贵族,受限,久经沙场,7.43
AUG（StatTrak™） | 贵族 (破损不堪),AUG（StatTrak™） | 贵族,受限,破损不堪,17.38
AUG（StatTrak™） | 贵族 (战痕累累),AUG（StatTrak™） | 贵族,受限,战痕累累,9.50
AUG（StatTrak™） | 贵族 (略有磨损),AUG（StatTrak™） | 贵族,受限,略有磨损,17.43
USP 消音版 | 公路杀手 (崭新出厂),USP 消音版 | 公路杀手,受限,崭新出厂,488.00
USP 消音版 | 公路杀手 (久经沙场),USP 消音版 | 公路杀手,受限,久经沙场,300.00
USP 消音版 | 公路杀手 (破损不堪),USP 消音版 | 公路杀手,受限,破损不堪,147.00
USP 消音版 | 公路杀手 (战痕累累),USP 消音版 | 公路杀手,受限,战痕累累,200.00
USP 消音版 | 公路杀手 (略有磨损),USP 消音版 | 公路杀手,受限,略有磨损,269.90
短剑（★） | 人工染色 (崭新出厂),短剑（★） | 人工染色,隐秘,崭新出厂,3195.80
短剑（★） | 人工染色 (久经沙场),短剑（★） | 人工染色,隐秘,久经沙场,2050.00
短剑（★） | 人工染色 (破损不堪),短剑（★） | 人工染色,隐秘,破损不堪,1840.00
短剑（★） | 人工染色 (战痕累累),短剑（★） | 人工染色,隐秘,战痕累累,1650.00
短剑（★） | 人工染色 (略有磨损),短剑（★） | 人工染色,隐秘,略有磨损,2400.00
加利尔 AR | 沙尘暴 (久经沙场),加利尔 AR | 沙尘暴,军规级,久经沙场,5.90
加利尔 AR | 沙尘暴 (破损不堪),加利尔 AR | 沙尘暴,军规级,破损不堪,7.46
加利尔 AR | 沙尘暴 (战痕累累),加利尔 AR | 沙尘暴,军规级,战痕累累,6.74
加利尔 AR | 沙尘暴 (略有磨损),加利尔 AR | 沙尘暴,军规级,略有磨损,16.97
P250 | 北方森林 (崭新出厂),P250 | 北方森林,消费级,崭新出厂,2.17
P250 | 北方森林 (久经沙场),P250 | 北方森林,消费级,久经沙场,0.16
P250 | 北方森林 (破损不堪),P250 | 北方森林,消费级,破损不堪,0.11
P250 | 北方森林 (战痕累累),P250 | 北方森林,消费级,战痕累累,0.12
P250 | 北方森林 (略有磨损),P250 | 北方森林,消费级,略有磨损,0.18
M249（纪念品） | 雪茄盒 (崭新出厂),M249（纪念品） | 雪茄盒,军规级,崭新出厂,1.93
M249（纪念品） | 雪茄盒 (久经沙场),M249（纪念品） | 雪茄盒,军规级,久经沙场,0.46
M249（纪念品） | 雪茄盒 (破损不堪),M249（纪念品） | 雪茄盒,军规级,破损不堪,2.78
M249（纪念品） | 雪茄盒 (战痕累累),M249（纪念品） | 雪茄盒,军规级,战痕累累,1.20
M249（纪念品） | 雪茄盒 (略有磨损),M249（纪念品） | 雪茄盒,军规级,略有磨损,0.88
USP 消音版 | 商业皮革 (崭新出厂),USP 消音版 | 商业皮革,军规级,崭新出厂,
USP 消音版 | 商业皮革 (久经沙场),USP 消音版 | 商业皮革,军规级,久经沙场,
USP 消音版 | 商业皮革 (破损不堪),USP 消音版 | 商业皮革,军规级,破损不堪,
USP 消音版 | 商业皮革 (战痕累累),USP 消音版 | 商业皮革,军规级,战痕累累,
USP 消音版 | 商业皮革 (略有磨损),USP 消音版 | 商业皮革,军规级,略有磨损,218.00
法玛斯（纪念品） | 黑水 (久经沙场),法玛斯（纪念品） | 黑水,军规级,久经沙场,9.00
法玛斯（纪念品） | 黑水 (略有磨损),法玛斯（纪念品） | 黑水,军规级,略有磨损,17.22
锯齿爪刀（★ StatTrak™） | 北方森林 (崭新出厂),锯齿爪刀（★ StatTrak™） | 北方森林,隐秘,崭新出厂,
锯齿爪刀（★ StatTrak™） | 北方森林 (久经沙场),锯齿爪刀（★ StatTrak™） | 北方森林,隐秘,久经沙场,2052.95
锯齿爪刀（★ StatTrak™） | 北方森林 (破损不堪),锯齿爪刀（★ StatTrak™） | 北方森林,隐秘,破损不堪,
锯齿爪刀（★ StatTrak™） | 北方森林 (战痕累累),锯齿爪刀（★ StatTrak™） | 北方森林,隐秘,战痕累累,2035.00
锯齿爪刀（★ StatTrak™） | 北方森林 (略有磨损),锯齿爪刀（★ StatTrak™） | 北方森林,隐秘,略有磨损,5000.00
Tec-9 | 地下水 (崭新出厂),Tec-9 | 地下水,消费级,崭新出厂,2.72
Tec-9 | 地下水 (久经沙场),Tec-9 | 地下水,消费级,久经沙场,0.18
Tec-9 | 地下水 (破损不堪),Tec-9 | 地下水,消费级,破损不堪,0.21
Tec-9 | 地下水 (战痕累累),Tec-9 | 地下水,消费级,战痕累累,0.22
Tec-9 | 地下水 (略有磨损),Tec-9 | 地下水,消费级,略有磨损,0.25
短剑（★ StatTrak™） | 夜色 (久经沙场),短剑（★ StatTrak™） | 夜色,隐秘,久经沙场,1800.00
短剑（★ StatTrak™） | 夜色 (破损不堪),短剑（★ StatTrak™） | 夜色,隐秘,破损不堪,1550.00
短剑（★ StatTrak™） | 夜色 (战痕累累),短剑（★ StatTrak™） | 夜色,隐秘,战痕累累,1480.00
短剑（★ StatTrak™） | 夜色 (略有磨损),短剑（★ StatTrak™） | 夜色,隐秘,略有磨损,2449.00
内格夫 | 无畏战神 (久经沙场),内格夫 | 无畏战神,军规级,久经沙场,0.76
内格夫 | 无畏战神 (略有磨损),内格夫 | 无畏战神,军规级,略有磨损,0.84
G3SG1 | 日式橙色涂装 (崭新出厂),G3SG1 | 日式橙色涂装,消费级,崭新出厂,26.62
G3SG1 | 日式橙色涂装 (久经沙场),G3SG1 | 日式橙色涂装,消费级,久经沙场,28.07
G3SG1 | 日式橙色涂装 (破损不堪),G3SG1 | 日式橙色涂装,消费级,破损不堪,
G3SG1 | 日式橙色涂装 (战痕累累),G3SG1 | 日式橙色涂装,消费级,战痕累累,
G3SG1 | 日式橙色涂装 (略有磨损),G3SG1 | 日式橙色涂装,消费级,略有磨损,19.98
双持贝瑞塔 | 翡翠色调 (崭新出厂),双持贝瑞塔 | 翡翠色调,军规级,崭新出厂,196.11
双持贝瑞塔 | 翡翠色调 (略有磨损),双持贝瑞塔 | 翡翠色调,军规级,略有磨损,288.88
R8 左轮手枪 | 镶嵌装饰 (崭新出厂),R8 左轮手枪 | 镶嵌装饰,消费级,崭新出厂,0.90
R8 左轮手枪 | 镶嵌装饰 (久经沙场),R8 左轮手枪 | 镶嵌装饰,消费级,久经沙场,0.20
R8 左轮手枪 | 镶嵌装饰 (破损不堪),R8 左轮手枪 | 镶嵌装饰,消费级,破损不堪,0.26
R8 左轮手枪 | 镶嵌装饰 (战痕累累),R8 左轮手枪 | 镶嵌装饰,消费级,战痕累累,0.18
R8 左轮手枪 | 镶嵌装饰 (略有磨损),R8 左轮手枪 | 镶嵌装饰,消费级,略有磨损,0.38
短剑（★ StatTrak™） | 都市伪装 (崭新出厂),短剑（★ StatTrak™） | 都市伪装,隐秘,崭新出厂,
短剑（★ StatTrak™） | 都市伪装 (久经沙场),短剑（★ StatTrak™） | 都市伪装,隐秘,久经沙场,1638.00
短剑（★ StatTrak™） | 都市伪装 (破损不堪),短剑（★ StatTrak™） | 都市伪装,隐秘,破损不堪,
短剑（★ StatTrak™） | 都市伪装 (战痕累累),短剑（★ StatTrak™） | 都市伪装,隐秘,战痕累累,1499.00
短剑（★ StatTrak™） | 都市伪装 (略有磨损),短剑（★ StatTrak™） | 都市伪装,隐秘,略有磨损,2458.88
双持贝瑞塔（纪念品） | 浮木 (崭新出厂),双持贝瑞塔（纪念品） | 浮木,工业级,崭新出厂,0.99
双持贝瑞塔（纪念品） | 浮木 (久经沙场),双持贝瑞塔（纪念品） | 浮木,工业级,久经沙场,0.20
双持贝瑞塔（纪念品） | 浮木 (破损不堪),双持贝瑞塔（纪念品） | 浮木,工业级,破损不堪,0.44
双持贝瑞塔（纪念品） | 浮木 (战痕累累),双持贝瑞塔（纪念品） | 浮木,工业级,战痕累累,0.30
双持贝瑞塔（纪念品） | 浮木 (略有磨损),双持贝瑞塔（纪念品） | 浮木,工业级,略有磨损,0.34
CZ75 | 翡翠色调 (崭新出厂),CZ75 | 翡翠色调,军规级,崭新出厂,164.17
CZ75 | 翡翠色调 (略有磨损),CZ75 | 翡翠色调,军规级,略有磨损,130.00
加利尔 AR | 冷石 (崭新出厂),加利尔 AR | 冷石,受限,崭新出厂,43.20
加利尔 AR | 冷石 (久经沙场),加利尔 AR | 冷石,受限,久经沙场,8.87
加利尔 AR | 冷石 (破损不堪),加利尔 AR | 冷石,受限,破损不堪,16.38
加利尔 AR | 冷石 (战痕累累),加利尔 AR | 冷石,受限,战痕累累,8.60
加利尔 AR | 冷石 (略有磨损),加利尔 AR | 冷石,受限,略有磨损,18.22
XM1014 | 滑流 (崭新出厂),XM1014 | 滑流,军规级,崭新出厂,1.81
XM1014 | 滑流 (久经沙场),XM1014 | 滑流,军规级,久经沙场,0.53
XM1014 | 滑流 (破损不堪),XM1014 | 滑流,军规级,破损不堪,0.84
XM1014 | 滑流 (战痕累累),XM1014 | 滑流,军规级,战痕累累,0.65
XM1014 | 滑流 (略有磨损),XM1014 | 滑流,军规级,略有磨损,1.30
FN57 | 暮色森林 (崭新出厂),FN57 | 暮色森林,消费级,崭新出厂,4.40
FN57 | 暮色森林 (久经沙场),FN57 | 暮色森林,消费级,久经沙场,0.19
FN57 | 暮色森林 (破损不堪),FN57 | 暮色森林,消费级,破损不堪,0.22
FN57 | 暮色森林 (战痕累累),FN57 | 暮色森林,消费级,战痕累累,0.25
FN57 | 暮色森林 (略有磨损),FN57 | 暮色森林,消费级,略有磨损,0.64
锯齿爪刀（★） | 森林 DDPAT (崭新出厂),锯齿爪刀（★） | 森林 DDPAT,隐秘,崭新出厂,
锯齿爪刀（★） | 森林 DDPAT (久经沙场),锯齿爪刀（★） | 森林 DDPAT,隐秘,久经沙场,1997.99
锯齿爪刀（★） | 森林 DDPAT (破损不堪),锯齿爪刀（★） | 森林 DDPAT,隐秘,破损不堪,1974.02
锯齿爪刀（★） | 森林 DDPAT (战痕累累),锯齿爪刀（★） | 森林 DDPAT,隐秘,战痕累累,2000.00
锯齿爪刀（★） | 森林 DDPAT (略有磨损),锯齿爪刀（★） | 森林 DDPAT,隐秘,略有磨损,2499.99
加利尔 AR（纪念品） | 废墟黄昏 (崭新出厂),加利尔 AR（纪念品） | 废墟黄昏,军规级,崭新出厂,35.00
加利尔 AR（纪念品） | 废墟黄昏 (久经沙场),加利尔 AR（纪念品） | 废墟黄昏,军规级,久经沙场,10.03
加利尔 AR（纪念品） | 废墟黄昏 (破损不堪),加利尔 AR（纪念品） | 废墟黄昏,军规级,破损不堪,18.00
加利尔 AR（纪念品） | 废墟黄昏 (战痕累累),加利尔 AR（纪念品） | 废墟黄昏,军规级,战痕累累,8.88
加利尔 AR（纪念品） | 废墟黄昏 (略有磨损),加利尔 AR（纪念品） | 废墟黄昏,军规级,略有磨损,16.73
双持贝瑞塔 | 殖民侵略者 (崭新出厂),双持贝瑞塔 | 殖民侵略者,消费级,崭新出厂,1.99
双持贝瑞塔 | 殖民侵略者 (久经沙场),双持贝瑞塔 | 殖民侵略者,消费级,久经沙场,0.22
双持贝瑞塔 | 殖民侵略者 (破损不堪),双持贝瑞塔 | 殖民侵略者,消费级,破损不堪,0.24
双持贝瑞塔 | 殖民侵略者 (战痕累累),双持贝瑞塔 | 殖民侵略者,消费级,战痕累累,0.22
双持贝瑞塔 | 殖民侵略者 (略有磨损),双持贝瑞塔 | 殖民侵略者,消费级,略有磨损,0.34
法玛斯 | ZX81 彩色 (崭新出厂),法玛斯 | ZX81 彩色,受限,崭新出厂,44.00
法玛斯 | ZX81 彩色 (久经沙场),法玛斯 | ZX81 彩色,受限,久经沙场,9.61
法玛斯 | ZX81 彩色 (破损不堪),法玛斯 | ZX81 彩色,受限,破损不堪,8.27
法玛斯 | ZX81 彩色 (战痕累累),法玛斯 | ZX81 彩色,受限,战痕累累,8.00
法玛斯 | ZX81 彩色 (略有磨损),法玛斯 | ZX81 彩色,受限,略有磨损,16.94
内格夫 | 舱壁 (崭新出厂),内格夫 | 舱壁,工业级,崭新出厂,1.76
内格夫 | 舱壁 (久经沙场),内格夫 | 舱壁,工业级,久经沙场,0.70
内格夫 | 舱壁 (破损不堪),内格夫 | 舱壁,工业级,破损不堪,0.77
内格夫 | 舱壁 (战痕累累),内格夫 | 舱壁,工业级,战痕累累,0.82
内格夫 | 舱壁 (略有磨损),内格夫 | 舱壁,工业级,略有磨损,1.12
骷髅匕首（★） | 狩猎网格 (崭新出厂),骷髅匕首（★） | 狩猎网格,隐秘,崭新出厂,4999.00
骷髅匕首（★） | 狩猎网格 (久经沙场),骷髅匕首（★） | 狩猎网格,隐秘,久经沙场,2153.51
骷髅匕首（★） | 狩猎网格 (破损不堪),骷髅匕首（★） | 狩猎网格,隐秘,破损不堪,
骷髅匕首（★） | 狩猎网格 (战痕累累),骷髅匕首（★） | 狩猎网格,隐秘,战痕累累,2060.00
骷髅匕首（★） | 狩猎网格 (略有磨损),骷髅匕首（★） | 狩猎网格,隐秘,略有磨损,2390.00
FN57 | 焰色反应 (崭新出厂),FN57 | 焰色反应,军规级,崭新出厂,1.48
FN57 | 焰色反应 (久经沙场),FN57 | 焰色反应,军规级,久经沙场,0.35
FN57 | 焰色反应 (破损不堪),FN57 | 焰色反应,军规级,破损不堪,0.38
FN57 | 焰色反应 (战痕累累),FN57 | 焰色反应,军规级,战痕累累,0.31
FN57 | 焰色反应 (略有磨损),FN57 | 焰色反应,军规级,略有磨损,0.78
短剑（★ StatTrak™） | 蓝钢 (崭新出厂),短剑（★ StatTrak™） | 蓝钢,隐秘,崭新出厂,
短剑（★ StatTrak™） | 蓝钢 (久经沙场),短剑（★ StatTrak™） | 蓝钢,隐秘,久经沙场,2300.00
短剑（★ StatTrak™） | 蓝钢 (破损不堪),短剑（★ StatTrak™） | 蓝钢,隐秘,破损不堪,1956.00
短剑（★ StatTrak™） | 蓝钢 (战痕累累),短剑（★ StatTrak™） | 蓝钢,隐秘,战痕累累,1950.00
短剑（★ StatTrak™） | 蓝钢 (略有磨损),短剑（★ StatTrak™） | 蓝钢,隐秘,略有磨损,2450.00
法玛斯 | 元素轮廓 (崭新出厂),法玛斯 | 元素轮廓,受限,崭新出厂,38.51
法玛斯 | 元素轮廓 (久经沙场),法玛斯 | 元素轮廓,受限,久经沙场,13.06
法玛斯 | 元素轮廓 (破损不堪),法玛斯 | 元素轮廓,受限,破损不堪,16.55
法玛斯 | 元素轮廓 (战痕累累),法玛斯 | 元素轮廓,受限,战痕累累,10.00
法玛斯 | 元素轮廓 (略有磨损),法玛斯 | 元素轮廓,受限,略有磨损,19.28
MAG-7 | 碰碰狗 (崭新出厂),MAG-7 | 碰碰狗,军规级,崭新出厂,2.55
MAG-7 | 碰碰狗 (久经沙场),MAG-7 | 碰碰狗,军规级,久经沙场,1.01
MAG-7 | 碰碰狗 (破损不堪),MAG-7 | 碰碰狗,军规级,破损不堪,0.85
MAG-7 | 碰碰狗 (战痕累累),MAG-7 | 碰碰狗,军规级,战痕累累,0.59
MAG-7 | 碰碰狗 (略有磨损),MAG-7 | 碰碰狗,军规级,略有磨损,1.83
R8 左轮手枪 | 稳 (崭新出厂),R8 左轮手枪 | 稳,军规级,崭新出厂,1.94
R8 左轮手枪 | 稳 (久经沙场),R8 左轮手枪 | 稳,军规级,久经沙场,0.39
R8 左轮手枪 | 稳 (破损不堪),R8 左轮手枪 | 稳,军规级,破损不堪,0.29
R8 左轮手枪 | 稳 (战痕累累),R8 左轮手枪 | 稳,军规级,战痕累累,0.30
R8 左轮手枪 | 稳 (略有磨损),R8 左轮手枪 | 稳,军规级,略有磨损,0.80
格洛克 18 型（纪念品） | 拉美西斯之触 (崭新出厂),格洛克 18 型（纪念品） | 拉美西斯之触,受限,崭新出厂,
格洛克 18 型（纪念品） | 拉美西斯之触 (久经沙场),格洛克 18 型（纪念品） | 拉美西斯之触,受限,久经沙场,110.00
格洛克 18 型（纪念品） | 拉美西斯之触 (破损不堪),格洛克 18 型（纪念品） | 拉美西斯之触,受限,破损不堪,99.40
格洛克 18 型（纪念品） | 拉美西斯之触 (战痕累累),格洛克 18 型（纪念品） | 拉美西斯之触,受限,战痕累累,130.00
格洛克 18 型（纪念品） | 拉美西斯之触 (略有磨损),格洛克 18 型（纪念品） | 拉美西斯之触,受限,略有磨损,228.00
加利尔 AR（StatTrak™） | 深红海啸 (崭新出厂),加利尔 AR（StatTrak™） | 深红海啸,受限,崭新出厂,36.53
加利尔 AR（StatTrak™） | 深红海啸 (久经沙场),加利尔 AR（StatTrak™） | 深红海啸,受限,久经沙场,15.26
加利尔 AR（StatTrak™） | 深红海啸 (破损不堪),加利尔 AR（StatTrak™） | 深红海啸,受限,破损不堪,20.00
加利尔 AR（StatTrak™） | 深红海啸 (战痕累累),加利尔 AR（StatTrak™） | 深红海啸,受限,战痕累累,260.00
加利尔 AR（StatTrak™） | 深红海啸 (略有磨损),加利尔 AR（StatTrak™） | 深红海啸,受限,略有磨损,23.00
R8 左轮手枪（纪念品） | 噩梦之夜 (崭新出厂),R8 左轮手枪（纪念品） | 噩梦之夜,消费级,崭新出厂,18.61
R8 左轮手枪（纪念品） | 噩梦之夜 (久经沙场),R8 左轮手枪（纪念品） | 噩梦之夜,消费级,久经沙场,0.10
R8 左轮手枪（纪念品） | 噩梦之夜 (破损不堪),R8 左轮手枪（纪念品） | 噩梦之夜,消费级,破损不堪,0.22
R8 左轮手枪（纪念品） | 噩梦之夜 (战痕累累),R8 左轮手枪（纪念品） | 噩梦之夜,消费级,战痕累累,0.19
R8 左轮手枪（纪念品） | 噩梦之夜 (略有磨损),R8 左轮手枪（纪念品） | 噩梦之夜,消费级,略有磨损,0.68
XM1014 | 蓝钢 (崭新出厂),XM1014 | 蓝钢,工业级,崭新出厂,2.33
XM1014 | 蓝钢 (久经沙场),XM1014 | 蓝钢,工业级,久经沙场,0.81
XM1014 | 蓝钢 (破损不堪),XM1014 | 蓝钢,工业级,破损不堪,0.66
XM1014 | 蓝钢 (战痕累累),XM1014 | 蓝钢,工业级,战痕累累,0.93
XM1014 | 蓝钢 (略有磨损),XM1014 | 蓝钢,工业级,略有磨损,1.49
流浪者匕首（★ StatTrak™） | 人工染色 (崭新出厂),流浪者匕首（★ StatTrak™） | 人工染色,隐秘,崭新出厂,
流浪者匕首（★ StatTrak™） | 人工染色 (久经沙场),流浪者匕首（★ StatTrak™） | 人工染色,隐秘,久经沙场,2196.80
流浪者匕首（★ StatTrak™） | 人工染色 (破损不堪),流浪者匕首（★ StatTrak™） | 人工染色,隐秘,破损不堪,1999.00
流浪者匕首（★ StatTrak™） | 人工染色 (战痕累累),流浪者匕首（★ StatTrak™） | 人工染色,隐秘,战痕累累,
流浪者匕首（★ StatTrak™） | 人工染色 (略有磨损),流浪者匕首（★ StatTrak™） | 人工染色,隐秘,略有磨损,2500.00
Tec-9（纪念品） | 地下水 (崭新出厂),Tec-9（纪念品） | 地下水,消费级,崭新出厂,
Tec-9（纪念品） | 地下水 (久经沙场),Tec-9（纪念品） | 地下水,消费级,久经沙场,86.99
Tec-9（纪念品） | 地下水 (破损不堪),Tec-9（纪念品） | 地下水,消费级,破损不堪,
Tec-9（纪念品） | 地下水 (战痕累累),Tec-9（纪念品） | 地下水,消费级,战痕累累,
Tec-9（纪念品） | 地下水 (略有磨损),Tec-9（纪念品） | 地下水,消费级,略有磨损,300.00
骷髅匕首（★） | 枯焦之色 (崭新出厂),骷髅匕首（★） | 枯焦之色,隐秘,崭新出厂,4188.00
骷髅匕首（★） | 枯焦之色 (久经沙场),骷髅匕首（★） | 枯焦之色,隐秘,久经沙场,2230.60
骷髅匕首（★） | 枯焦之色 (破损不堪),骷髅匕首（★） | 枯焦之色,隐秘,破损不堪,
骷髅匕首（★） | 枯焦之色 (战痕累累),骷髅匕首（★） | 枯焦之色,隐秘,战痕累累,
骷髅匕首（★） | 枯焦之色 (略有磨损),骷髅匕首（★） | 枯焦之色,隐秘,略有磨损,2494.00
新星 | 红苹果 (崭新出厂),新星 | 红苹果,工业级,崭新出厂,1.82
新星 | 红苹果 (久经沙场),新星 | 红苹果,工业级,久经沙场,0.96
新星 | 红苹果 (略有磨损),新星 | 红苹果,工业级,略有磨损,1.12
P2000 | 升天 (崭新出厂),P2000 | 升天,军规级,崭新出厂,1.93
P2000 | 升天 (久经沙场),P2000 | 升天,军规级,久经沙场,0.63
P2000 | 升天 (破损不堪),P2000 | 升天,军规级,破损不堪,0.30
P2000 | 升天 (战痕累累),P2000 | 升天,军规级,战痕累累,0.36
P2000 | 升天 (略有磨损),P2000 | 升天,军规级,略有磨损,0.76
USP 消音版（StatTrak™） | 小绿怪 (崭新出厂),USP 消音版（StatTrak™） | 小绿怪,保密,崭新出厂,598.00
USP 消音版（StatTrak™） | 小绿怪 (久经沙场),USP 消音版（StatTrak™） | 小绿怪,保密,久经沙场,149.90
USP 消音版（StatTrak™） | 小绿怪 (破损不堪),USP 消音版（StatTrak™） | 小绿怪,保密,破损不堪,
USP 消音版（StatTrak™） | 小绿怪 (战痕累累),USP 消音版（StatTrak™） | 小绿怪,保密,战痕累累,268.00
USP 消音版（StatTrak™） | 小绿怪 (略有磨损),USP 消音版（StatTrak™） | 小绿怪,保密,略有磨损,298.50
法玛斯（StatTrak™） | 神经网 (崭新出厂),法玛斯（StatTrak™） | 神经网,受限,崭新出厂,37.06
法玛斯（StatTrak™） | 神经网 (久经沙场),法玛斯（StatTrak™） | 神经网,受限,久经沙场,10.61
法玛斯（StatTrak™） | 神经网 (破损不堪),法玛斯（StatTrak™） | 神经网,受限,破损不堪,59.40
法玛斯（StatTrak™） | 神经网 (战痕累累),法玛斯（StatTrak™） | 神经网,受限,战痕累累,12.28
法玛斯（StatTrak™） | 神经网 (略有磨损),法玛斯（StatTrak™） | 神经网,受限,略有磨损,19.85
P2000 | 都市危机 (崭新出厂),P2000 | 都市危机,军规级,崭新出厂,2.75
P2000 | 都市危机 (久经沙场),P2000 | 都市危机,军规级,久经沙场,0.35
P2000 | 都市危机 (破损不堪),P2000 | 都市危机,军规级,破损不堪,0.29
P2000 | 都市危机 (战痕累累),P2000 | 都市危机,军规级,战痕累累,0.56
P2000 | 都市危机 (略有磨损),P2000 | 都市危机,军规级,略有磨损,0.68
M4A1 消音型 | 隐伏帝王龙 (崭新出厂),M4A1 消音型 | 隐伏帝王龙,受限,崭新出厂,42.30
M4A1 消音型 | 隐伏帝王龙 (久经沙场),M4A1 消音型 | 隐伏帝王龙,受限,久经沙场,9.77
M4A1 消音型 | 隐伏帝王龙 (破损不堪),M4A1 消音型 | 隐伏帝王龙,受限,破损不堪,15.90
M4A1 消音型 | 隐伏帝王龙 (战痕累累),M4A1 消音型 | 隐伏帝王龙,受限,战痕累累,8.58
M4A1 消音型 | 隐伏帝王龙 (略有磨损),M4A1 消音型 | 隐伏帝王龙,受限,略有磨损,20.50
FN57（StatTrak™） | 童话城堡 (崭新出厂),FN57（StatTrak™） | 童话城堡,保密,崭新出厂,658.18
FN57（StatTrak™） | 童话城堡 (久经沙场),FN57（StatTrak™） | 童话城堡,保密,久经沙场,149.90
FN57（StatTrak™） | 童话城堡 (破损不堪),FN57（StatTrak™） | 童话城堡,保密,破损不堪,
FN57（StatTrak™） | 童话城堡 (战痕累累),FN57（StatTrak™） | 童话城堡,保密,战痕累累,117.00
FN57（StatTrak™） | 童话城堡 (略有磨损),FN57（StatTrak™） | 童话城堡,保密,略有磨损,308.00
熊刀（★ StatTrak™） | 大马士革钢 (崭新出厂),熊刀（★ StatTrak™） | 大马士革钢,隐秘,崭新出厂,1720.00
熊刀（★ StatTrak™） | 大马士革钢 (久经沙场),熊刀（★ StatTrak™） | 大马士革钢,隐秘,久经沙场,1250.00
熊刀（★ StatTrak™） | 大马士革钢 (破损不堪),熊刀（★ StatTrak™） | 大马士革钢,隐秘,破损不堪,
熊刀（★ StatTrak™） | 大马士革钢 (战痕累累),熊刀（★ StatTrak™） | 大马士革钢,隐秘,战痕累累,1388.00
熊刀（★ StatTrak™） | 大马士革钢 (略有磨损),熊刀（★ StatTrak™） | 大马士革钢,隐秘,略有磨损,2500.00
内格夫 | 丢把枪 (崭新出厂),内格夫 | 丢把枪,军规级,崭新出厂,2.40
内格夫 | 丢把枪 (久经沙场),内格夫 | 丢把枪,军规级,久经沙场,0.52
内格夫 | 丢把枪 (破损不堪),内格夫 | 丢把枪,军规级,破损不堪,0.46
内格夫 | 丢把枪 (战痕累累),内格夫 | 丢把枪,军规级,战痕累累,0.44
内格夫 | 丢把枪 (略有磨损),内格夫 | 丢把枪,军规级,略有磨损,1.15
沙漠之鹰（StatTrak™） | 大佬龙 (崭新出厂),沙漠之鹰（StatTrak™） | 大佬龙,保密,崭新出厂,546.00
沙漠之鹰（StatTrak™） | 大佬龙 (久经沙场),沙漠之鹰（StatTrak™） | 大佬龙,保密,久经沙场,219.57
沙漠之鹰（StatTrak™） | 大佬龙 (破损不堪),沙漠之鹰（StatTrak™） | 大佬龙,保密,破损不堪,
沙漠之鹰（StatTrak™） | 大佬龙 (战痕累累),沙漠之鹰（StatTrak™） | 大佬龙,保密,战痕累累,238.54
沙漠之鹰（StatTrak™） | 大佬龙 (略有磨损),沙漠之鹰（StatTrak™） | 大佬龙,保密,略有磨损,320.00
XM1014（纪念品） | 蓝色轮胎 (崭新出厂),XM1014（纪念品） | 蓝色轮胎,消费级,崭新出厂,1.52
XM1014（纪念品） | 蓝色轮胎 (久经沙场),XM1014（纪念品） | 蓝色轮胎,消费级,久经沙场,0.26
XM1014（纪念品） | 蓝色轮胎 (破损不堪),XM1014（纪念品） | 蓝色轮胎,消费级,破损不堪,0.31
XM1014（纪念品） | 蓝色轮胎 (战痕累累),XM1014（纪念品） | 蓝色轮胎,消费级,战痕累累,0.94
XM1014（纪念品） | 蓝色轮胎 (略有磨损),XM1014（纪念品） | 蓝色轮胎,消费级,略有磨损,0.67
SSG 08（StatTrak™） | 浮生如梦 (崭新出厂),SSG 08（StatTrak™） | 浮生如梦,受限,崭新出厂,48.00
SSG 08（StatTrak™） | 浮生如梦 (久经沙场),SSG 08（StatTrak™） | 浮生如梦,受限,久经沙场,10.66
SSG 08（StatTrak™） | 浮生如梦 (破损不堪),SSG 08（StatTrak™） | 浮生如梦,受限,破损不堪,23.50
SSG 08（StatTrak™） | 浮生如梦 (战痕累累),SSG 08（StatTrak™） | 浮生如梦,受限,战痕累累,9.00
SSG 08（StatTrak™） | 浮生如梦 (略有磨损),SSG 08（StatTrak™） | 浮生如梦,受限,略有磨损,20.00
鲍伊猎刀（★ StatTrak™） | 致命紫罗兰 (崭新出厂),鲍伊猎刀（★ StatTrak™） | 致命紫罗兰,隐秘,崭新出厂,
鲍伊猎刀（★ StatTrak™） | 致命紫罗兰 (久经沙场),鲍伊猎刀（★ StatTrak™） | 致命紫罗兰,隐秘,久经沙场,
鲍伊猎刀（★ StatTrak™） | 致命紫罗兰 (破损不堪),鲍伊猎刀（★ StatTrak™） | 致命紫罗兰,隐秘,破损不堪,
鲍伊猎刀（★ StatTrak™） | 致命紫罗兰 (战痕累累),鲍伊猎刀（★ StatTrak™） | 致命紫罗兰,隐秘,战痕累累,
鲍伊猎刀（★ StatTrak™） | 致命紫罗兰 (略有磨损),鲍伊猎刀（★ StatTrak™） | 致命紫罗兰,隐秘,略有磨损,2499.00
CZ75（纪念品） | 幻光构架 (崭新出厂),CZ75（纪念品） | 幻光构架,消费级,崭新出厂,2.80
CZ75（纪念品） | 幻光构架 (久经沙场),CZ75（纪念品） | 幻光构架,消费级,久经沙场,0.19
CZ75（纪念品） | 幻光构架 (破损不堪),CZ75（纪念品） | 幻光构架,消费级,破损不堪,1.47
CZ75（纪念品） | 幻光构架 (战痕累累),CZ75（纪念品） | 幻光构架,消费级,战痕累累,0.43
CZ75（纪念品） | 幻光构架 (略有磨损),CZ75（纪念品） | 幻光构架,消费级,略有磨损,0.57
SSG 08 | 青苔虚线 (崭新出厂),SSG 08 | 青苔虚线,消费级,崭新出厂,1001.00
SSG 08 | 青苔虚线 (久经沙场),SSG 08 | 青苔虚线,消费级,久经沙场,9.81
SSG 08 | 青苔虚线 (破损不堪),SSG 08 | 青苔虚线,消费级,破损不堪,
SSG 08 | 青苔虚线 (战痕累累),SSG 08 | 青苔虚线,消费级,战痕累累,
SSG 08 | 青苔虚线 (略有磨损),SSG 08 | 青苔虚线,消费级,略有磨损,20.00
截短霰弹枪 | 伏击者 (崭新出厂),截短霰弹枪 | 伏击者,消费级,崭新出厂,2.09
截短霰弹枪 | 伏击者 (久经沙场),截短霰弹枪 | 伏击者,消费级,久经沙场,1.09
截短霰弹枪 | 伏击者 (破损不堪),截短霰弹枪 | 伏击者,消费级,破损不堪,2.10
截短霰弹枪 | 伏击者 (战痕累累),截短霰弹枪 | 伏击者,消费级,战痕累累,1.14
截短霰弹枪 | 伏击者 (略有磨损),截短霰弹枪 | 伏击者,消费级,略有磨损,1.38
USP 消音版（纪念品） | 宝蓝之色 (崭新出厂),USP 消音版（纪念品） | 宝蓝之色,工业级,崭新出厂,3295.70
USP 消音版（纪念品） | 宝蓝之色 (久经沙场),USP 消音版（纪念品） | 宝蓝之色,工业级,久经沙场,
USP 消音版（纪念品） | 宝蓝之色 (破损不堪),USP 消音版（纪念品） | 宝蓝之色,工业级,破损不堪,77.36
USP 消音版（纪念品） | 宝蓝之色 (战痕累累),USP 消音版（纪念品） | 宝蓝之色,工业级,战痕累累,79.00
USP 消音版（纪念品） | 宝蓝之色 (略有磨损),USP 消音版（纪念品） | 宝蓝之色,工业级,略有磨损,320.00
鲍伊猎刀（★） | 虎牙 (崭新出厂),鲍伊猎刀（★） | 虎牙,隐秘,崭新出厂,2168.96
鲍伊猎刀（★） | 虎牙 (略有磨损),鲍伊猎刀（★） | 虎牙,隐秘,略有磨损,2120.00
内格夫 | 沙漠精英 (崭新出厂),内格夫 | 沙漠精英,军规级,崭新出厂,1.97
内格夫 | 沙漠精英 (久经沙场),内格夫 | 沙漠精英,军规级,久经沙场,1.10
内格夫 | 沙漠精英 (破损不堪),内格夫 | 沙漠精英,军规级,破损不堪,0.81
内格夫 | 沙漠精英 (战痕累累),内格夫 | 沙漠精英,军规级,战痕累累,0.98
内格夫 | 沙漠精英 (略有磨损),内格夫 | 沙漠精英,军规级,略有磨损,1.23
P2000 | 盘根错节 (崭新出厂),P2000 | 盘根错节,军规级,崭新出厂,2.00
P2000 | 盘根错节 (久经沙场),P2000 | 盘根错节,军规级,久经沙场,0.33
P2000 | 盘根错节 (破损不堪),P2000 | 盘根错节,军规级,破损不堪,0.29
P2000 | 盘根错节 (战痕累累),P2000 | 盘根错节,军规级,战痕累累,0.29
P2000 | 盘根错节 (略有磨损),P2000 | 盘根错节,军规级,略有磨损,0.77
双持贝瑞塔 | 毒蛇袭击 (崭新出厂),双持贝瑞塔 | 毒蛇袭击,保密,崭新出厂,402.69
双持贝瑞塔 | 毒蛇袭击 (久经沙场),双持贝瑞塔 | 毒蛇袭击,保密,久经沙场,283.55
双持贝瑞塔 | 毒蛇袭击 (破损不堪),双持贝瑞塔 | 毒蛇袭击,保密,破损不堪,
双持贝瑞塔 | 毒蛇袭击 (战痕累累),双持贝瑞塔 | 毒蛇袭击,保密,战痕累累,
双持贝瑞塔 | 毒蛇袭击 (略有磨损),双持贝瑞塔 | 毒蛇袭击,保密,略有磨损,334.13
SCAR-20 | 暴风呼啸 (崭新出厂),SCAR-20 | 暴风呼啸,消费级,崭新出厂,
SCAR-20 | 暴风呼啸 (久经沙场),SCAR-20 | 暴风呼啸,消费级,久经沙场,12.67
SCAR-20 | 暴风呼啸 (破损不堪),SCAR-20 | 暴风呼啸,消费级,破损不堪,
SCAR-20 | 暴风呼啸 (战痕累累),SCAR-20 | 暴风呼啸,消费级,战痕累累,9.72
SCAR-20 | 暴风呼啸 (略有磨损),SCAR-20 | 暴风呼啸,消费级,略有磨损,19.84
CZ75 | 印花板 (崭新出厂),CZ75 | 印花板,军规级,崭新出厂,2.47
CZ75 | 印花板 (久经沙场),CZ75 | 印花板,军规级,久经沙场,0.53
CZ75 | 印花板 (破损不堪),CZ75 | 印花板,军规级,破损不堪,0.43
CZ75 | 印花板 (战痕累累),CZ75 | 印花板,军规级,战痕累累,0.45
CZ75 | 印花板 (略有磨损),CZ75 | 印花板,军规级,略有磨损,0.96
鲍伊猎刀（★） | 深红之网 (崭新出厂),鲍伊猎刀（★） | 深红之网,隐秘,崭新出厂,
鲍伊猎刀（★） | 深红之网 (久经沙场),鲍伊猎刀（★） | 深红之网,隐秘,久经沙场,1750.00
鲍伊猎刀（★） | 深红之网 (破损不堪),鲍伊猎刀（★） | 深红之网,隐秘,破损不堪,1600.00
鲍伊猎刀（★） | 深红之网 (战痕累累),鲍伊猎刀（★） | 深红之网,隐秘,战痕累累,1264.59
鲍伊猎刀（★） | 深红之网 (略有磨损),鲍伊猎刀（★） | 深红之网,隐秘,略有磨损,2500.00
M249 | 鬼影 (崭新出厂),M249 | 鬼影,军规级,崭新出厂,1.95
M249 | 鬼影 (久经沙场),M249 | 鬼影,军规级,久经沙场,0.55
M249 | 鬼影 (破损不堪),M249 | 鬼影,军规级,破损不堪,0.75
M249 | 鬼影 (战痕累累),M249 | 鬼影,军规级,战痕累累,0.86
M249 | 鬼影 (略有磨损),M249 | 鬼影,军规级,略有磨损,1.06
P250（StatTrak™） | 曼海蒂 (崭新出厂),P250（StatTrak™） | 曼海蒂,保密,崭新出厂,485.53
P250（StatTrak™） | 曼海蒂 (久经沙场),P250（StatTrak™） | 曼海蒂,保密,久经沙场,286.62
P250（StatTrak™） | 曼海蒂 (破损不堪),P250（StatTrak™） | 曼海蒂,保密,破损不堪,250.00
P250（StatTrak™） | 曼海蒂 (战痕累累),P250（StatTrak™） | 曼海蒂,保密,战痕累累,288.50
P250（StatTrak™） | 曼海蒂 (略有磨损),P250（StatTrak™） | 曼海蒂,保密,略有磨损,251.00
M4A1 消音型 | 氮化处理 (崭新出厂),M4A1 消音型 | 氮化处理,受限,崭新出厂,62.04
M4A1 消音型 | 氮化处理 (久经沙场),M4A1 消音型 | 氮化处理,受限,久经沙场,7.46
M4A1 消音型 | 氮化处理 (破损不堪),M4A1 消音型 | 氮化处理,受限,破损不堪,8.59
M4A1 消音型 | 氮化处理 (战痕累累),M4A1 消音型 | 氮化处理,受限,战痕累累,6.77
M4A1 消音型 | 氮化处理 (略有磨损),M4A1 消音型 | 氮化处理,受限,略有磨损,18.41
骷髅匕首（★） | 森林 DDPAT (崭新出厂),骷髅匕首（★） | 森林 DDPAT,隐秘,崭新出厂,4988.00
骷髅匕首（★） | 森林 DDPAT (久经沙场),骷髅匕首（★） | 森林 DDPAT,隐秘,久经沙场,2194.66
骷髅匕首（★） | 森林 DDPAT (破损不堪),骷髅匕首（★） | 森林 DDPAT,隐秘,破损不堪,2200.00
骷髅匕首（★） | 森林 DDPAT (战痕累累),骷髅匕首（★） | 森林 DDPAT,隐秘,战痕累累,2150.00
骷髅匕首（★） | 森林 DDPAT (略有磨损),骷髅匕首（★） | 森林 DDPAT,隐秘,略有磨损,2509.00
M249 | 捕食者 (崭新出厂),M249 | 捕食者,消费级,崭新出厂,4.92
M249 | 捕食者 (久经沙场),M249 | 捕食者,消费级,久经沙场,1.08
M249 | 捕食者 (破损不堪),M249 | 捕食者,消费级,破损不堪,1.34
M249 | 捕食者 (战痕累累),M249 | 捕食者,消费级,战痕累累,1.08
M249 | 捕食者 (略有磨损),M249 | 捕食者,消费级,略有磨损,1.26
沙漠之鹰 | 纵横波涛 (崭新出厂),沙漠之鹰 | 纵横波涛,隐秘,崭新出厂,988.98
沙漠之鹰 | 纵横波涛 (久经沙场),沙漠之鹰 | 纵横波涛,隐秘,久经沙场,155.48
沙漠之鹰 | 纵横波涛 (破损不堪),沙漠之鹰 | 纵横波涛,隐秘,破损不堪,113.00
沙漠之鹰 | 纵横波涛 (战痕累累),沙漠之鹰 | 纵横波涛,隐秘,战痕累累,94.59
沙漠之鹰 | 纵横波涛 (略有磨损),沙漠之鹰 | 纵横波涛,隐秘,略有磨损,335.99
G3SG1（StatTrak™） | 公海 (崭新出厂),G3SG1（StatTrak™） | 公海,受限,崭新出厂,49.98
G3SG1（StatTrak™） | 公海 (久经沙场),G3SG1（StatTrak™） | 公海,受限,久经沙场,8.67
G3SG1（StatTrak™） | 公海 (破损不堪),G3SG1（StatTrak™） | 公海,受限,破损不堪,8.69
G3SG1（StatTrak™） | 公海 (战痕累累),G3SG1（StatTrak™） | 公海,受限,战痕累累,6.65
G3SG1（StatTrak™） | 公海 (略有磨损),G3SG1（StatTrak™） | 公海,受限,略有磨损,20.90
R8 左轮手枪 | 骸骨锻造 (崭新出厂),R8 左轮手枪 | 骸骨锻造,军规级,崭新出厂,1.91
R8 左轮手枪 | 骸骨锻造 (久经沙场),R8 左轮手枪 | 骸骨锻造,军规级,久经沙场,0.49
R8 左轮手枪 | 骸骨锻造 (破损不堪),R8 左轮手枪 | 骸骨锻造,军规级,破损不堪,0.87
R8 左轮手枪 | 骸骨锻造 (战痕累累),R8 左轮手枪 | 骸骨锻造,军规级,战痕累累,0.58
R8 左轮手枪 | 骸骨锻造 (略有磨损),R8 左轮手枪 | 骸骨锻造,军规级,略有磨损,0.82
鲍伊猎刀（★ StatTrak™） | 自动化 (崭新出厂),鲍伊猎刀（★ StatTrak™） | 自动化,隐秘,崭新出厂,
鲍伊猎刀（★ StatTrak™） | 自动化 (久经沙场),鲍伊猎刀（★ StatTrak™） | 自动化,隐秘,久经沙场,1899.00
鲍伊猎刀（★ StatTrak™） | 自动化 (破损不堪),鲍伊猎刀（★ StatTrak™） | 自动化,隐秘,破损不堪,
鲍伊猎刀（★ StatTrak™） | 自动化 (战痕累累),鲍伊猎刀（★ StatTrak™） | 自动化,隐秘,战痕累累,1640.00
鲍伊猎刀（★ StatTrak™） | 自动化 (略有磨损),鲍伊猎刀（★ StatTrak™） | 自动化,隐秘,略有磨损,2100.00
AWP | 复古流行 (崭新出厂),AWP | 复古流行,受限,崭新出厂,35.00
AWP | 复古流行 (久经沙场),AWP | 复古流行,受限,久经沙场,17.00
AWP | 复古流行 (破损不堪),AWP | 复古流行,受限,破损不堪,19.40
AWP | 复古流行 (略有磨损),AWP | 复古流行,受限,略有磨损,20.40
USP 消音版 | 猎户 (崭新出厂),USP 消音版 | 猎户,保密,崭新出厂,400.69
USP 消音版 | 猎户 (久经沙场),USP 消音版 | 猎户,保密,久经沙场,312.55
USP 消音版 | 猎户 (破损不堪),USP 消音版 | 猎户,保密,破损不堪,400.00
USP 消音版 | 猎户 (战痕累累),USP 消音版 | 猎户,保密,战痕累累,
USP 消音版 | 猎户 (略有磨损),USP 消音版 | 猎户,保密,略有磨损,317.98
新星 | Exo (崭新出厂),新星 | Exo,军规级,崭新出厂,2.66
新星 | Exo (久经沙场),新星 | Exo,军规级,久经沙场,0.80
新星 | Exo (破损不堪),新星 | Exo,军规级,破损不堪,1.34
新星 | Exo (战痕累累),新星 | Exo,军规级,战痕累累,1.20
新星 | Exo (略有磨损),新星 | Exo,军规级,略有磨损,1.18
FN57 | 斯康里娅 (崭新出厂),FN57 | 斯康里娅,军规级,崭新出厂,3.15
FN57 | 斯康里娅 (久经沙场),FN57 | 斯康里娅,军规级,久经沙场,0.36
FN57 | 斯康里娅 (破损不堪),FN57 | 斯康里娅,军规级,破损不堪,0.39
FN57 | 斯康里娅 (战痕累累),FN57 | 斯康里娅,军规级,战痕累累,0.46
FN57 | 斯康里娅 (略有磨损),FN57 | 斯康里娅,军规级,略有磨损,0.86
SG 553（StatTrak™） | 青龙 (崭新出厂),SG 553（StatTrak™） | 青龙,受限,崭新出厂,42.00
SG 553（StatTrak™） | 青龙 (久经沙场),SG 553（StatTrak™） | 青龙,受限,久经沙场,9.10
SG 553（StatTrak™） | 青龙 (破损不堪),SG 553（StatTrak™） | 青龙,受限,破损不堪,10.35
SG 553（StatTrak™） | 青龙 (战痕累累),SG 553（StatTrak™） | 青龙,受限,战痕累累,7.95
SG 553（StatTrak™） | 青龙 (略有磨损),SG 553（StatTrak™） | 青龙,受限,略有磨损,20.69
P250 | 暗潮 (崭新出厂),P250 | 暗潮,保密,崭新出厂,456.00
P250 | 暗潮 (久经沙场),P250 | 暗潮,保密,久经沙场,255.20
P250 | 暗潮 (略有磨损),P250 | 暗潮,保密,略有磨损,290.00
M249 | 鳄鱼网格 (崭新出厂),M249 | 鳄鱼网格,工业级,崭新出厂,1.82
M249 | 鳄鱼网格 (久经沙场),M249 | 鳄鱼网格,工业级,久经沙场,0.85
M249 | 鳄鱼网格 (破损不堪),M249 | 鳄鱼网格,工业级,破损不堪,1.13
M249 | 鳄鱼网格 (战痕累累),M249 | 鳄鱼网格,工业级,战痕累累,0.85
M249 | 鳄鱼网格 (略有磨损),M249 | 鳄鱼网格,工业级,略有磨损,1.38
FN57 | 涂鸦潦草 (崭新出厂),FN57 | 涂鸦潦草,军规级,崭新出厂,2.95
FN57 | 涂鸦潦草 (久经沙场),FN57 | 涂鸦潦草,军规级,久经沙场,0.37
FN57 | 涂鸦潦草 (破损不堪),FN57 | 涂鸦潦草,军规级,破损不堪,0.30
FN57 | 涂鸦潦草 (战痕累累),FN57 | 涂鸦潦草,军规级,战痕累累,0.67
FN57 | 涂鸦潦草 (略有磨损),FN57 | 涂鸦潦草,军规级,略有磨损,0.78
锯齿爪刀（★ StatTrak™） | 枯焦之色 (久经沙场),锯齿爪刀（★ StatTrak™） | 枯焦之色,隐秘,久经沙场,2080.00
锯齿爪刀（★ StatTrak™） | 枯焦之色 (破损不堪),锯齿爪刀（★ StatTrak™） | 枯焦之色,隐秘,破损不堪,
锯齿爪刀（★ StatTrak™） | 枯焦之色 (战痕累累),锯齿爪刀（★ StatTrak™） | 枯焦之色,隐秘,战痕累累,2000.00
锯齿爪刀（★ StatTrak™） | 枯焦之色 (略有磨损),锯齿爪刀（★ StatTrak™） | 枯焦之色,隐秘,略有磨损,2555.00
M4A1 消音型 | 血虎 (崭新出厂),M4A1 消音型 | 血虎,军规级,崭新出厂,28.76
M4A1 消音型 | 血虎 (久经沙场),M4A1 消音型 | 血虎,军规级,久经沙场,22.20
M4A1 消音型 | 血虎 (略有磨损),M4A1 消音型 | 血虎,军规级,略有磨损,23.60
格洛克 18 型（纪念品） | 核子反应 (崭新出厂),格洛克 18 型（纪念品） | 核子反应,军规级,崭新出厂,700.00
格洛克 18 型（纪念品） | 核子反应 (久经沙场),格洛克 18 型（纪念品） | 核子反应,军规级,久经沙场,186.25
格洛克 18 型（纪念品） | 核子反应 (破损不堪),格洛克 18 型（纪念品） | 核子反应,军规级,破损不堪,95.00
格洛克 18 型（纪念品） | 核子反应 (战痕累累),格洛克 18 型（纪念品） | 核子反应,军规级,战痕累累,87.00
格洛克 18 型（纪念品） | 核子反应 (略有磨损),格洛克 18 型（纪念品） | 核子反应,军规级,略有磨损,359.55
P250 | 卡带 (崭新出厂),P250 | 卡带,军规级,崭新出厂,1.44
P250 | 卡带 (久经沙场),P250 | 卡带,军规级,久经沙场,0.43
P250 | 卡带 (破损不堪),P250 | 卡带,军规级,破损不堪,0.56
P250 | 卡带 (战痕累累),P250 | 卡带,军规级,战痕累累,0.47
P250 | 卡带 (略有磨损),P250 | 卡带,军规级,略有磨损,0.69
截短霰弹枪 | 千纸鹤 (崭新出厂),截短霰弹枪 | 千纸鹤,军规级,崭新出厂,1.95
截短霰弹枪 | 千纸鹤 (久经沙场),截短霰弹枪 | 千纸鹤,军规级,久经沙场,0.66
截短霰弹枪 | 千纸鹤 (破损不堪),截短霰弹枪 | 千纸鹤,军规级,破损不堪,2.24
截短霰弹枪 | 千纸鹤 (战痕累累),截短霰弹枪 | 千纸鹤,军规级,战痕累累,1.57
截短霰弹枪 | 千纸鹤 (略有磨损),截短霰弹枪 | 千纸鹤,军规级,略有磨损,1.20
P250 | 现代猎手 (崭新出厂),P250 | 现代猎手,军规级,崭新出厂,
P250 | 现代猎手 (久经沙场),P250 | 现代猎手,军规级,久经沙场,
P250 | 现代猎手 (破损不堪),P250 | 现代猎手,军规级,破损不堪,
P250 | 现代猎手 (战痕累累),P250 | 现代猎手,军规级,战痕累累,
P250 | 现代猎手 (略有磨损),P250 | 现代猎手,军规级,略有磨损,359.97
暗影双匕（★ StatTrak™） | 表面淬火 (崭新出厂),暗影双匕（★ StatTrak™） | 表面淬火,隐秘,崭新出厂,
暗影双匕（★ StatTrak™） | 表面淬火 (久经沙场),暗影双匕（★ StatTrak™） | 表面淬火,隐秘,久经沙场,
暗影双匕（★ StatTrak™） | 表面淬火 (破损不堪),暗影双匕（★ StatTrak™） | 表面淬火,隐秘,破损不堪,
暗影双匕（★ StatTrak™） | 表面淬火 (战痕累累),暗影双匕（★ StatTrak™） | 表面淬火,隐秘,战痕累累,
暗影双匕（★ StatTrak™） | 表面淬火 (略有磨损),暗影双匕（★ StatTrak™） | 表面淬火,隐秘,略有磨损,1656.44
XM1014 | 加州迷彩 (崭新出厂),XM1014 | 加州迷彩,工业级,崭新出厂,1.65
XM1014 | 加州迷彩 (久经沙场),XM1014 | 加州迷彩,工业级,久经沙场,0.76
XM1014 | 加州迷彩 (破损不堪),XM1014 | 加州迷彩,工业级,破损不堪,0.98
XM1014 | 加州迷彩 (战痕累累),XM1014 | 加州迷彩,工业级,战痕累累,1.08
XM1014 | 加州迷彩 (略有磨损),XM1014 | 加州迷彩,工业级,略有磨损,1.15
SSG 08 | 抖枪 (崭新出厂),SSG 08 | 抖枪,受限,崭新出厂,33.90
SSG 08 | 抖枪 (久经沙场),SSG 08 | 抖枪,受限,久经沙场,14.75
SSG 08 | 抖枪 (破损不堪),SSG 08 | 抖枪,受限,破损不堪,21.86
SSG 08 | 抖枪 (战痕累累),SSG 08 | 抖枪,受限,战痕累累,11.04
SSG 08 | 抖枪 (略有磨损),SSG 08 | 抖枪,受限,略有磨损,21.20
格洛克 18 型 | 异星世界 (崭新出厂),格洛克 18 型 | 异星世界,军规级,崭新出厂,4.26
格洛克 18 型 | 异星世界 (久经沙场),格洛克 18 型 | 异星世界,军规级,久经沙场,0.60
格洛克 18 型 | 异星世界 (破损不堪),格洛克 18 型 | 异星世界,军规级,破损不堪,0.71
格洛克 18 型 | 异星世界 (战痕累累),格洛克 18 型 | 异星世界,军规级,战痕累累,1.36
格洛克 18 型 | 异星世界 (略有磨损),格洛克 18 型 | 异星世界,军规级,略有磨损,1.00
短剑（★ StatTrak™） | 大马士革钢 (崭新出厂),短剑（★ StatTrak™） | 大马士革钢,隐秘,崭新出厂,2950.00
短剑（★ StatTrak™） | 大马士革钢 (久经沙场),短剑（★ StatTrak™） | 大马士革钢,隐秘,久经沙场,2222.00
短剑（★ StatTrak™） | 大马士革钢 (破损不堪),短剑（★ StatTrak™） | 大马士革钢,隐秘,破损不堪,
短剑（★ StatTrak™） | 大马士革钢 (战痕累累),短剑（★ StatTrak™） | 大马士革钢,隐秘,战痕累累,
短剑（★ StatTrak™） | 大马士革钢 (略有磨损),短剑（★ StatTrak™） | 大马士革钢,隐秘,略有磨损,
USP 消音版 | 凯门鳄 (崭新出厂),USP 消音版 | 凯门鳄,保密,崭新出厂,415.00
USP 消音版 | 凯门鳄 (久经沙场),USP 消音版 | 凯门鳄,保密,久经沙场,316.00
USP 消音版 | 凯门鳄 (破损不堪),USP 消音版 | 凯门鳄,保密,破损不堪,
USP 消音版 | 凯门鳄 (略有磨损),USP 消音版 | 凯门鳄,保密,略有磨损,360.00
格洛克 18 型 | 锈蚀烈焰 (崭新出厂),格洛克 18 型 | 锈蚀烈焰,军规级,崭新出厂,2.11
格洛克 18 型 | 锈蚀烈焰 (久经沙场),格洛克 18 型 | 锈蚀烈焰,军规级,久经沙场,0.60
格洛克 18 型 | 锈蚀烈焰 (破损不堪),格洛克 18 型 | 锈蚀烈焰,军规级,破损不堪,0.91
格洛克 18 型 | 锈蚀烈焰 (战痕累累),格洛克 18 型 | 锈蚀烈焰,军规级,战痕累累,0.52
格洛克 18 型 | 锈蚀烈焰 (略有磨损),格洛克 18 型 | 锈蚀烈焰,军规级,略有磨损,0.91
截短霰弹枪 | 弄臣之颅 (崭新出厂),截短霰弹枪 | 弄臣之颅,军规级,崭新出厂,3.01
截短霰弹枪 | 弄臣之颅 (久经沙场),截短霰弹枪 | 弄臣之颅,军规级,久经沙场,1.13
截短霰弹枪 | 弄臣之颅 (破损不堪),截短霰弹枪 | 弄臣之颅,军规级,破损不堪,0.48
截短霰弹枪 | 弄臣之颅 (战痕累累),截短霰弹枪 | 弄臣之颅,军规级,战痕累累,0.75
截短霰弹枪 | 弄臣之颅 (略有磨损),截短霰弹枪 | 弄臣之颅,军规级,略有磨损,1.32
系绳匕首（★） | 屠夫 (崭新出厂),系绳匕首（★） | 屠夫,隐秘,崭新出厂,3183.81
系绳匕首（★） | 屠夫 (久经沙场),系绳匕首（★） | 屠夫,隐秘,久经沙场,2500.00
系绳匕首（★） | 屠夫 (略有磨损),系绳匕首（★） | 屠夫,隐秘,略有磨损,2621.98
格洛克 18 型（StatTrak™） | 子弹皇后 (崭新出厂),格洛克 18 型（StatTrak™） | 子弹皇后,隐秘,崭新出厂,1180.00
格洛克 18 型（StatTrak™） | 子弹皇后 (久经沙场),格洛克 18 型（StatTrak™） | 子弹皇后,隐秘,久经沙场,199.00
格洛克 18 型（StatTrak™） | 子弹皇后 (破损不堪),格洛克 18 型（StatTrak™） | 子弹皇后,隐秘,破损不堪,153.00
格洛克 18 型（StatTrak™） | 子弹皇后 (战痕累累),格洛克 18 型（StatTrak™） | 子弹皇后,隐秘,战痕累累,129.00
格洛克 18 型（StatTrak™） | 子弹皇后 (略有磨损),格洛克 18 型（StatTrak™） | 子弹皇后,隐秘,略有磨损,388.00
AK-47 | 钢铁三角洲 (崭新出厂),AK-47 | 钢铁三角洲,军规级,崭新出厂,35.55
AK-47 | 钢铁三角洲 (久经沙场),AK-47 | 钢铁三角洲,军规级,久经沙场,14.00
AK-47 | 钢铁三角洲 (破损不堪),AK-47 | 钢铁三角洲,军规级,破损不堪,19.98
AK-47 | 钢铁三角洲 (战痕累累),AK-47 | 钢铁三角洲,军规级,战痕累累,12.84
AK-47 | 钢铁三角洲 (略有磨损),AK-47 | 钢铁三角洲,军规级,略有磨损,21.00
P2000 | 海洋 (崭新出厂),P2000 | 海洋,军规级,崭新出厂,1.90
P2000 | 海洋 (久经沙场),P2000 | 海洋,军规级,久经沙场,0.75
P2000 | 海洋 (破损不堪),P2000 | 海洋,军规级,破损不堪,0.68
P2000 | 海洋 (战痕累累),P2000 | 海洋,军规级,战痕累累,0.56
P2000 | 海洋 (略有磨损),P2000 | 海洋,军规级,略有磨损,0.82
M249 | O.S.I.P.R. (崭新出厂),M249 | O.S.I.P.R.,军规级,崭新出厂,2.50
M249 | O.S.I.P.R. (久经沙场),M249 | O.S.I.P.R.,军规级,久经沙场,0.64
M249 | O.S.I.P.R. (破损不堪),M249 | O.S.I.P.R.,军规级,破损不堪,0.70
M249 | O.S.I.P.R. (战痕累累),M249 | O.S.I.P.R.,军规级,战痕累累,0.73
M249 | O.S.I.P.R. (略有磨损),M249 | O.S.I.P.R.,军规级,略有磨损,1.01
短剑（★） | 大马士革钢 (崭新出厂),短剑（★） | 大马士革钢,隐秘,崭新出厂,2809.81
短剑（★） | 大马士革钢 (久经沙场),短剑（★） | 大马士革钢,隐秘,久经沙场,2253.05
短剑（★） | 大马士革钢 (破损不堪),短剑（★） | 大马士革钢,隐秘,破损不堪,1900.00
短剑（★） | 大马士革钢 (战痕累累),短剑（★） | 大马士革钢,隐秘,战痕累累,1810.00
短剑（★） | 大马士革钢 (略有磨损),短剑（★） | 大马士革钢,隐秘,略有磨损,2596.39
P250 | 铠甲 (崭新出厂),P250 | 铠甲,军规级,崭新出厂,6.00
P250 | 铠甲 (久经沙场),P250 | 铠甲,军规级,久经沙场,0.58
P250 | 铠甲 (破损不堪),P250 | 铠甲,军规级,破损不堪,2.84
P250 | 铠甲 (战痕累累),P250 | 铠甲,军规级,战痕累累,0.62
P250 | 铠甲 (略有磨损),P250 | 铠甲,军规级,略有磨损,0.99
截短霰弹枪 | 夜百合 (崭新出厂),截短霰弹枪 | 夜百合,军规级,崭新出厂,2.57
截短霰弹枪 | 夜百合 (久经沙场),截短霰弹枪 | 夜百合,军规级,久经沙场,0.54
截短霰弹枪 | 夜百合 (破损不堪),截短霰弹枪 | 夜百合,军规级,破损不堪,0.43
截短霰弹枪 | 夜百合 (战痕累累),截短霰弹枪 | 夜百合,军规级,战痕累累,0.34
截短霰弹枪 | 夜百合 (略有磨损),截短霰弹枪 | 夜百合,军规级,略有磨损,0.82
穿肠刀（★） | 渐变大理石 (崭新出厂),穿肠刀（★） | 渐变大理石,隐秘,崭新出厂,1592.40
穿肠刀（★） | 渐变大理石 (略有磨损),穿肠刀（★） | 渐变大理石,隐秘,略有磨损,2599.00
M4A4 | 渐变斑纹 (崭新出厂),M4A4 | 渐变斑纹,军规级,崭新出厂,300.00
M4A4 | 渐变斑纹 (久经沙场),M4A4 | 渐变斑纹,军规级,久经沙场,15.84
M4A4 | 渐变斑纹 (破损不堪),M4A4 | 渐变斑纹,军规级,破损不堪,53.62
M4A4 | 渐变斑纹 (战痕累累),M4A4 | 渐变斑纹,军规级,战痕累累,39.00
M4A4 | 渐变斑纹 (略有磨损),M4A4 | 渐变斑纹,军规级,略有磨损,22.50
CZ75 | 梅红时刻 (崭新出厂),CZ75 | 梅红时刻,保密,崭新出厂,499.00
CZ75 | 梅红时刻 (久经沙场),CZ75 | 梅红时刻,保密,久经沙场,227.14
CZ75 | 梅红时刻 (破损不堪),CZ75 | 梅红时刻,保密,破损不堪,
CZ75 | 梅红时刻 (略有磨损),CZ75 | 梅红时刻,保密,略有磨损,275.00
新星 | 钢笼 (崭新出厂),新星 | 钢笼,工业级,崭新出厂,1.69
新星 | 钢笼 (久经沙场),新星 | 钢笼,工业级,久经沙场,1.40
新星 | 钢笼 (略有磨损),新星 | 钢笼,工业级,略有磨损,1.28
CZ75 | 聚合物 (崭新出厂),CZ75 | 聚合物,军规级,崭新出厂,2.68
CZ75 | 聚合物 (久经沙场),CZ75 | 聚合物,军规级,久经沙场,0.55
CZ75 | 聚合物 (破损不堪),CZ75 | 聚合物,军规级,破损不堪,0.67
CZ75 | 聚合物 (战痕累累),CZ75 | 聚合物,军规级,战痕累累,0.97
CZ75 | 聚合物 (略有磨损),CZ75 | 聚合物,军规级,略有磨损,1.20
Tec-9 | 碎蛋白石 (崭新出厂),Tec-9 | 碎蛋白石,军规级,崭新出厂,3.00
Tec-9 | 碎蛋白石 (久经沙场),Tec-9 | 碎蛋白石,军规级,久经沙场,0.77
Tec-9 | 碎蛋白石 (破损不堪),Tec-9 | 碎蛋白石,军规级,破损不堪,0.38
Tec-9 | 碎蛋白石 (战痕累累),Tec-9 | 碎蛋白石,军规级,战痕累累,0.59
Tec-9 | 碎蛋白石 (略有磨损),Tec-9 | 碎蛋白石,军规级,略有磨损,1.05
格洛克 18 型 | 粉红 DDPAT (崭新出厂),格洛克 18 型 | 粉红 DDPAT,受限,崭新出厂,556.38
格洛克 18 型 | 粉红 DDPAT (久经沙场),格洛克 18 型 | 粉红 DDPAT,受限,久经沙场,365.00
格洛克 18 型 | 粉红 DDPAT (破损不堪),格洛克 18 型 | 粉红 DDPAT,受限,破损不堪,
格洛克 18 型 | 粉红 DDPAT (战痕累累),格洛克 18 型 | 粉红 DDPAT,受限,战痕累累,599.00
格洛克 18 型 | 粉红 DDPAT (略有磨损),格洛克 18 型 | 粉红 DDPAT,受限,略有磨损,375.00
新星 | 随风 (崭新出厂),新星 | 随风,军规级,崭新出厂,2.30
新星 | 随风 (久经沙场),新星 | 随风,军规级,久经沙场,0.71
新星 | 随风 (破损不堪),新星 | 随风,军规级,破损不堪,0.92
新星 | 随风 (战痕累累),新星 | 随风,军规级,战痕累累,0.85
新星 | 随风 (略有磨损),新星 | 随风,军规级,略有磨损,1.30
加利尔 AR（纪念品） | 渐变琥珀 (崭新出厂),加利尔 AR（纪念品） | 渐变琥珀,军规级,崭新出厂,43.46
加利尔 AR（纪念品） | 渐变琥珀 (久经沙场),加利尔 AR（纪念品） | 渐变琥珀,军规级,久经沙场,7.99
加利尔 AR（纪念品） | 渐变琥珀 (破损不堪),加利尔 AR（纪念品） | 渐变琥珀,军规级,破损不堪,88.78
加利尔 AR（纪念品） | 渐变琥珀 (略有磨损),加利尔 AR（纪念品） | 渐变琥珀,军规级,略有磨损,21.50
骷髅匕首（★） | 北方森林 (崭新出厂),骷髅匕首（★） | 北方森林,隐秘,崭新出厂,
骷髅匕首（★） | 北方森林 (久经沙场),骷髅匕首（★） | 北方森林,隐秘,久经沙场,2248.03
骷髅匕首（★） | 北方森林 (破损不堪),骷髅匕首（★） | 北方森林,隐秘,破损不堪,2200.00
骷髅匕首（★） | 北方森林 (战痕累累),骷髅匕首（★） | 北方森林,隐秘,战痕累累,2106.89
骷髅匕首（★） | 北方森林 (略有磨损),骷髅匕首（★） | 北方森林,隐秘,略有磨损,2650.00
AUG | 代达罗斯之殇 (崭新出厂),AUG | 代达罗斯之殇,消费级,崭新出厂,24.55
AUG | 代达罗斯之殇 (久经沙场),AUG | 代达罗斯之殇,消费级,久经沙场,20.54
AUG | 代达罗斯之殇 (破损不堪),AUG | 代达罗斯之殇,消费级,破损不堪,
AUG | 代达罗斯之殇 (战痕累累),AUG | 代达罗斯之殇,消费级,战痕累累,22.00
AUG | 代达罗斯之殇 (略有磨损),AUG | 代达罗斯之殇,消费级,略有磨损,21.01
截短霰弹枪 | 梭鲈 (崭新出厂),截短霰弹枪 | 梭鲈,军规级,崭新出厂,9.21
截短霰弹枪 | 梭鲈 (久经沙场),截短霰弹枪 | 梭鲈,军规级,久经沙场,1.24
截短霰弹枪 | 梭鲈 (破损不堪),截短霰弹枪 | 梭鲈,军规级,破损不堪,1.05
截短霰弹枪 | 梭鲈 (战痕累累),截短霰弹枪 | 梭鲈,军规级,战痕累累,0.92
截短霰弹枪 | 梭鲈 (略有磨损),截短霰弹枪 | 梭鲈,军规级,略有磨损,1.00
双持贝瑞塔 | 街头抢匪 (崭新出厂),双持贝瑞塔 | 街头抢匪,消费级,崭新出厂,2.56
双持贝瑞塔 | 街头抢匪 (久经沙场),双持贝瑞塔 | 街头抢匪,消费级,久经沙场,1.38
双持贝瑞塔 | 街头抢匪 (破损不堪),双持贝瑞塔 | 街头抢匪,消费级,破损不堪,1.72
双持贝瑞塔 | 街头抢匪 (战痕累累),双持贝瑞塔 | 街头抢匪,消费级,战痕累累,7.55
双持贝瑞塔 | 街头抢匪 (略有磨损),双持贝瑞塔 | 街头抢匪,消费级,略有磨损,1.14
Tec-9（纪念品） | 陆军网格 (崭新出厂),Tec-9（纪念品） | 陆军网格,消费级,崭新出厂,600.00
Tec-9（纪念品） | 陆军网格 (久经沙场),Tec-9（纪念品） | 陆军网格,消费级,久经沙场,200.00
Tec-9（纪念品） | 陆军网格 (破损不堪),Tec-9（纪念品） | 陆军网格,消费级,破损不堪,
Tec-9（纪念品） | 陆军网格 (战痕累累),Tec-9（纪念品） | 陆军网格,消费级,战痕累累,
Tec-9（纪念品） | 陆军网格 (略有磨损),Tec-9（纪念品） | 陆军网格,消费级,略有磨损,400.00
刺刀（★） | 澄澈之水 (崭新出厂),刺刀（★） | 澄澈之水,隐秘,崭新出厂,3305.41
刺刀（★） | 澄澈之水 (久经沙场),刺刀（★） | 澄澈之水,隐秘,久经沙场,2299.99
刺刀（★） | 澄澈之水 (破损不堪),刺刀（★） | 澄澈之水,隐秘,破损不堪,2280.00
刺刀（★） | 澄澈之水 (战痕累累),刺刀（★） | 澄澈之水,隐秘,战痕累累,2279.00
刺刀（★） | 澄澈之水 (略有磨损),刺刀（★） | 澄澈之水,隐秘,略有磨损,2650.00
沙漠之鹰（StatTrak™） | 深红之网 (崭新出厂),沙漠之鹰（StatTrak™） | 深红之网,受限,崭新出厂,2180.00
沙漠之鹰（StatTrak™） | 深红之网 (久经沙场),沙漠之鹰（StatTrak™） | 深红之网,受限,久经沙场,110.37
沙漠之鹰（StatTrak™） | 深红之网 (破损不堪),沙漠之鹰（StatTrak™） | 深红之网,受限,破损不堪,147.20
沙漠之鹰（StatTrak™） | 深红之网 (战痕累累),沙漠之鹰（StatTrak™） | 深红之网,受限,战痕累累,129.80
沙漠之鹰（StatTrak™） | 深红之网 (略有磨损),沙漠之鹰（StatTrak™） | 深红之网,受限,略有磨损,415.00
MAG-7 | 海军之辉 (崭新出厂),MAG-7 | 海军之辉,消费级,崭新出厂,1.74
MAG-7 | 海军之辉 (久经沙场),MAG-7 | 海军之辉,消费级,久经沙场,1.20
MAG-7 | 海军之辉 (破损不堪),MAG-7 | 海军之辉,消费级,破损不堪,1.14
MAG-7 | 海军之辉 (战痕累累),MAG-7 | 海军之辉,消费级,战痕累累,1.08
MAG-7 | 海军之辉 (略有磨损),MAG-7 | 海军之辉,消费级,略有磨损,1.31
Tec-9 | 凤凰涂鸦 (崭新出厂),Tec-9 | 凤凰涂鸦,消费级,崭新出厂,3.33
Tec-9 | 凤凰涂鸦 (久经沙场),Tec-9 | 凤凰涂鸦,消费级,久经沙场,1.16
Tec-9 | 凤凰涂鸦 (破损不堪),Tec-9 | 凤凰涂鸦,消费级,破损不堪,1.22
Tec-9 | 凤凰涂鸦 (战痕累累),Tec-9 | 凤凰涂鸦,消费级,战痕累累,1.18
Tec-9 | 凤凰涂鸦 (略有磨损),Tec-9 | 凤凰涂鸦,消费级,略有磨损,1.10
SSG 08（StatTrak™） | 黑水 (久经沙场),SSG 08（StatTrak™） | 黑水,军规级,久经沙场,15.00
SSG 08（StatTrak™） | 黑水 (略有磨损),SSG 08（StatTrak™） | 黑水,军规级,略有磨损,21.05
USP 消音版（StatTrak™） | 疯狂蔓延 (崭新出厂),USP 消音版（StatTrak™） | 疯狂蔓延,受限,崭新出厂,2600.00
USP 消音版（StatTrak™） | 疯狂蔓延 (久经沙场),USP 消音版（StatTrak™） | 疯狂蔓延,受限,久经沙场,299.00
USP 消音版（StatTrak™） | 疯狂蔓延 (破损不堪),USP 消音版（StatTrak™） | 疯狂蔓延,受限,破损不堪,375.10
USP 消音版（StatTrak™） | 疯狂蔓延 (战痕累累),USP 消音版（StatTrak™） | 疯狂蔓延,受限,战痕累累,388.00
USP 消音版（StatTrak™） | 疯狂蔓延 (略有磨损),USP 消音版（StatTrak™） | 疯狂蔓延,受限,略有磨损,770.00
FN57（纪念品） | 紫藤老树 (崭新出厂),FN57（纪念品） | 紫藤老树,工业级,崭新出厂,1.05
FN57（纪念品） | 紫藤老树 (久经沙场),FN57（纪念品） | 紫藤老树,工业级,久经沙场,0.36
FN57（纪念品） | 紫藤老树 (破损不堪),FN57（纪念品） | 紫藤老树,工业级,破损不堪,1.94
FN57（纪念品） | 紫藤老树 (战痕累累),FN57（纪念品） | 紫藤老树,工业级,战痕累累,1.94
FN57（纪念品） | 紫藤老树 (略有磨损),FN57（纪念品） | 紫藤老树,工业级,略有磨损,0.94
截短霰弹枪 | 蝮蛇迷彩 (崭新出厂),截短霰弹枪 | 蝮蛇迷彩,工业级,崭新出厂,3.95
截短霰弹枪 | 蝮蛇迷彩 (久经沙场),截短霰弹枪 | 蝮蛇迷彩,工业级,久经沙场,0.83
截短霰弹枪 | 蝮蛇迷彩 (破损不堪),截短霰弹枪 | 蝮蛇迷彩,工业级,破损不堪,0.79
截短霰弹枪 | 蝮蛇迷彩 (战痕累累),截短霰弹枪 | 蝮蛇迷彩,工业级,战痕累累,1.10
截短霰弹枪 | 蝮蛇迷彩 (略有磨损),截短霰弹枪 | 蝮蛇迷彩,工业级,略有磨损,2.02
流浪者匕首（★） | 蓝钢 (崭新出厂),流浪者匕首（★） | 蓝钢,隐秘,崭新出厂,4500.00
流浪者匕首（★） | 蓝钢 (久经沙场),流浪者匕首（★） | 蓝钢,隐秘,久经沙场,2409.75
流浪者匕首（★） | 蓝钢 (破损不堪),流浪者匕首（★） | 蓝钢,隐秘,破损不堪,2100.00
流浪者匕首（★） | 蓝钢 (战痕累累),流浪者匕首（★） | 蓝钢,隐秘,战痕累累,2045.00
流浪者匕首（★） | 蓝钢 (略有磨损),流浪者匕首（★） | 蓝钢,隐秘,略有磨损,2728.00
SG 553 | 电子脉冲 (久经沙场),SG 553 | 电子脉冲,受限,久经沙场,12.15
SG 553 | 电子脉冲 (破损不堪),SG 553 | 电子脉冲,受限,破损不堪,19.70
SG 553 | 电子脉冲 (战痕累累),SG 553 | 电子脉冲,受限,战痕累累,59.30
SG 553 | 电子脉冲 (略有磨损),SG 553 | 电子脉冲,受限,略有磨损,23.01
FN57 | 蓝莓樱桃 (崭新出厂),FN57 | 蓝莓樱桃,受限,崭新出厂,406.35
FN57 | 蓝莓樱桃 (略有磨损),FN57 | 蓝莓樱桃,受限,略有磨损,418.00
Tec-9 | 闪光舞步 (崭新出厂),Tec-9 | 闪光舞步,军规级,崭新出厂,2.00
Tec-9 | 闪光舞步 (久经沙场),Tec-9 | 闪光舞步,军规级,久经沙场,1.00
Tec-9 | 闪光舞步 (破损不堪),Tec-9 | 闪光舞步,军规级,破损不堪,1.01
Tec-9 | 闪光舞步 (战痕累累),Tec-9 | 闪光舞步,军规级,战痕累累,0.97
Tec-9 | 闪光舞步 (略有磨损),Tec-9 | 闪光舞步,军规级,略有磨损,1.26
XM1014（StatTrak™） | 锈蚀烈焰 (崭新出厂),XM1014（StatTrak™） | 锈蚀烈焰,军规级,崭新出厂,3.67
XM1014（StatTrak™） | 锈蚀烈焰 (久经沙场),XM1014（StatTrak™） | 锈蚀烈焰,军规级,久经沙场,1.02
XM1014（StatTrak™） | 锈蚀烈焰 (破损不堪),XM1014（StatTrak™） | 锈蚀烈焰,军规级,破损不堪,6.72
XM1014（StatTrak™） | 锈蚀烈焰 (战痕累累),XM1014（StatTrak™） | 锈蚀烈焰,军规级,战痕累累,2.72
XM1014（StatTrak™） | 锈蚀烈焰 (略有磨损),XM1014（StatTrak™） | 锈蚀烈焰,军规级,略有磨损,1.70
SG 553（StatTrak™） | 豹灯蛾 (崭新出厂),SG 553（StatTrak™） | 豹灯蛾,受限,崭新出厂,54.35
SG 553（StatTrak™） | 豹灯蛾 (久经沙场),SG 553（StatTrak™） | 豹灯蛾,受限,久经沙场,13.00
SG 553（StatTrak™） | 豹灯蛾 (破损不堪),SG 553（StatTrak™） | 豹灯蛾,受限,破损不堪,9.88
SG 553（StatTrak™） | 豹灯蛾 (战痕累累),SG 553（StatTrak™） | 豹灯蛾,受限,战痕累累,13.00
SG 553（StatTrak™） | 豹灯蛾 (略有磨损),SG 553（StatTrak™） | 豹灯蛾,受限,略有磨损,22.49
锯齿爪刀（★） | 夜色 (崭新出厂),锯齿爪刀（★） | 夜色,隐秘,崭新出厂,
锯齿爪刀（★） | 夜色 (久经沙场),锯齿爪刀（★） | 夜色,隐秘,久经沙场,2143.83
锯齿爪刀（★） | 夜色 (破损不堪),锯齿爪刀（★） | 夜色,隐秘,破损不堪,2150.00
锯齿爪刀（★） | 夜色 (战痕累累),锯齿爪刀（★） | 夜色,隐秘,战痕累累,2131.86
锯齿爪刀（★） | 夜色 (略有磨损),锯齿爪刀（★） | 夜色,隐秘,略有磨损,2849.90
海豹短刀（★ StatTrak™） | 表面淬火 (崭新出厂),海豹短刀（★ StatTrak™） | 表面淬火,隐秘,崭新出厂,
海豹短刀（★ StatTrak™） | 表面淬火 (久经沙场),海豹短刀（★ StatTrak™） | 表面淬火,隐秘,久经沙场,2000.00
海豹短刀（★ StatTrak™） | 表面淬火 (破损不堪),海豹短刀（★ StatTrak™） | 表面淬火,隐秘,破损不堪,5299.00
海豹短刀（★ StatTrak™） | 表面淬火 (战痕累累),海豹短刀（★ StatTrak™） | 表面淬火,隐秘,战痕累累,
海豹短刀（★ StatTrak™） | 表面淬火 (略有磨损),海豹短刀（★ StatTrak™） | 表面淬火,隐秘,略有磨损,2666.00
Tec-9 | 晶红石英 (崭新出厂),Tec-9 | 晶红石英,受限,崭新出厂,1.61
Tec-9 | 晶红石英 (久经沙场),Tec-9 | 晶红石英,受限,久经沙场,1.26
Tec-9 | 晶红石英 (破损不堪),Tec-9 | 晶红石英,受限,破损不堪,2.10
Tec-9 | 晶红石英 (略有磨损),Tec-9 | 晶红石英,受限,略有磨损,1.18
格洛克 18 型（纪念品） | 核子花园 (崭新出厂),格洛克 18 型（纪念品） | 核子花园,受限,崭新出厂,760.00
格洛克 18 型（纪念品） | 核子花园 (久经沙场),格洛克 18 型（纪念品） | 核子花园,受限,久经沙场,185.38
格洛克 18 型（纪念品） | 核子花园 (破损不堪),格洛克 18 型（纪念品） | 核子花园,受限,破损不堪,
格洛克 18 型（纪念品） | 核子花园 (战痕累累),格洛克 18 型（纪念品） | 核子花园,受限,战痕累累,300.00
格洛克 18 型（纪念品） | 核子花园 (略有磨损),格洛克 18 型（纪念品） | 核子花园,受限,略有磨损,423.00
AUG | 湖怪鸟 (崭新出厂),AUG | 湖怪鸟,保密,崭新出厂,53.39
AUG | 湖怪鸟 (久经沙场),AUG | 湖怪鸟,保密,久经沙场,11.05
AUG | 湖怪鸟 (破损不堪),AUG | 湖怪鸟,保密,破损不堪,9.44
AUG | 湖怪鸟 (战痕累累),AUG | 湖怪鸟,保密,战痕累累,9.81
AUG | 湖怪鸟 (略有磨损),AUG | 湖怪鸟,保密,略有磨损,23.12
P250（StatTrak™） | 二西莫夫 (久经沙场),P250（StatTrak™） | 二西莫夫,保密,久经沙场,78.01
P250（StatTrak™） | 二西莫夫 (破损不堪),P250（StatTrak™） | 二西莫夫,保密,破损不堪,72.26
P250（StatTrak™） | 二西莫夫 (战痕累累),P250（StatTrak™） | 二西莫夫,保密,战痕累累,37.84
P250（StatTrak™） | 二西莫夫 (略有磨损),P250（StatTrak™） | 二西莫夫,保密,略有磨损,400.00
海豹短刀（★） | 屠夫 (崭新出厂),海豹短刀（★） | 屠夫,隐秘,崭新出厂,3439.56
海豹短刀（★） | 屠夫 (久经沙场),海豹短刀（★） | 屠夫,隐秘,久经沙场,2890.00
海豹短刀（★） | 屠夫 (略有磨损),海豹短刀（★） | 屠夫,隐秘,略有磨损,2639.34
沙漠之鹰 | 泥地杀手 (崭新出厂),沙漠之鹰 | 泥地杀手,工业级,崭新出厂,8.94
沙漠之鹰 | 泥地杀手 (久经沙场),沙漠之鹰 | 泥地杀手,工业级,久经沙场,0.70
沙漠之鹰 | 泥地杀手 (破损不堪),沙漠之鹰 | 泥地杀手,工业级,破损不堪,0.89
沙漠之鹰 | 泥地杀手 (战痕累累),沙漠之鹰 | 泥地杀手,工业级,战痕累累,0.83
沙漠之鹰 | 泥地杀手 (略有磨损),沙漠之鹰 | 泥地杀手,工业级,略有磨损,1.09
内格夫（StatTrak™） | 飞羽 (崭新出厂),内格夫（StatTrak™） | 飞羽,军规级,崭新出厂,5.13
内格夫（StatTrak™） | 飞羽 (久经沙场),内格夫（StatTrak™） | 飞羽,军规级,久经沙场,0.80
内格夫（StatTrak™） | 飞羽 (破损不堪),内格夫（StatTrak™） | 飞羽,军规级,破损不堪,1.03
内格夫（StatTrak™） | 飞羽 (战痕累累),内格夫（StatTrak™） | 飞羽,军规级,战痕累累,0.67
内格夫（StatTrak™） | 飞羽 (略有磨损),内格夫（StatTrak™） | 飞羽,军规级,略有磨损,1.73
流浪者匕首（★） | 人工染色 (崭新出厂),流浪者匕首（★） | 人工染色,隐秘,崭新出厂,4321.00
流浪者匕首（★） | 人工染色 (久经沙场),流浪者匕首（★） | 人工染色,隐秘,久经沙场,2226.77
流浪者匕首（★） | 人工染色 (破损不堪),流浪者匕首（★） | 人工染色,隐秘,破损不堪,1830.00
流浪者匕首（★） | 人工染色 (战痕累累),流浪者匕首（★） | 人工染色,隐秘,战痕累累,1610.00
流浪者匕首（★） | 人工染色 (略有磨损),流浪者匕首（★） | 人工染色,隐秘,略有磨损,2542.00
沙漠之鹰 | 钴蓝禁锢 (崭新出厂),沙漠之鹰 | 钴蓝禁锢,保密,崭新出厂,622.70
沙漠之鹰 | 钴蓝禁锢 (久经沙场),沙漠之鹰 | 钴蓝禁锢,保密,久经沙场,390.00
沙漠之鹰 | 钴蓝禁锢 (略有磨损),沙漠之鹰 | 钴蓝禁锢,保密,略有磨损,420.74
加利尔 AR（StatTrak™） | 火箭冰棒 (崭新出厂),加利尔 AR（StatTrak™） | 火箭冰棒,军规级,崭新出厂,95.00
加利尔 AR（StatTrak™） | 火箭冰棒 (久经沙场),加利尔 AR（StatTrak™） | 火箭冰棒,军规级,久经沙场,7.09
加利尔 AR（StatTrak™） | 火箭冰棒 (破损不堪),加利尔 AR（StatTrak™） | 火箭冰棒,军规级,破损不堪,5.24
加利尔 AR（StatTrak™） | 火箭冰棒 (战痕累累),加利尔 AR（StatTrak™） | 火箭冰棒,军规级,战痕累累,4.09
加利尔 AR（StatTrak™） | 火箭冰棒 (略有磨损),加利尔 AR（StatTrak™） | 火箭冰棒,军规级,略有磨损,23.22
P2000 | 草皮 (崭新出厂),P2000 | 草皮,军规级,崭新出厂,5.29
P2000 | 草皮 (久经沙场),P2000 | 草皮,军规级,久经沙场,0.74
P2000 | 草皮 (破损不堪),P2000 | 草皮,军规级,破损不堪,0.60
P2000 | 草皮 (战痕累累),P2000 | 草皮,军规级,战痕累累,0.60
P2000 | 草皮 (略有磨损),P2000 | 草皮,军规级,略有磨损,1.17
鲍伊猎刀（★） | 传说 (崭新出厂),鲍伊猎刀（★） | 传说,隐秘,崭新出厂,4798.66
鲍伊猎刀（★） | 传说 (久经沙场),鲍伊猎刀（★） | 传说,隐秘,久经沙场,1949.50
鲍伊猎刀（★） | 传说 (破损不堪),鲍伊猎刀（★） | 传说,隐秘,破损不堪,1789.00
鲍伊猎刀（★） | 传说 (战痕累累),鲍伊猎刀（★） | 传说,隐秘,战痕累累,1335.00
鲍伊猎刀（★） | 传说 (略有磨损),鲍伊猎刀（★） | 传说,隐秘,略有磨损,2698.00
格洛克 18 型 | 冬季战术 (崭新出厂),格洛克 18 型 | 冬季战术,军规级,崭新出厂,2.89
格洛克 18 型 | 冬季战术 (久经沙场),格洛克 18 型 | 冬季战术,军规级,久经沙场,0.50
格洛克 18 型 | 冬季战术 (破损不堪),格洛克 18 型 | 冬季战术,军规级,破损不堪,0.46
格洛克 18 型 | 冬季战术 (战痕累累),格洛克 18 型 | 冬季战术,军规级,战痕累累,0.43
格洛克 18 型 | 冬季战术 (略有磨损),格洛克 18 型 | 冬季战术,军规级,略有磨损,1.30
SSG 08 | 碳素纤维 (崭新出厂),SSG 08 | 碳素纤维,工业级,崭新出厂,13.76
SSG 08 | 碳素纤维 (略有磨损),SSG 08 | 碳素纤维,工业级,略有磨损,19.00
USP 消音版 | 远古幻想 (崭新出厂),USP 消音版 | 远古幻想,受限,崭新出厂,305.00
USP 消音版 | 远古幻想 (久经沙场),USP 消音版 | 远古幻想,受限,久经沙场,502.98
USP 消音版 | 远古幻想 (破损不堪),USP 消音版 | 远古幻想,受限,破损不堪,278.94
USP 消音版 | 远古幻想 (略有磨损),USP 消音版 | 远古幻想,受限,略有磨损,299.00
内格夫 | 眩目 (久经沙场),内格夫 | 眩目,军规级,久经沙场,0.44
内格夫 | 眩目 (破损不堪),内格夫 | 眩目,军规级,破损不堪,0.67
内格夫 | 眩目 (战痕累累),内格夫 | 眩目,军规级,战痕累累,0.66
内格夫 | 眩目 (略有磨损),内格夫 | 眩目,军规级,略有磨损,2.33
内格夫（StatTrak™） | 原型机 (崭新出厂),内格夫（StatTrak™） | 原型机,军规级,崭新出厂,6.18
内格夫（StatTrak™） | 原型机 (久经沙场),内格夫（StatTrak™） | 原型机,军规级,久经沙场,1.34
内格夫（StatTrak™） | 原型机 (破损不堪),内格夫（StatTrak™） | 原型机,军规级,破损不堪,1.06
内格夫（StatTrak™） | 原型机 (战痕累累),内格夫（StatTrak™） | 原型机,军规级,战痕累累,0.87
内格夫（StatTrak™） | 原型机 (略有磨损),内格夫（StatTrak™） | 原型机,军规级,略有磨损,2.00
R8 左轮手枪 | 氮化处理 (崭新出厂),R8 左轮手枪 | 氮化处理,工业级,崭新出厂,4.97
R8 左轮手枪 | 氮化处理 (久经沙场),R8 左轮手枪 | 氮化处理,工业级,久经沙场,0.70
R8 左轮手枪 | 氮化处理 (破损不堪),R8 左轮手枪 | 氮化处理,工业级,破损不堪,0.70
R8 左轮手枪 | 氮化处理 (战痕累累),R8 左轮手枪 | 氮化处理,工业级,战痕累累,0.68
R8 左轮手枪 | 氮化处理 (略有磨损),R8 左轮手枪 | 氮化处理,工业级,略有磨损,1.03
刺刀（★） | 致命紫罗兰 (崭新出厂),刺刀（★） | 致命紫罗兰,隐秘,崭新出厂,
刺刀（★） | 致命紫罗兰 (久经沙场),刺刀（★） | 致命紫罗兰,隐秘,久经沙场,1939.52
刺刀（★） | 致命紫罗兰 (破损不堪),刺刀（★） | 致命紫罗兰,隐秘,破损不堪,1955.00
刺刀（★） | 致命紫罗兰 (战痕累累),刺刀（★） | 致命紫罗兰,隐秘,战痕累累,1880.00
刺刀（★） | 致命紫罗兰 (略有磨损),刺刀（★） | 致命紫罗兰,隐秘,略有磨损,2700.00
USP 消音版 | 血清 (崭新出厂),USP 消音版 | 血清,保密,崭新出厂,499.50
USP 消音版 | 血清 (久经沙场),USP 消音版 | 血清,保密,久经沙场,250.00
USP 消音版 | 血清 (略有磨损),USP 消音版 | 血清,保密,略有磨损,360.00
AWP | 亡灵之主 (崭新出厂),AWP | 亡灵之主,受限,崭新出厂,64.78
AWP | 亡灵之主 (久经沙场),AWP | 亡灵之主,受限,久经沙场,14.00
AWP | 亡灵之主 (破损不堪),AWP | 亡灵之主,受限,破损不堪,12.82
AWP | 亡灵之主 (战痕累累),AWP | 亡灵之主,受限,战痕累累,12.55
AWP | 亡灵之主 (略有磨损),AWP | 亡灵之主,受限,略有磨损,22.00
截短霰弹枪（StatTrak™） | 夜百合 (崭新出厂),截短霰弹枪（StatTrak™） | 夜百合,军规级,崭新出厂,6.24
截短霰弹枪（StatTrak™） | 夜百合 (久经沙场),截短霰弹枪（StatTrak™） | 夜百合,军规级,久经沙场,1.14
截短霰弹枪（StatTrak™） | 夜百合 (破损不堪),截短霰弹枪（StatTrak™） | 夜百合,军规级,破损不堪,0.90
截短霰弹枪（StatTrak™） | 夜百合 (战痕累累),截短霰弹枪（StatTrak™） | 夜百合,军规级,战痕累累,1.06
截短霰弹枪（StatTrak™） | 夜百合 (略有磨损),截短霰弹枪（StatTrak™） | 夜百合,军规级,略有磨损,1.68
R8 左轮手枪 | 废物王 (崭新出厂),R8 左轮手枪 | 废物王,军规级,崭新出厂,2.50
R8 左轮手枪 | 废物王 (久经沙场),R8 左轮手枪 | 废物王,军规级,久经沙场,0.76
R8 左轮手枪 | 废物王 (破损不堪),R8 左轮手枪 | 废物王,军规级,破损不堪,0.57
R8 左轮手枪 | 废物王 (战痕累累),R8 左轮手枪 | 废物王,军规级,战痕累累,0.54
R8 左轮手枪 | 废物王 (略有磨损),R8 左轮手枪 | 废物王,军规级,略有磨损,1.39
流浪者匕首（★ StatTrak™） | 蓝钢 (崭新出厂),流浪者匕首（★ StatTrak™） | 蓝钢,隐秘,崭新出厂,
流浪者匕首（★ StatTrak™） | 蓝钢 (久经沙场),流浪者匕首（★ StatTrak™） | 蓝钢,隐秘,久经沙场,2215.78
流浪者匕首（★ StatTrak™） | 蓝钢 (破损不堪),流浪者匕首（★ StatTrak™） | 蓝钢,隐秘,破损不堪,2000.00
流浪者匕首（★ StatTrak™） | 蓝钢 (战痕累累),流浪者匕首（★ StatTrak™） | 蓝钢,隐秘,战痕累累,
流浪者匕首（★ StatTrak™） | 蓝钢 (略有磨损),流浪者匕首（★ StatTrak™） | 蓝钢,隐秘,略有磨损,
沙漠之鹰 | 印花集 (崭新出厂),沙漠之鹰 | 印花集,隐秘,崭新出厂,792.46
沙漠之鹰 | 印花集 (久经沙场),沙漠之鹰 | 印花集,隐秘,久经沙场,328.90
沙漠之鹰 | 印花集 (破损不堪),沙漠之鹰 | 印花集,隐秘,破损不堪,299.96
沙漠之鹰 | 印花集 (战痕累累),沙漠之鹰 | 印花集,隐秘,战痕累累,243.55
沙漠之鹰 | 印花集 (略有磨损),沙漠之鹰 | 印花集,隐秘,略有磨损,451.51
M4A1 消音型（StatTrak™） | 夜无眠 (崭新出厂),M4A1 消音型（StatTrak™） | 夜无眠,受限,崭新出厂,49.67
M4A1 消音型（StatTrak™） | 夜无眠 (久经沙场),M4A1 消音型（StatTrak™） | 夜无眠,受限,久经沙场,20.00
M4A1 消音型（StatTrak™） | 夜无眠 (破损不堪),M4A1 消音型（StatTrak™） | 夜无眠,受限,破损不堪,38.70
M4A1 消音型（StatTrak™） | 夜无眠 (战痕累累),M4A1 消音型（StatTrak™） | 夜无眠,受限,战痕累累,52.99
M4A1 消音型（StatTrak™） | 夜无眠 (略有磨损),M4A1 消音型（StatTrak™） | 夜无眠,受限,略有磨损,26.00
P2000 | 乳白象牙 (崭新出厂),P2000 | 乳白象牙,军规级,崭新出厂,3.87
P2000 | 乳白象牙 (久经沙场),P2000 | 乳白象牙,军规级,久经沙场,0.53
P2000 | 乳白象牙 (破损不堪),P2000 | 乳白象牙,军规级,破损不堪,0.55
P2000 | 乳白象牙 (战痕累累),P2000 | 乳白象牙,军规级,战痕累累,0.47
P2000 | 乳白象牙 (略有磨损),P2000 | 乳白象牙,军规级,略有磨损,1.21
截短霰弹枪（StatTrak™） | 灵应牌 (崭新出厂),截短霰弹枪（StatTrak™） | 灵应牌,军规级,崭新出厂,5.43
截短霰弹枪（StatTrak™） | 灵应牌 (久经沙场),截短霰弹枪（StatTrak™） | 灵应牌,军规级,久经沙场,1.03
截短霰弹枪（StatTrak™） | 灵应牌 (破损不堪),截短霰弹枪（StatTrak™） | 灵应牌,军规级,破损不堪,1.00
截短霰弹枪（StatTrak™） | 灵应牌 (战痕累累),截短霰弹枪（StatTrak™） | 灵应牌,军规级,战痕累累,1.15
截短霰弹枪（StatTrak™） | 灵应牌 (略有磨损),截短霰弹枪（StatTrak™） | 灵应牌,军规级,略有磨损,2.24
折叠刀（★ StatTrak™） | 致命紫罗兰 (崭新出厂),折叠刀（★ StatTrak™） | 致命紫罗兰,隐秘,崭新出厂,
折叠刀（★ StatTrak™） | 致命紫罗兰 (久经沙场),折叠刀（★ StatTrak™） | 致命紫罗兰,隐秘,久经沙场,1850.00
折叠刀（★ StatTrak™） | 致命紫罗兰 (破损不堪),折叠刀（★ StatTrak™） | 致命紫罗兰,隐秘,破损不堪,1540.00
折叠刀（★ StatTrak™） | 致命紫罗兰 (战痕累累),折叠刀（★ StatTrak™） | 致命紫罗兰,隐秘,战痕累累,1350.00
折叠刀（★ StatTrak™） | 致命紫罗兰 (略有磨损),折叠刀（★ StatTrak™） | 致命紫罗兰,隐秘,略有磨损,2200.00
USP 消音版（StatTrak™） | 黑色魅影 (崭新出厂),USP 消音版（StatTrak™） | 黑色魅影,隐秘,崭新出厂,897.00
USP 消音版（StatTrak™） | 黑色魅影 (久经沙场),USP 消音版（StatTrak™） | 黑色魅影,隐秘,久经沙场,298.88
USP 消音版（StatTrak™） | 黑色魅影 (破损不堪),USP 消音版（StatTrak™） | 黑色魅影,隐秘,破损不堪,
USP 消音版（StatTrak™） | 黑色魅影 (战痕累累),USP 消音版（StatTrak™） | 黑色魅影,隐秘,战痕累累,194.11
USP 消音版（StatTrak™） | 黑色魅影 (略有磨损),USP 消音版（StatTrak™） | 黑色魅影,隐秘,略有磨损,464.57
刺刀（★） | 蓝钢 (崭新出厂),刺刀（★） | 蓝钢,隐秘,崭新出厂,
刺刀（★） | 蓝钢 (久经沙场),刺刀（★） | 蓝钢,隐秘,久经沙场,2500.00
刺刀（★） | 蓝钢 (破损不堪),刺刀（★） | 蓝钢,隐秘,破损不堪,2240.00
刺刀（★） | 蓝钢 (战痕累累),刺刀（★） | 蓝钢,隐秘,战痕累累,2350.00
刺刀（★） | 蓝钢 (略有磨损),刺刀（★） | 蓝钢,隐秘,略有磨损,2672.64
P2000（StatTrak™） | 火灵 (崭新出厂),P2000（StatTrak™） | 火灵,隐秘,崭新出厂,1288.00
P2000（StatTrak™） | 火灵 (久经沙场),P2000（StatTrak™） | 火灵,隐秘,久经沙场,269.90
P2000（StatTrak™） | 火灵 (破损不堪),P2000（StatTrak™） | 火灵,隐秘,破损不堪,
P2000（StatTrak™） | 火灵 (战痕累累),P2000（StatTrak™） | 火灵,隐秘,战痕累累,297.90
P2000（StatTrak™） | 火灵 (略有磨损),P2000（StatTrak™） | 火灵,隐秘,略有磨损,482.06
猎杀者匕首（★） | 传说 (崭新出厂),猎杀者匕首（★） | 传说,隐秘,崭新出厂,3800.00
猎杀者匕首（★） | 传说 (久经沙场),猎杀者匕首（★） | 传说,隐秘,久经沙场,2090.00
猎杀者匕首（★） | 传说 (破损不堪),猎杀者匕首（★） | 传说,隐秘,破损不堪,
猎杀者匕首（★） | 传说 (战痕累累),猎杀者匕首（★） | 传说,隐秘,战痕累累,
猎杀者匕首（★） | 传说 (略有磨损),猎杀者匕首（★） | 传说,隐秘,略有磨损,2755.00
USP 消音版（StatTrak™） | 倒吊人 (崭新出厂),USP 消音版（StatTrak™） | 倒吊人,隐秘,崭新出厂,1227.88
USP 消音版（StatTrak™） | 倒吊人 (久经沙场),USP 消音版（StatTrak™） | 倒吊人,隐秘,久经沙场,259.50
USP 消音版（StatTrak™） | 倒吊人 (破损不堪),USP 消音版（StatTrak™） | 倒吊人,隐秘,破损不堪,220.00
USP 消音版（StatTrak™） | 倒吊人 (战痕累累),USP 消音版（StatTrak™） | 倒吊人,隐秘,战痕累累,200.00
USP 消音版（StatTrak™） | 倒吊人 (略有磨损),USP 消音版（StatTrak™） | 倒吊人,隐秘,略有磨损,480.00
AWP | 死神 (崭新出厂),AWP | 死神,保密,崭新出厂,52.84
AWP | 死神 (久经沙场),AWP | 死神,保密,久经沙场,11.38
AWP | 死神 (破损不堪),AWP | 死神,保密,破损不堪,18.30
AWP | 死神 (战痕累累),AWP | 死神,保密,战痕累累,12.77
AWP | 死神 (略有磨损),AWP | 死神,保密,略有磨损,22.84
XM1014 | 旧宪章 (崭新出厂),XM1014 | 旧宪章,消费级,崭新出厂,2.70
XM1014 | 旧宪章 (久经沙场),XM1014 | 旧宪章,消费级,久经沙场,1.81
XM1014 | 旧宪章 (破损不堪),XM1014 | 旧宪章,消费级,破损不堪,2.86
XM1014 | 旧宪章 (战痕累累),XM1014 | 旧宪章,消费级,战痕累累,1.90
XM1014 | 旧宪章 (略有磨损),XM1014 | 旧宪章,消费级,略有磨损,1.95
AUG | 席德.米德 (崭新出厂),AUG | 席德.米德,保密,崭新出厂,64.80
AUG | 席德.米德 (久经沙场),AUG | 席德.米德,保密,久经沙场,12.00
AUG | 席德.米德 (破损不堪),AUG | 席德.米德,保密,破损不堪,18.31
AUG | 席德.米德 (战痕累累),AUG | 席德.米德,保密,战痕累累,9.77
AUG | 席德.米德 (略有磨损),AUG | 席德.米德,保密,略有磨损,25.18
P250（StatTrak™） | 暗潮 (崭新出厂),P250（StatTrak™） | 暗潮,保密,崭新出厂,447.60
P250（StatTrak™） | 暗潮 (久经沙场),P250（StatTrak™） | 暗潮,保密,久经沙场,488.50
P250（StatTrak™） | 暗潮 (略有磨损),P250（StatTrak™） | 暗潮,保密,略有磨损,498.80
骷髅匕首（★ StatTrak™） | 北方森林 (崭新出厂),骷髅匕首（★ StatTrak™） | 北方森林,隐秘,崭新出厂,
骷髅匕首（★ StatTrak™） | 北方森林 (久经沙场),骷髅匕首（★ StatTrak™） | 北方森林,隐秘,久经沙场,2250.00
骷髅匕首（★ StatTrak™） | 北方森林 (破损不堪),骷髅匕首（★ StatTrak™） | 北方森林,隐秘,破损不堪,
骷髅匕首（★ StatTrak™） | 北方森林 (战痕累累),骷髅匕首（★ StatTrak™） | 北方森林,隐秘,战痕累累,
骷髅匕首（★ StatTrak™） | 北方森林 (略有磨损),骷髅匕首（★ StatTrak™） | 北方森林,隐秘,略有磨损,3200.00
P2000 | 至高帝皇 (崭新出厂),P2000 | 至高帝皇,军规级,崭新出厂,2.29
P2000 | 至高帝皇 (久经沙场),P2000 | 至高帝皇,军规级,久经沙场,1.10
P2000 | 至高帝皇 (略有磨损),P2000 | 至高帝皇,军规级,略有磨损,1.49
SCAR-20 | 深红之网 (崭新出厂),SCAR-20 | 深红之网,军规级,崭新出厂,194.22
SCAR-20 | 深红之网 (久经沙场),SCAR-20 | 深红之网,军规级,久经沙场,21.00
SCAR-20 | 深红之网 (破损不堪),SCAR-20 | 深红之网,军规级,破损不堪,
SCAR-20 | 深红之网 (战痕累累),SCAR-20 | 深红之网,军规级,战痕累累,24.00
SCAR-20 | 深红之网 (略有磨损),SCAR-20 | 深红之网,军规级,略有磨损,29.99
锯齿爪刀（★） | 都市伪装 (崭新出厂),锯齿爪刀（★） | 都市伪装,隐秘,崭新出厂,
锯齿爪刀（★） | 都市伪装 (久经沙场),锯齿爪刀（★） | 都市伪装,隐秘,久经沙场,2158.14
锯齿爪刀（★） | 都市伪装 (破损不堪),锯齿爪刀（★） | 都市伪装,隐秘,破损不堪,2150.00
锯齿爪刀（★） | 都市伪装 (战痕累累),锯齿爪刀（★） | 都市伪装,隐秘,战痕累累,1950.00
锯齿爪刀（★） | 都市伪装 (略有磨损),锯齿爪刀（★） | 都市伪装,隐秘,略有磨损,2499.00
CZ75 | 短趾雕 (崭新出厂),CZ75 | 短趾雕,军规级,崭新出厂,3.28
CZ75 | 短趾雕 (久经沙场),CZ75 | 短趾雕,军规级,久经沙场,0.73
CZ75 | 短趾雕 (破损不堪),CZ75 | 短趾雕,军规级,破损不堪,0.64
CZ75 | 短趾雕 (战痕累累),CZ75 | 短趾雕,军规级,战痕累累,0.56
CZ75 | 短趾雕 (略有磨损),CZ75 | 短趾雕,军规级,略有磨损,1.13
CZ75（StatTrak™） | 维多利亚 (崭新出厂),CZ75（StatTrak™） | 维多利亚,隐秘,崭新出厂,705.99
CZ75（StatTrak™） | 维多利亚 (久经沙场),CZ75（StatTrak™） | 维多利亚,隐秘,久经沙场,160.00
CZ75（StatTrak™） | 维多利亚 (破损不堪),CZ75（StatTrak™） | 维多利亚,隐秘,破损不堪,
CZ75（StatTrak™） | 维多利亚 (战痕累累),CZ75（StatTrak™） | 维多利亚,隐秘,战痕累累,5999.00
CZ75（StatTrak™） | 维多利亚 (略有磨损),CZ75（StatTrak™） | 维多利亚,隐秘,略有磨损,464.36
MAG-7 | 鱼长梦短 (崭新出厂),MAG-7 | 鱼长梦短,军规级,崭新出厂,5.11
MAG-7 | 鱼长梦短 (久经沙场),MAG-7 | 鱼长梦短,军规级,久经沙场,1.00
MAG-7 | 鱼长梦短 (破损不堪),MAG-7 | 鱼长梦短,军规级,破损不堪,1.07
MAG-7 | 鱼长梦短 (战痕累累),MAG-7 | 鱼长梦短,军规级,战痕累累,0.79
MAG-7 | 鱼长梦短 (略有磨损),MAG-7 | 鱼长梦短,军规级,略有磨损,1.87
SSG 08（StatTrak™） | 幽灵战士 (崭新出厂),SSG 08（StatTrak™） | 幽灵战士,受限,崭新出厂,76.45
SSG 08（StatTrak™） | 幽灵战士 (久经沙场),SSG 08（StatTrak™） | 幽灵战士,受限,久经沙场,12.29
SSG 08（StatTrak™） | 幽灵战士 (破损不堪),SSG 08（StatTrak™） | 幽灵战士,受限,破损不堪,7.80
SSG 08（StatTrak™） | 幽灵战士 (战痕累累),SSG 08（StatTrak™） | 幽灵战士,受限,战痕累累,6.94
SSG 08（StatTrak™） | 幽灵战士 (略有磨损),SSG 08（StatTrak™） | 幽灵战士,受限,略有磨损,25.74
弯刀（★ StatTrak™） | 自动化 (崭新出厂),弯刀（★ StatTrak™） | 自动化,隐秘,崭新出厂,2950.00
弯刀（★ StatTrak™） | 自动化 (久经沙场),弯刀（★ StatTrak™） | 自动化,隐秘,久经沙场,1500.00
弯刀（★ StatTrak™） | 自动化 (破损不堪),弯刀（★ StatTrak™） | 自动化,隐秘,破损不堪,
弯刀（★ StatTrak™） | 自动化 (战痕累累),弯刀（★ StatTrak™） | 自动化,隐秘,战痕累累,
弯刀（★ StatTrak™） | 自动化 (略有磨损),弯刀（★ StatTrak™） | 自动化,隐秘,略有磨损,1848.00
新星 | 游侠 (崭新出厂),新星 | 游侠,军规级,崭新出厂,5.80
新星 | 游侠 (久经沙场),新星 | 游侠,军规级,久经沙场,1.41
新星 | 游侠 (破损不堪),新星 | 游侠,军规级,破损不堪,1.19
新星 | 游侠 (战痕累累),新星 | 游侠,军规级,战痕累累,1.89
新星 | 游侠 (略有磨损),新星 | 游侠,军规级,略有磨损,1.96
FN57 | 霸意大名 (崭新出厂),FN57 | 霸意大名,军规级,崭新出厂,4.12
FN57 | 霸意大名 (久经沙场),FN57 | 霸意大名,军规级,久经沙场,0.52
FN57 | 霸意大名 (破损不堪),FN57 | 霸意大名,军规级,破损不堪,3.37
FN57 | 霸意大名 (战痕累累),FN57 | 霸意大名,军规级,战痕累累,0.85
FN57 | 霸意大名 (略有磨损),FN57 | 霸意大名,军规级,略有磨损,1.45
G3SG1 | 远古仪式 (崭新出厂),G3SG1 | 远古仪式,工业级,崭新出厂,24.00
G3SG1 | 远古仪式 (久经沙场),G3SG1 | 远古仪式,工业级,久经沙场,14.20
G3SG1 | 远古仪式 (破损不堪),G3SG1 | 远古仪式,工业级,破损不堪,26.00
G3SG1 | 远古仪式 (战痕累累),G3SG1 | 远古仪式,工业级,战痕累累,30.00
G3SG1 | 远古仪式 (略有磨损),G3SG1 | 远古仪式,工业级,略有磨损,25.50
猎杀者匕首（★） | 深红之网 (崭新出厂),猎杀者匕首（★） | 深红之网,隐秘,崭新出厂,19999.00
猎杀者匕首（★） | 深红之网 (久经沙场),猎杀者匕首（★） | 深红之网,隐秘,久经沙场,1610.00
猎杀者匕首（★） | 深红之网 (破损不堪),猎杀者匕首（★） | 深红之网,隐秘,破损不堪,1600.00
猎杀者匕首（★） | 深红之网 (战痕累累),猎杀者匕首（★） | 深红之网,隐秘,战痕累累,1430.57
猎杀者匕首（★） | 深红之网 (略有磨损),猎杀者匕首（★） | 深红之网,隐秘,略有磨损,3864.50
USP 消音版 | 黑水 (久经沙场),USP 消音版 | 黑水,受限,久经沙场,460.00
USP 消音版 | 黑水 (略有磨损),USP 消音版 | 黑水,受限,略有磨损,480.12
M249 | 系统锁定 (崭新出厂),M249 | 系统锁定,军规级,崭新出厂,5.17
M249 | 系统锁定 (久经沙场),M249 | 系统锁定,军规级,久经沙场,1.18
M249 | 系统锁定 (破损不堪),M249 | 系统锁定,军规级,破损不堪,15.00
M249 | 系统锁定 (战痕累累),M249 | 系统锁定,军规级,战痕累累,1.70
M249 | 系统锁定 (略有磨损),M249 | 系统锁定,军规级,略有磨损,2.70
熊刀（★） | 屠夫 (崭新出厂),熊刀（★） | 屠夫,隐秘,崭新出厂,3160.00
熊刀（★） | 屠夫 (久经沙场),熊刀（★） | 屠夫,隐秘,久经沙场,2799.00
熊刀（★） | 屠夫 (略有磨损),熊刀（★） | 屠夫,隐秘,略有磨损,2852.34
法玛斯（StatTrak™） | 厄运之喵 (久经沙场),法玛斯（StatTrak™） | 厄运之喵,军规级,久经沙场,24.81
法玛斯（StatTrak™） | 厄运之喵 (略有磨损),法玛斯（StatTrak™） | 厄运之喵,军规级,略有磨损,26.45
XM1014 | 斯康里娅 (崭新出厂),XM1014 | 斯康里娅,军规级,崭新出厂,5.50
XM1014 | 斯康里娅 (久经沙场),XM1014 | 斯康里娅,军规级,久经沙场,1.15
XM1014 | 斯康里娅 (破损不堪),XM1014 | 斯康里娅,军规级,破损不堪,1.82
XM1014 | 斯康里娅 (战痕累累),XM1014 | 斯康里娅,军规级,战痕累累,1.20
XM1014 | 斯康里娅 (略有磨损),XM1014 | 斯康里娅,军规级,略有磨损,2.24
求生匕首（★ StatTrak™） | 屠夫 (崭新出厂),求生匕首（★ StatTrak™） | 屠夫,隐秘,崭新出厂,
求生匕首（★ StatTrak™） | 屠夫 (久经沙场),求生匕首（★ StatTrak™） | 屠夫,隐秘,久经沙场,
求生匕首（★ StatTrak™） | 屠夫 (略有磨损),求生匕首（★ StatTrak™） | 屠夫,隐秘,略有磨损,2500.00
P250 | 天旱 (崭新出厂),P250 | 天旱,消费级,崭新出厂,1.74
P250 | 天旱 (久经沙场),P250 | 天旱,消费级,久经沙场,1.58
P250 | 天旱 (破损不堪),P250 | 天旱,消费级,破损不堪,3.00
P250 | 天旱 (略有磨损),P250 | 天旱,消费级,略有磨损,1.47
MAG-7 | 钴核 (崭新出厂),MAG-7 | 钴核,军规级,崭新出厂,3.75
MAG-7 | 钴核 (久经沙场),MAG-7 | 钴核,军规级,久经沙场,0.99
MAG-7 | 钴核 (破损不堪),MAG-7 | 钴核,军规级,破损不堪,2.00
MAG-7 | 钴核 (战痕累累),MAG-7 | 钴核,军规级,战痕累累,1.36
MAG-7 | 钴核 (略有磨损),MAG-7 | 钴核,军规级,略有磨损,2.24
AUG | 极地孤狼 (崭新出厂),AUG | 极地孤狼,受限,崭新出厂,39.99
AUG | 极地孤狼 (久经沙场),AUG | 极地孤狼,受限,久经沙场,11.43
AUG | 极地孤狼 (破损不堪),AUG | 极地孤狼,受限,破损不堪,14.65
AUG | 极地孤狼 (战痕累累),AUG | 极地孤狼,受限,战痕累累,8.23
AUG | 极地孤狼 (略有磨损),AUG | 极地孤狼,受限,略有磨损,24.16
P2000 | 坚毅大理石纹 (崭新出厂),P2000 | 坚毅大理石纹,工业级,崭新出厂,8.70
P2000 | 坚毅大理石纹 (久经沙场),P2000 | 坚毅大理石纹,工业级,久经沙场,0.64
P2000 | 坚毅大理石纹 (破损不堪),P2000 | 坚毅大理石纹,工业级,破损不堪,0.74
P2000 | 坚毅大理石纹 (战痕累累),P2000 | 坚毅大理石纹,工业级,战痕累累,0.80
P2000 | 坚毅大理石纹 (略有磨损),P2000 | 坚毅大理石纹,工业级,略有磨损,1.28
弯刀（★） | 渐变之色 (崭新出厂),弯刀（★） | 渐变之色,隐秘,崭新出厂,2856.07
弯刀（★） | 渐变之色 (略有磨损),弯刀（★） | 渐变之色,隐秘,略有磨损,2926.07
MAG-7 | 天空守卫 (崭新出厂),MAG-7 | 天空守卫,军规级,崭新出厂,3.86
MAG-7 | 天空守卫 (久经沙场),MAG-7 | 天空守卫,军规级,久经沙场,1.78
MAG-7 | 天空守卫 (破损不堪),MAG-7 | 天空守卫,军规级,破损不堪,6.50
MAG-7 | 天空守卫 (略有磨损),MAG-7 | 天空守卫,军规级,略有磨损,2.34
加利尔 AR（StatTrak™） | 沙尘暴 (久经沙场),加利尔 AR（StatTrak™） | 沙尘暴,军规级,久经沙场,9.29
加利尔 AR（StatTrak™） | 沙尘暴 (破损不堪),加利尔 AR（StatTrak™） | 沙尘暴,军规级,破损不堪,34.54
加利尔 AR（StatTrak™） | 沙尘暴 (战痕累累),加利尔 AR（StatTrak™） | 沙尘暴,军规级,战痕累累,10.50
加利尔 AR（StatTrak™） | 沙尘暴 (略有磨损),加利尔 AR（StatTrak™） | 沙尘暴,军规级,略有磨损,26.84
FN57 | 红苹果 (崭新出厂),FN57 | 红苹果,工业级,崭新出厂,408.00
FN57 | 红苹果 (久经沙场),FN57 | 红苹果,工业级,久经沙场,685.50
FN57 | 红苹果 (略有磨损),FN57 | 红苹果,工业级,略有磨损,510.66
截短霰弹枪（StatTrak™） | 黑砂 (崭新出厂),截短霰弹枪（StatTrak™） | 黑砂,军规级,崭新出厂,7.99
截短霰弹枪（StatTrak™） | 黑砂 (久经沙场),截短霰弹枪（StatTrak™） | 黑砂,军规级,久经沙场,0.90
截短霰弹枪（StatTrak™） | 黑砂 (破损不堪),截短霰弹枪（StatTrak™） | 黑砂,军规级,破损不堪,0.99
截短霰弹枪（StatTrak™） | 黑砂 (战痕累累),截短霰弹枪（StatTrak™） | 黑砂,军规级,战痕累累,0.89
截短霰弹枪（StatTrak™） | 黑砂 (略有磨损),截短霰弹枪（StatTrak™） | 黑砂,军规级,略有磨损,2.41
AUG | 变色龙 (崭新出厂),AUG | 变色龙,隐秘,崭新出厂,42.30
AUG | 变色龙 (久经沙场),AUG | 变色龙,隐秘,久经沙场,23.66
AUG | 变色龙 (破损不堪),AUG | 变色龙,隐秘,破损不堪,32.30
AUG | 变色龙 (战痕累累),AUG | 变色龙,隐秘,战痕累累,38.00
AUG | 变色龙 (略有磨损),AUG | 变色龙,隐秘,略有磨损,27.00
海豹短刀（★） | 深红之网 (崭新出厂),海豹短刀（★） | 深红之网,隐秘,崭新出厂,23450.00
海豹短刀（★） | 深红之网 (久经沙场),海豹短刀（★） | 深红之网,隐秘,久经沙场,2442.66
海豹短刀（★） | 深红之网 (破损不堪),海豹短刀（★） | 深红之网,隐秘,破损不堪,
海豹短刀（★） | 深红之网 (战痕累累),海豹短刀（★） | 深红之网,隐秘,战痕累累,2493.00
海豹短刀（★） | 深红之网 (略有磨损),海豹短刀（★） | 深红之网,隐秘,略有磨损,2837.33
格洛克 18 型（StatTrak™） | 黑色魅影 (崭新出厂),格洛克 18 型（StatTrak™） | 黑色魅影,隐秘,崭新出厂,1334.60
格洛克 18 型（StatTrak™） | 黑色魅影 (久经沙场),格洛克 18 型（StatTrak™） | 黑色魅影,隐秘,久经沙场,229.00
格洛克 18 型（StatTrak™） | 黑色魅影 (破损不堪),格洛克 18 型（StatTrak™） | 黑色魅影,隐秘,破损不堪,440.00
格洛克 18 型（StatTrak™） | 黑色魅影 (战痕累累),格洛克 18 型（StatTrak™） | 黑色魅影,隐秘,战痕累累,153.00
格洛克 18 型（StatTrak™） | 黑色魅影 (略有磨损),格洛克 18 型（StatTrak™） | 黑色魅影,隐秘,略有磨损,518.46
双持贝瑞塔 | 1.6精英 (崭新出厂),双持贝瑞塔 | 1.6精英,军规级,崭新出厂,2.35
双持贝瑞塔 | 1.6精英 (久经沙场),双持贝瑞塔 | 1.6精英,军规级,久经沙场,0.70
双持贝瑞塔 | 1.6精英 (破损不堪),双持贝瑞塔 | 1.6精英,军规级,破损不堪,1.60
双持贝瑞塔 | 1.6精英 (战痕累累),双持贝瑞塔 | 1.6精英,军规级,战痕累累,0.87
双持贝瑞塔 | 1.6精英 (略有磨损),双持贝瑞塔 | 1.6精英,军规级,略有磨损,1.22
新星（StatTrak™） | 灼木 (崭新出厂),新星（StatTrak™） | 灼木,军规级,崭新出厂,5.21
新星（StatTrak™） | 灼木 (久经沙场),新星（StatTrak™） | 灼木,军规级,久经沙场,0.91
新星（StatTrak™） | 灼木 (破损不堪),新星（StatTrak™） | 灼木,军规级,破损不堪,1.61
新星（StatTrak™） | 灼木 (战痕累累),新星（StatTrak™） | 灼木,军规级,战痕累累,1.28
新星（StatTrak™） | 灼木 (略有磨损),新星（StatTrak™） | 灼木,军规级,略有磨损,2.32
折叠刀（★ StatTrak™） | 自动化 (崭新出厂),折叠刀（★ StatTrak™） | 自动化,隐秘,崭新出厂,
折叠刀（★ StatTrak™） | 自动化 (久经沙场),折叠刀（★ StatTrak™） | 自动化,隐秘,久经沙场,2500.00
折叠刀（★ StatTrak™） | 自动化 (破损不堪),折叠刀（★ StatTrak™） | 自动化,隐秘,破损不堪,2350.00
折叠刀（★ StatTrak™） | 自动化 (战痕累累),折叠刀（★ StatTrak™） | 自动化,隐秘,战痕累累,1920.00
折叠刀（★ StatTrak™） | 自动化 (略有磨损),折叠刀（★ StatTrak™） | 自动化,隐秘,略有磨损,2996.00
格洛克 18 型 | 一目了然 (崭新出厂),格洛克 18 型 | 一目了然,军规级,崭新出厂,3.32
格洛克 18 型 | 一目了然 (久经沙场),格洛克 18 型 | 一目了然,军规级,久经沙场,0.65
格洛克 18 型 | 一目了然 (破损不堪),格洛克 18 型 | 一目了然,军规级,破损不堪,0.53
格洛克 18 型 | 一目了然 (战痕累累),格洛克 18 型 | 一目了然,军规级,战痕累累,0.56
格洛克 18 型 | 一目了然 (略有磨损),格洛克 18 型 | 一目了然,军规级,略有磨损,1.03
Tec-9（纪念品） | 遥控 (崭新出厂),Tec-9（纪念品） | 遥控,保密,崭新出厂,
Tec-9（纪念品） | 遥控 (久经沙场),Tec-9（纪念品） | 遥控,保密,久经沙场,288.00
Tec-9（纪念品） | 遥控 (破损不堪),Tec-9（纪念品） | 遥控,保密,破损不堪,240.99
Tec-9（纪念品） | 遥控 (战痕累累),Tec-9（纪念品） | 遥控,保密,战痕累累,
Tec-9（纪念品） | 遥控 (略有磨损),Tec-9（纪念品） | 遥控,保密,略有磨损,549.99
截短霰弹枪 | 旱地之花 (崭新出厂),截短霰弹枪 | 旱地之花,消费级,崭新出厂,3.16
截短霰弹枪 | 旱地之花 (久经沙场),截短霰弹枪 | 旱地之花,消费级,久经沙场,2.58
截短霰弹枪 | 旱地之花 (破损不堪),截短霰弹枪 | 旱地之花,消费级,破损不堪,3.60
截短霰弹枪 | 旱地之花 (战痕累累),截短霰弹枪 | 旱地之花,消费级,战痕累累,3.44
截短霰弹枪 | 旱地之花 (略有磨损),截短霰弹枪 | 旱地之花,消费级,略有磨损,2.55
SCAR-20（纪念品） | 碳素纤维 (崭新出厂),SCAR-20（纪念品） | 碳素纤维,工业级,崭新出厂,22.67
SCAR-20（纪念品） | 碳素纤维 (略有磨损),SCAR-20（纪念品） | 碳素纤维,工业级,略有磨损,26.26
穿肠刀（★ StatTrak™） | 自动化 (崭新出厂),穿肠刀（★ StatTrak™） | 自动化,隐秘,崭新出厂,2999.00
穿肠刀（★ StatTrak™） | 自动化 (久经沙场),穿肠刀（★ StatTrak™） | 自动化,隐秘,久经沙场,
穿肠刀（★ StatTrak™） | 自动化 (破损不堪),穿肠刀（★ StatTrak™） | 自动化,隐秘,破损不堪,
穿肠刀（★ StatTrak™） | 自动化 (战痕累累),穿肠刀（★ StatTrak™） | 自动化,隐秘,战痕累累,1500.00
穿肠刀（★ StatTrak™） | 自动化 (略有磨损),穿肠刀（★ StatTrak™） | 自动化,隐秘,略有磨损,3000.00
R8 左轮手枪 | 生存主义者 (崭新出厂),R8 左轮手枪 | 生存主义者,军规级,崭新出厂,2.83
R8 左轮手枪 | 生存主义者 (久经沙场),R8 左轮手枪 | 生存主义者,军规级,久经沙场,1.01
R8 左轮手枪 | 生存主义者 (破损不堪),R8 左轮手枪 | 生存主义者,军规级,破损不堪,0.75
R8 左轮手枪 | 生存主义者 (战痕累累),R8 左轮手枪 | 生存主义者,军规级,战痕累累,1.35
R8 左轮手枪 | 生存主义者 (略有磨损),R8 左轮手枪 | 生存主义者,军规级,略有磨损,1.75
XM1014 | 蓝色轮胎 (崭新出厂),XM1014 | 蓝色轮胎,消费级,崭新出厂,3.69
XM1014 | 蓝色轮胎 (久经沙场),XM1014 | 蓝色轮胎,消费级,久经沙场,2.45
XM1014 | 蓝色轮胎 (破损不堪),XM1014 | 蓝色轮胎,消费级,破损不堪,4.98
XM1014 | 蓝色轮胎 (战痕累累),XM1014 | 蓝色轮胎,消费级,战痕累累,2.00
XM1014 | 蓝色轮胎 (略有磨损),XM1014 | 蓝色轮胎,消费级,略有磨损,2.76
Tec-9 | 蛇-9 (崭新出厂),Tec-9 | 蛇-9,军规级,崭新出厂,3.13
Tec-9 | 蛇-9 (久经沙场),Tec-9 | 蛇-9,军规级,久经沙场,0.74
Tec-9 | 蛇-9 (破损不堪),Tec-9 | 蛇-9,军规级,破损不堪,0.54
Tec-9 | 蛇-9 (战痕累累),Tec-9 | 蛇-9,军规级,战痕累累,0.80
Tec-9 | 蛇-9 (略有磨损),Tec-9 | 蛇-9,军规级,略有磨损,1.26
加利尔 AR | 迷人眼 (崭新出厂),加利尔 AR | 迷人眼,保密,崭新出厂,63.70
加利尔 AR | 迷人眼 (久经沙场),加利尔 AR | 迷人眼,保密,久经沙场,10.96
加利尔 AR | 迷人眼 (破损不堪),加利尔 AR | 迷人眼,保密,破损不堪,9.30
加利尔 AR | 迷人眼 (战痕累累),加利尔 AR | 迷人眼,保密,战痕累累,9.38
加利尔 AR | 迷人眼 (略有磨损),加利尔 AR | 迷人眼,保密,略有磨损,25.90
流浪者匕首（★ StatTrak™） | 枯焦之色 (久经沙场),流浪者匕首（★ StatTrak™） | 枯焦之色,隐秘,久经沙场,1226.00
流浪者匕首（★ StatTrak™） | 枯焦之色 (破损不堪),流浪者匕首（★ StatTrak™） | 枯焦之色,隐秘,破损不堪,1300.00
流浪者匕首（★ StatTrak™） | 枯焦之色 (战痕累累),流浪者匕首（★ StatTrak™） | 枯焦之色,隐秘,战痕累累,1200.00
流浪者匕首（★ StatTrak™） | 枯焦之色 (略有磨损),流浪者匕首（★ StatTrak™） | 枯焦之色,隐秘,略有磨损,1400.00
内格夫 | 青绿地形 (崭新出厂),内格夫 | 青绿地形,军规级,崭新出厂,3.45
内格夫 | 青绿地形 (久经沙场),内格夫 | 青绿地形,军规级,久经沙场,2.96
内格夫 | 青绿地形 (破损不堪),内格夫 | 青绿地形,军规级,破损不堪,
内格夫 | 青绿地形 (略有磨损),内格夫 | 青绿地形,军规级,略有磨损,2.90
AWP（StatTrak™） | 火卫一 (崭新出厂),AWP（StatTrak™） | 火卫一,受限,崭新出厂,42.00
AWP（StatTrak™） | 火卫一 (久经沙场),AWP（StatTrak™） | 火卫一,受限,久经沙场,26.62
AWP（StatTrak™） | 火卫一 (破损不堪),AWP（StatTrak™） | 火卫一,受限,破损不堪,
AWP（StatTrak™） | 火卫一 (略有磨损),AWP（StatTrak™） | 火卫一,受限,略有磨损,29.60
USP 消音版 | 森林之叶 (崭新出厂),USP 消音版 | 森林之叶,工业级,崭新出厂,8.92
USP 消音版 | 森林之叶 (久经沙场),USP 消音版 | 森林之叶,工业级,久经沙场,1.16
USP 消音版 | 森林之叶 (破损不堪),USP 消音版 | 森林之叶,工业级,破损不堪,1.24
USP 消音版 | 森林之叶 (战痕累累),USP 消音版 | 森林之叶,工业级,战痕累累,1.47
USP 消音版 | 森林之叶 (略有磨损),USP 消音版 | 森林之叶,工业级,略有磨损,2.00
USP 消音版 | 枪响人亡 (崭新出厂),USP 消音版 | 枪响人亡,隐秘,崭新出厂,1447.88
USP 消音版 | 枪响人亡 (久经沙场),USP 消音版 | 枪响人亡,隐秘,久经沙场,331.75
USP 消音版 | 枪响人亡 (破损不堪),USP 消音版 | 枪响人亡,隐秘,破损不堪,269.00
USP 消音版 | 枪响人亡 (战痕累累),USP 消音版 | 枪响人亡,隐秘,战痕累累,251.31
USP 消音版 | 枪响人亡 (略有磨损),USP 消音版 | 枪响人亡,隐秘,略有磨损,548.03
新星 | 军队之辉 (崭新出厂),新星 | 军队之辉,消费级,崭新出厂,2.72
新星 | 军队之辉 (久经沙场),新星 | 军队之辉,消费级,久经沙场,2.47
新星 | 军队之辉 (略有磨损),新星 | 军队之辉,消费级,略有磨损,2.50
刺刀（★） | 噩梦之夜 (崭新出厂),刺刀（★） | 噩梦之夜,隐秘,崭新出厂,
刺刀（★） | 噩梦之夜 (久经沙场),刺刀（★） | 噩梦之夜,隐秘,久经沙场,1940.00
刺刀（★） | 噩梦之夜 (破损不堪),刺刀（★） | 噩梦之夜,隐秘,破损不堪,1865.00
刺刀（★） | 噩梦之夜 (战痕累累),刺刀（★） | 噩梦之夜,隐秘,战痕累累,1980.00
刺刀（★） | 噩梦之夜 (略有磨损),刺刀（★） | 噩梦之夜,隐秘,略有磨损,3090.00
SCAR-20 | 血腥运动 (崭新出厂),SCAR-20 | 血腥运动,保密,崭新出厂,55.00
SCAR-20 | 血腥运动 (久经沙场),SCAR-20 | 血腥运动,保密,久经沙场,19.30
SCAR-20 | 血腥运动 (破损不堪),SCAR-20 | 血腥运动,保密,破损不堪,18.13
SCAR-20 | 血腥运动 (略有磨损),SCAR-20 | 血腥运动,保密,略有磨损,26.88
FN57 | 毛细血管 (崭新出厂),FN57 | 毛细血管,军规级,崭新出厂,2.63
FN57 | 毛细血管 (久经沙场),FN57 | 毛细血管,军规级,久经沙场,0.95
FN57 | 毛细血管 (破损不堪),FN57 | 毛细血管,军规级,破损不堪,1.14
FN57 | 毛细血管 (战痕累累),FN57 | 毛细血管,军规级,战痕累累,0.90
FN57 | 毛细血管 (略有磨损),FN57 | 毛细血管,军规级,略有磨损,1.72
沙漠之鹰（StatTrak™） | 红色代号 (崭新出厂),沙漠之鹰（StatTrak™） | 红色代号,隐秘,崭新出厂,1188.42
沙漠之鹰（StatTrak™） | 红色代号 (久经沙场),沙漠之鹰（StatTrak™） | 红色代号,隐秘,久经沙场,339.00
沙漠之鹰（StatTrak™） | 红色代号 (破损不堪),沙漠之鹰（StatTrak™） | 红色代号,隐秘,破损不堪,298.00
沙漠之鹰（StatTrak™） | 红色代号 (战痕累累),沙漠之鹰（StatTrak™） | 红色代号,隐秘,战痕累累,275.00
沙漠之鹰（StatTrak™） | 红色代号 (略有磨损),沙漠之鹰（StatTrak™） | 红色代号,隐秘,略有磨损,550.00
刺刀（★ StatTrak™） | 自由之手 (崭新出厂),刺刀（★ StatTrak™） | 自由之手,隐秘,崭新出厂,3390.00
刺刀（★ StatTrak™） | 自由之手 (久经沙场),刺刀（★ StatTrak™） | 自由之手,隐秘,久经沙场,3000.00
刺刀（★ StatTrak™） | 自由之手 (破损不堪),刺刀（★ StatTrak™） | 自由之手,隐秘,破损不堪,
刺刀（★ StatTrak™） | 自由之手 (战痕累累),刺刀（★ StatTrak™） | 自由之手,隐秘,战痕累累,
刺刀（★ StatTrak™） | 自由之手 (略有磨损),刺刀（★ StatTrak™） | 自由之手,隐秘,略有磨损,2995.00
SG 553 | 红苹果 (崭新出厂),SG 553 | 红苹果,工业级,崭新出厂,39.49
SG 553 | 红苹果 (久经沙场),SG 553 | 红苹果,工业级,久经沙场,24.97
SG 553 | 红苹果 (破损不堪),SG 553 | 红苹果,工业级,破损不堪,25.00
SG 553 | 红苹果 (战痕累累),SG 553 | 红苹果,工业级,战痕累累,27.00
SG 553 | 红苹果 (略有磨损),SG 553 | 红苹果,工业级,略有磨损,27.00
MAG-7（StatTrak™） | 碰碰狗 (崭新出厂),MAG-7（StatTrak™） | 碰碰狗,军规级,崭新出厂,6.52
MAG-7（StatTrak™） | 碰碰狗 (久经沙场),MAG-7（StatTrak™） | 碰碰狗,军规级,久经沙场,1.67
MAG-7（StatTrak™） | 碰碰狗 (破损不堪),MAG-7（StatTrak™） | 碰碰狗,军规级,破损不堪,1.59
MAG-7（StatTrak™） | 碰碰狗 (战痕累累),MAG-7（StatTrak™） | 碰碰狗,军规级,战痕累累,0.97
MAG-7（StatTrak™） | 碰碰狗 (略有磨损),MAG-7（StatTrak™） | 碰碰狗,军规级,略有磨损,2.82
P250 | 暮色森林 (崭新出厂),P250 | 暮色森林,消费级,崭新出厂,14.75
P250 | 暮色森林 (久经沙场),P250 | 暮色森林,消费级,久经沙场,1.70
P250 | 暮色森林 (破损不堪),P250 | 暮色森林,消费级,破损不堪,2.14
P250 | 暮色森林 (战痕累累),P250 | 暮色森林,消费级,战痕累累,1.39
P250 | 暮色森林 (略有磨损),P250 | 暮色森林,消费级,略有磨损,1.54
沙漠之鹰 | 黄金锦鲤 (崭新出厂),沙漠之鹰 | 黄金锦鲤,隐秘,崭新出厂,725.88
沙漠之鹰 | 黄金锦鲤 (略有磨损),沙漠之鹰 | 黄金锦鲤,隐秘,略有磨损,568.36
刺刀（★） | 自由之手 (崭新出厂),刺刀（★） | 自由之手,隐秘,崭新出厂,3313.98
刺刀（★） | 自由之手 (久经沙场),刺刀（★） | 自由之手,隐秘,久经沙场,2487.00
刺刀（★） | 自由之手 (破损不堪),刺刀（★） | 自由之手,隐秘,破损不堪,2388.00
刺刀（★） | 自由之手 (战痕累累),刺刀（★） | 自由之手,隐秘,战痕累累,2346.65
刺刀（★） | 自由之手 (略有磨损),刺刀（★） | 自由之手,隐秘,略有磨损,3070.00
AUG | 随机存取 (崭新出厂),AUG | 随机存取,受限,崭新出厂,50.00
AUG | 随机存取 (久经沙场),AUG | 随机存取,受限,久经沙场,14.35
AUG | 随机存取 (破损不堪),AUG | 随机存取,受限,破损不堪,14.65
AUG | 随机存取 (战痕累累),AUG | 随机存取,受限,战痕累累,80.00
AUG | 随机存取 (略有磨损),AUG | 随机存取,受限,略有磨损,26.85
CZ75 | 翡翠石英 (崭新出厂),CZ75 | 翡翠石英,军规级,崭新出厂,560.00
CZ75 | 翡翠石英 (久经沙场),CZ75 | 翡翠石英,军规级,久经沙场,600.00
CZ75 | 翡翠石英 (破损不堪),CZ75 | 翡翠石英,军规级,破损不堪,
CZ75 | 翡翠石英 (战痕累累),CZ75 | 翡翠石英,军规级,战痕累累,
CZ75 | 翡翠石英 (略有磨损),CZ75 | 翡翠石英,军规级,略有磨损,598.00
P250 | 涟漪 (崭新出厂),P250 | 涟漪,军规级,崭新出厂,2.01
P250 | 涟漪 (久经沙场),P250 | 涟漪,军规级,久经沙场,0.91
P250 | 涟漪 (破损不堪),P250 | 涟漪,军规级,破损不堪,1.47
P250 | 涟漪 (战痕累累),P250 | 涟漪,军规级,战痕累累,2.34
P250 | 涟漪 (略有磨损),P250 | 涟漪,军规级,略有磨损,1.52
AK-47 | 墨岩 (崭新出厂),AK-47 | 墨岩,受限,崭新出厂,62.37
AK-47 | 墨岩 (久经沙场),AK-47 | 墨岩,受限,久经沙场,16.20
AK-47 | 墨岩 (破损不堪),AK-47 | 墨岩,受限,破损不堪,14.30
AK-47 | 墨岩 (战痕累累),AK-47 | 墨岩,受限,战痕累累,14.75
AK-47 | 墨岩 (略有磨损),AK-47 | 墨岩,受限,略有磨损,26.25
双持贝瑞塔（StatTrak™） | 毒蛇袭击 (崭新出厂),双持贝瑞塔（StatTrak™） | 毒蛇袭击,保密,崭新出厂,815.00
双持贝瑞塔（StatTrak™） | 毒蛇袭击 (久经沙场),双持贝瑞塔（StatTrak™） | 毒蛇袭击,保密,久经沙场,494.99
双持贝瑞塔（StatTrak™） | 毒蛇袭击 (破损不堪),双持贝瑞塔（StatTrak™） | 毒蛇袭击,保密,破损不堪,
双持贝瑞塔（StatTrak™） | 毒蛇袭击 (战痕累累),双持贝瑞塔（StatTrak™） | 毒蛇袭击,保密,战痕累累,
双持贝瑞塔（StatTrak™） | 毒蛇袭击 (略有磨损),双持贝瑞塔（StatTrak™） | 毒蛇袭击,保密,略有磨损,630.00
锯齿爪刀（★ StatTrak™） | 都市伪装 (崭新出厂),锯齿爪刀（★ StatTrak™） | 都市伪装,隐秘,崭新出厂,
锯齿爪刀（★ StatTrak™） | 都市伪装 (久经沙场),锯齿爪刀（★ StatTrak™） | 都市伪装,隐秘,久经沙场,2420.00
锯齿爪刀（★ StatTrak™） | 都市伪装 (破损不堪),锯齿爪刀（★ StatTrak™） | 都市伪装,隐秘,破损不堪,2150.00
锯齿爪刀（★ StatTrak™） | 都市伪装 (战痕累累),锯齿爪刀（★ StatTrak™） | 都市伪装,隐秘,战痕累累,
锯齿爪刀（★ StatTrak™） | 都市伪装 (略有磨损),锯齿爪刀（★ StatTrak™） | 都市伪装,隐秘,略有磨损,3000.00
沙漠之鹰 | 蓝色层压板 (崭新出厂),沙漠之鹰 | 蓝色层压板,军规级,崭新出厂,6.02
沙漠之鹰 | 蓝色层压板 (久经沙场),沙漠之鹰 | 蓝色层压板,军规级,久经沙场,0.67
沙漠之鹰 | 蓝色层压板 (破损不堪),沙漠之鹰 | 蓝色层压板,军规级,破损不堪,0.62
沙漠之鹰 | 蓝色层压板 (战痕累累),沙漠之鹰 | 蓝色层压板,军规级,战痕累累,0.72
沙漠之鹰 | 蓝色层压板 (略有磨损),沙漠之鹰 | 蓝色层压板,军规级,略有磨损,1.44
CZ75（纪念品） | 复古圣杯 (崭新出厂),CZ75（纪念品） | 复古圣杯,受限,崭新出厂,658.18
CZ75（纪念品） | 复古圣杯 (略有磨损),CZ75（纪念品） | 复古圣杯,受限,略有磨损,570.00
格洛克 18 型 | 铁之作 (崭新出厂),格洛克 18 型 | 铁之作,军规级,崭新出厂,8.30
格洛克 18 型 | 铁之作 (久经沙场),格洛克 18 型 | 铁之作,军规级,久经沙场,0.78
格洛克 18 型 | 铁之作 (破损不堪),格洛克 18 型 | 铁之作,军规级,破损不堪,0.55
格洛克 18 型 | 铁之作 (战痕累累),格洛克 18 型 | 铁之作,军规级,战痕累累,0.72
格洛克 18 型 | 铁之作 (略有磨损),格洛克 18 型 | 铁之作,军规级,略有磨损,1.45
AWP（StatTrak™） | 蠕虫之神 (崭新出厂),AWP（StatTrak™） | 蠕虫之神,受限,崭新出厂,45.99
AWP（StatTrak™） | 蠕虫之神 (久经沙场),AWP（StatTrak™） | 蠕虫之神,受限,久经沙场,23.56
AWP（StatTrak™） | 蠕虫之神 (破损不堪),AWP（StatTrak™） | 蠕虫之神,受限,破损不堪,51.75
AWP（StatTrak™） | 蠕虫之神 (略有磨损),AWP（StatTrak™） | 蠕虫之神,受限,略有磨损,29.00
P250（纪念品） | 阿佩普之咒 (崭新出厂),P250（纪念品） | 阿佩普之咒,保密,崭新出厂,
P250（纪念品） | 阿佩普之咒 (久经沙场),P250（纪念品） | 阿佩普之咒,保密,久经沙场,360.00
P250（纪念品） | 阿佩普之咒 (破损不堪),P250（纪念品） | 阿佩普之咒,保密,破损不堪,255.00
P250（纪念品） | 阿佩普之咒 (战痕累累),P250（纪念品） | 阿佩普之咒,保密,战痕累累,
P250（纪念品） | 阿佩普之咒 (略有磨损),P250（纪念品） | 阿佩普之咒,保密,略有磨损,666.00
法玛斯 | 厄运之喵 (久经沙场),法玛斯 | 厄运之喵,军规级,久经沙场,50.00
法玛斯 | 厄运之喵 (略有磨损),法玛斯 | 厄运之喵,军规级,略有磨损,28.00
格洛克 18 型 | 夺命撼响 (久经沙场),格洛克 18 型 | 夺命撼响,工业级,久经沙场,0.92
格洛克 18 型 | 夺命撼响 (破损不堪),格洛克 18 型 | 夺命撼响,工业级,破损不堪,0.94
格洛克 18 型 | 夺命撼响 (战痕累累),格洛克 18 型 | 夺命撼响,工业级,战痕累累,1.24
格洛克 18 型 | 夺命撼响 (略有磨损),格洛克 18 型 | 夺命撼响,工业级,略有磨损,1.20
USP 消音版 | 印花集 (崭新出厂),USP 消音版 | 印花集,隐秘,崭新出厂,1219.43
USP 消音版 | 印花集 (久经沙场),USP 消音版 | 印花集,隐秘,久经沙场,401.38
USP 消音版 | 印花集 (破损不堪),USP 消音版 | 印花集,隐秘,破损不堪,372.50
USP 消音版 | 印花集 (战痕累累),USP 消音版 | 印花集,隐秘,战痕累累,280.99
USP 消音版 | 印花集 (略有磨损),USP 消音版 | 印花集,隐秘,略有磨损,654.00
M249（StatTrak™） | 鬼影 (崭新出厂),M249（StatTrak™） | 鬼影,军规级,崭新出厂,5.55
M249（StatTrak™） | 鬼影 (久经沙场),M249（StatTrak™） | 鬼影,军规级,久经沙场,1.83
M249（StatTrak™） | 鬼影 (破损不堪),M249（StatTrak™） | 鬼影,军规级,破损不堪,1.93
M249（StatTrak™） | 鬼影 (战痕累累),M249（StatTrak™） | 鬼影,军规级,战痕累累,3.50
M249（StatTrak™） | 鬼影 (略有磨损),M249（StatTrak™） | 鬼影,军规级,略有磨损,2.40
M4A4 | 彼岸花 (崭新出厂),M4A4 | 彼岸花,受限,崭新出厂,89.59
M4A4 | 彼岸花 (久经沙场),M4A4 | 彼岸花,受限,久经沙场,13.59
M4A4 | 彼岸花 (破损不堪),M4A4 | 彼岸花,受限,破损不堪,10.79
M4A4 | 彼岸花 (战痕累累),M4A4 | 彼岸花,受限,战痕累累,10.02
M4A4 | 彼岸花 (略有磨损),M4A4 | 彼岸花,受限,略有磨损,28.45
截短霰弹枪（StatTrak™） | 梭鲈 (崭新出厂),截短霰弹枪（StatTrak™） | 梭鲈,军规级,崭新出厂,8.91
截短霰弹枪（StatTrak™） | 梭鲈 (久经沙场),截短霰弹枪（StatTrak™） | 梭鲈,军规级,久经沙场,1.86
截短霰弹枪（StatTrak™） | 梭鲈 (破损不堪),截短霰弹枪（StatTrak™） | 梭鲈,军规级,破损不堪,1.54
截短霰弹枪（StatTrak™） | 梭鲈 (战痕累累),截短霰弹枪（StatTrak™） | 梭鲈,军规级,战痕累累,1.61
截短霰弹枪（StatTrak™） | 梭鲈 (略有磨损),截短霰弹枪（StatTrak™） | 梭鲈,军规级,略有磨损,3.95
刺刀（★） | 大马士革钢 (崭新出厂),刺刀（★） | 大马士革钢,隐秘,崭新出厂,3360.00
刺刀（★） | 大马士革钢 (久经沙场),刺刀（★） | 大马士革钢,隐秘,久经沙场,2563.00
刺刀（★） | 大马士革钢 (破损不堪),刺刀（★） | 大马士革钢,隐秘,破损不堪,2499.00
刺刀（★） | 大马士革钢 (战痕累累),刺刀（★） | 大马士革钢,隐秘,战痕累累,2555.00
刺刀（★） | 大马士革钢 (略有磨损),刺刀（★） | 大马士革钢,隐秘,略有磨损,2950.00
P250 | 元素轮廓 (崭新出厂),P250 | 元素轮廓,军规级,崭新出厂,4.23
P250 | 元素轮廓 (久经沙场),P250 | 元素轮廓,军规级,久经沙场,0.74
P250 | 元素轮廓 (破损不堪),P250 | 元素轮廓,军规级,破损不堪,1.41
P250 | 元素轮廓 (战痕累累),P250 | 元素轮廓,军规级,战痕累累,0.80
P250 | 元素轮廓 (略有磨损),P250 | 元素轮廓,军规级,略有磨损,1.14
骷髅匕首（★ StatTrak™） | 森林 DDPAT (久经沙场),骷髅匕首（★ StatTrak™） | 森林 DDPAT,隐秘,久经沙场,2199.00
骷髅匕首（★ StatTrak™） | 森林 DDPAT (破损不堪),骷髅匕首（★ StatTrak™） | 森林 DDPAT,隐秘,破损不堪,
骷髅匕首（★ StatTrak™） | 森林 DDPAT (战痕累累),骷髅匕首（★ StatTrak™） | 森林 DDPAT,隐秘,战痕累累,2250.00
骷髅匕首（★ StatTrak™） | 森林 DDPAT (略有磨损),骷髅匕首（★ StatTrak™） | 森林 DDPAT,隐秘,略有磨损,3100.00
USP 消音版（StatTrak™） | 凯门鳄 (崭新出厂),USP 消音版（StatTrak™） | 凯门鳄,保密,崭新出厂,1000.00
USP 消音版（StatTrak™） | 凯门鳄 (久经沙场),USP 消音版（StatTrak™） | 凯门鳄,保密,久经沙场,397.70
USP 消音版（StatTrak™） | 凯门鳄 (破损不堪),USP 消音版（StatTrak™） | 凯门鳄,保密,破损不堪,
USP 消音版（StatTrak™） | 凯门鳄 (略有磨损),USP 消音版（StatTrak™） | 凯门鳄,保密,略有磨损,698.10
刺刀（★ StatTrak™） | 致命紫罗兰 (久经沙场),刺刀（★ StatTrak™） | 致命紫罗兰,隐秘,久经沙场,1845.00
刺刀（★ StatTrak™） | 致命紫罗兰 (破损不堪),刺刀（★ StatTrak™） | 致命紫罗兰,隐秘,破损不堪,
刺刀（★ StatTrak™） | 致命紫罗兰 (战痕累累),刺刀（★ StatTrak™） | 致命紫罗兰,隐秘,战痕累累,2500.00
刺刀（★ StatTrak™） | 致命紫罗兰 (略有磨损),刺刀（★ StatTrak™） | 致命紫罗兰,隐秘,略有磨损,3000.00
沙漠之鹰 | 飞行员 (崭新出厂),沙漠之鹰 | 飞行员,受限,崭新出厂,1420.00
沙漠之鹰 | 飞行员 (久经沙场),沙漠之鹰 | 飞行员,受限,久经沙场,1000.00
沙漠之鹰 | 飞行员 (破损不堪),沙漠之鹰 | 飞行员,受限,破损不堪,
沙漠之鹰 | 飞行员 (战痕累累),沙漠之鹰 | 飞行员,受限,战痕累累,
沙漠之鹰 | 飞行员 (略有磨损),沙漠之鹰 | 飞行员,受限,略有磨损,720.00
CZ75 | 做旧手艺 (崭新出厂),CZ75 | 做旧手艺,军规级,崭新出厂,1.95
CZ75 | 做旧手艺 (久经沙场),CZ75 | 做旧手艺,军规级,久经沙场,0.50
CZ75 | 做旧手艺 (破损不堪),CZ75 | 做旧手艺,军规级,破损不堪,0.38
CZ75 | 做旧手艺 (战痕累累),CZ75 | 做旧手艺,军规级,战痕累累,0.39
CZ75 | 做旧手艺 (略有磨损),CZ75 | 做旧手艺,军规级,略有磨损,1.29
M4A4 | 狂哮飓风 (崭新出厂),M4A4 | 狂哮飓风,工业级,崭新出厂,998.99
M4A4 | 狂哮飓风 (久经沙场),M4A4 | 狂哮飓风,工业级,久经沙场,6.38
M4A4 | 狂哮飓风 (破损不堪),M4A4 | 狂哮飓风,工业级,破损不堪,69.88
M4A4 | 狂哮飓风 (战痕累累),M4A4 | 狂哮飓风,工业级,战痕累累,33.56
M4A4 | 狂哮飓风 (略有磨损),M4A4 | 狂哮飓风,工业级,略有磨损,28.91
XM1014（纪念品） | 都市穿孔 (崭新出厂),XM1014（纪念品） | 都市穿孔,消费级,崭新出厂,39.50
XM1014（纪念品） | 都市穿孔 (久经沙场),XM1014（纪念品） | 都市穿孔,消费级,久经沙场,0.84
XM1014（纪念品） | 都市穿孔 (破损不堪),XM1014（纪念品） | 都市穿孔,消费级,破损不堪,1.32
XM1014（纪念品） | 都市穿孔 (战痕累累),XM1014（纪念品） | 都市穿孔,消费级,战痕累累,1.77
XM1014（纪念品） | 都市穿孔 (略有磨损),XM1014（纪念品） | 都市穿孔,消费级,略有磨损,2.50
G3SG1（StatTrak™） | 碧蓝斑纹 (崭新出厂),G3SG1（StatTrak™） | 碧蓝斑纹,军规级,崭新出厂,39.48
G3SG1（StatTrak™） | 碧蓝斑纹 (久经沙场),G3SG1（StatTrak™） | 碧蓝斑纹,军规级,久经沙场,40.00
G3SG1（StatTrak™） | 碧蓝斑纹 (略有磨损),G3SG1（StatTrak™） | 碧蓝斑纹,军规级,略有磨损,27.00
MAG-7（StatTrak™） | 先见之明 (崭新出厂),MAG-7（StatTrak™） | 先见之明,军规级,崭新出厂,4.43
MAG-7（StatTrak™） | 先见之明 (久经沙场),MAG-7（StatTrak™） | 先见之明,军规级,久经沙场,0.98
MAG-7（StatTrak™） | 先见之明 (破损不堪),MAG-7（StatTrak™） | 先见之明,军规级,破损不堪,1.44
MAG-7（StatTrak™） | 先见之明 (战痕累累),MAG-7（StatTrak™） | 先见之明,军规级,战痕累累,1.16
MAG-7（StatTrak™） | 先见之明 (略有磨损),MAG-7（StatTrak™） | 先见之明,军规级,略有磨损,2.86
USP 消音版（StatTrak™） | 黑水 (久经沙场),USP 消音版（StatTrak™） | 黑水,受限,久经沙场,735.03
USP 消音版（StatTrak™） | 黑水 (略有磨损),USP 消音版（StatTrak™） | 黑水,受限,略有磨损,899.00
折叠刀（★ StatTrak™） | 表面淬火 (崭新出厂),折叠刀（★ StatTrak™） | 表面淬火,隐秘,崭新出厂,
折叠刀（★ StatTrak™） | 表面淬火 (久经沙场),折叠刀（★ StatTrak™） | 表面淬火,隐秘,久经沙场,
折叠刀（★ StatTrak™） | 表面淬火 (破损不堪),折叠刀（★ StatTrak™） | 表面淬火,隐秘,破损不堪,
折叠刀（★ StatTrak™） | 表面淬火 (战痕累累),折叠刀（★ StatTrak™） | 表面淬火,隐秘,战痕累累,
折叠刀（★ StatTrak™） | 表面淬火 (略有磨损),折叠刀（★ StatTrak™） | 表面淬火,隐秘,略有磨损,3100.00
双持贝瑞塔 | 人工染色 (崭新出厂),双持贝瑞塔 | 人工染色,工业级,崭新出厂,3.10
双持贝瑞塔 | 人工染色 (久经沙场),双持贝瑞塔 | 人工染色,工业级,久经沙场,0.80
双持贝瑞塔 | 人工染色 (破损不堪),双持贝瑞塔 | 人工染色,工业级,破损不堪,0.84
双持贝瑞塔 | 人工染色 (战痕累累),双持贝瑞塔 | 人工染色,工业级,战痕累累,0.82
双持贝瑞塔 | 人工染色 (略有磨损),双持贝瑞塔 | 人工染色,工业级,略有磨损,1.26
SSG 08（纪念品） | 碳素纤维 (崭新出厂),SSG 08（纪念品） | 碳素纤维,工业级,崭新出厂,9.64
SSG 08（纪念品） | 碳素纤维 (略有磨损),SSG 08（纪念品） | 碳素纤维,工业级,略有磨损,28.51
M249 | 等高线 (崭新出厂),M249 | 等高线,军规级,崭新出厂,6.68
M249 | 等高线 (久经沙场),M249 | 等高线,军规级,久经沙场,2.75
M249 | 等高线 (破损不堪),M249 | 等高线,军规级,破损不堪,2.38
M249 | 等高线 (战痕累累),M249 | 等高线,军规级,战痕累累,1.57
M249 | 等高线 (略有磨损),M249 | 等高线,军规级,略有磨损,3.70
求生匕首（★） | 深红之网 (崭新出厂),求生匕首（★） | 深红之网,隐秘,崭新出厂,9999.00
求生匕首（★） | 深红之网 (久经沙场),求生匕首（★） | 深红之网,隐秘,久经沙场,2034.89
求生匕首（★） | 深红之网 (破损不堪),求生匕首（★） | 深红之网,隐秘,破损不堪,
求生匕首（★） | 深红之网 (战痕累累),求生匕首（★） | 深红之网,隐秘,战痕累累,1798.00
求生匕首（★） | 深红之网 (略有磨损),求生匕首（★） | 深红之网,隐秘,略有磨损,2888.00
M4A1 消音型 | 简报 (崭新出厂),M4A1 消音型 | 简报,军规级,崭新出厂,78.00
M4A1 消音型 | 简报 (久经沙场),M4A1 消音型 | 简报,军规级,久经沙场,31.00
M4A1 消音型 | 简报 (破损不堪),M4A1 消音型 | 简报,军规级,破损不堪,400.00
M4A1 消音型 | 简报 (战痕累累),M4A1 消音型 | 简报,军规级,战痕累累,39.50
M4A1 消音型 | 简报 (略有磨损),M4A1 消音型 | 简报,军规级,略有磨损,30.97
沙漠之鹰（StatTrak™） | 钴蓝禁锢 (崭新出厂),沙漠之鹰（StatTrak™） | 钴蓝禁锢,保密,崭新出厂,1074.92
沙漠之鹰（StatTrak™） | 钴蓝禁锢 (久经沙场),沙漠之鹰（StatTrak™） | 钴蓝禁锢,保密,久经沙场,550.00
沙漠之鹰（StatTrak™） | 钴蓝禁锢 (略有磨损),沙漠之鹰（StatTrak™） | 钴蓝禁锢,保密,略有磨损,746.00
P2000（StatTrak™） | 盘根错节 (崭新出厂),P2000（StatTrak™） | 盘根错节,军规级,崭新出厂,5.51
P2000（StatTrak™） | 盘根错节 (久经沙场),P2000（StatTrak™） | 盘根错节,军规级,久经沙场,1.58
P2000（StatTrak™） | 盘根错节 (破损不堪),P2000（StatTrak™） | 盘根错节,军规级,破损不堪,0.68
P2000（StatTrak™） | 盘根错节 (战痕累累),P2000（StatTrak™） | 盘根错节,军规级,战痕累累,0.80
P2000（StatTrak™） | 盘根错节 (略有磨损),P2000（StatTrak™） | 盘根错节,军规级,略有磨损,1.66
骷髅匕首（★） | 都市伪装 (崭新出厂),骷髅匕首（★） | 都市伪装,隐秘,崭新出厂,
骷髅匕首（★） | 都市伪装 (久经沙场),骷髅匕首（★） | 都市伪装,隐秘,久经沙场,2650.00
骷髅匕首（★） | 都市伪装 (破损不堪),骷髅匕首（★） | 都市伪装,隐秘,破损不堪,2550.00
骷髅匕首（★） | 都市伪装 (战痕累累),骷髅匕首（★） | 都市伪装,隐秘,战痕累累,2286.00
骷髅匕首（★） | 都市伪装 (略有磨损),骷髅匕首（★） | 都市伪装,隐秘,略有磨损,3100.00
法玛斯 | 死亡之舞 (崭新出厂),法玛斯 | 死亡之舞,军规级,崭新出厂,
法玛斯 | 死亡之舞 (久经沙场),法玛斯 | 死亡之舞,军规级,久经沙场,33.88
法玛斯 | 死亡之舞 (破损不堪),法玛斯 | 死亡之舞,军规级,破损不堪,38.00
法玛斯 | 死亡之舞 (战痕累累),法玛斯 | 死亡之舞,军规级,战痕累累,
法玛斯 | 死亡之舞 (略有磨损),法玛斯 | 死亡之舞,军规级,略有磨损,30.69
截短霰弹枪（StatTrak™） | 千纸鹤 (崭新出厂),截短霰弹枪（StatTrak™） | 千纸鹤,军规级,崭新出厂,7.16
截短霰弹枪（StatTrak™） | 千纸鹤 (久经沙场),截短霰弹枪（StatTrak™） | 千纸鹤,军规级,久经沙场,1.70
截短霰弹枪（StatTrak™） | 千纸鹤 (破损不堪),截短霰弹枪（StatTrak™） | 千纸鹤,军规级,破损不堪,3.95
截短霰弹枪（StatTrak™） | 千纸鹤 (战痕累累),截短霰弹枪（StatTrak™） | 千纸鹤,军规级,战痕累累,2.70
截短霰弹枪（StatTrak™） | 千纸鹤 (略有磨损),截短霰弹枪（StatTrak™） | 千纸鹤,军规级,略有磨损,3.02
XM1014（StatTrak™） | 滑流 (崭新出厂),XM1014（StatTrak™） | 滑流,军规级,崭新出厂,6.76
XM1014（StatTrak™） | 滑流 (久经沙场),XM1014（StatTrak™） | 滑流,军规级,久经沙场,1.43
XM1014（StatTrak™） | 滑流 (破损不堪),XM1014（StatTrak™） | 滑流,军规级,破损不堪,1.32
XM1014（StatTrak™） | 滑流 (战痕累累),XM1014（StatTrak™） | 滑流,军规级,战痕累累,3.65
XM1014（StatTrak™） | 滑流 (略有磨损),XM1014（StatTrak™） | 滑流,军规级,略有磨损,3.12
法玛斯 | 机械工业 (崭新出厂),法玛斯 | 机械工业,保密,崭新出厂,54.36
法玛斯 | 机械工业 (久经沙场),法玛斯 | 机械工业,保密,久经沙场,17.80
法玛斯 | 机械工业 (破损不堪),法玛斯 | 机械工业,保密,破损不堪,22.50
法玛斯 | 机械工业 (战痕累累),法玛斯 | 机械工业,保密,战痕累累,38.02
法玛斯 | 机械工业 (略有磨损),法玛斯 | 机械工业,保密,略有磨损,29.30
锯齿爪刀（★） | 致命紫罗兰 (崭新出厂),锯齿爪刀（★） | 致命紫罗兰,隐秘,崭新出厂,
锯齿爪刀（★） | 致命紫罗兰 (久经沙场),锯齿爪刀（★） | 致命紫罗兰,隐秘,久经沙场,2440.00
锯齿爪刀（★） | 致命紫罗兰 (破损不堪),锯齿爪刀（★） | 致命紫罗兰,隐秘,破损不堪,2450.00
锯齿爪刀（★） | 致命紫罗兰 (战痕累累),锯齿爪刀（★） | 致命紫罗兰,隐秘,战痕累累,2222.00
锯齿爪刀（★） | 致命紫罗兰 (略有磨损),锯齿爪刀（★） | 致命紫罗兰,隐秘,略有磨损,3435.00
Tec-9 | 核子威慑 (崭新出厂),Tec-9 | 核子威慑,受限,崭新出厂,4500.00
Tec-9 | 核子威慑 (久经沙场),Tec-9 | 核子威慑,受限,久经沙场,275.99
Tec-9 | 核子威慑 (破损不堪),Tec-9 | 核子威慑,受限,破损不堪,
Tec-9 | 核子威慑 (战痕累累),Tec-9 | 核子威慑,受限,战痕累累,
Tec-9 | 核子威慑 (略有磨损),Tec-9 | 核子威慑,受限,略有磨损,778.08
流浪者匕首（★） | 表面淬火 (崭新出厂),流浪者匕首（★） | 表面淬火,隐秘,崭新出厂,4999.00
流浪者匕首（★） | 表面淬火 (久经沙场),流浪者匕首（★） | 表面淬火,隐秘,久经沙场,2661.59
流浪者匕首（★） | 表面淬火 (破损不堪),流浪者匕首（★） | 表面淬火,隐秘,破损不堪,2319.68
流浪者匕首（★） | 表面淬火 (战痕累累),流浪者匕首（★） | 表面淬火,隐秘,战痕累累,1966.03
流浪者匕首（★） | 表面淬火 (略有磨损),流浪者匕首（★） | 表面淬火,隐秘,略有磨损,2990.79
USP 消音版（StatTrak™） | 猎户 (崭新出厂),USP 消音版（StatTrak™） | 猎户,保密,崭新出厂,917.66
USP 消音版（StatTrak™） | 猎户 (久经沙场),USP 消音版（StatTrak™） | 猎户,保密,久经沙场,679.00
USP 消音版（StatTrak™） | 猎户 (破损不堪),USP 消音版（StatTrak™） | 猎户,保密,破损不堪,
USP 消音版（StatTrak™） | 猎户 (战痕累累),USP 消音版（StatTrak™） | 猎户,保密,战痕累累,
USP 消音版（StatTrak™） | 猎户 (略有磨损),USP 消音版（StatTrak™） | 猎户,保密,略有磨损,679.00
AK-47 | 复古浪潮 (崭新出厂),AK-47 | 复古浪潮,受限,崭新出厂,68.40
AK-47 | 复古浪潮 (久经沙场),AK-47 | 复古浪潮,受限,久经沙场,23.21
AK-47 | 复古浪潮 (破损不堪),AK-47 | 复古浪潮,受限,破损不堪,22.20
AK-47 | 复古浪潮 (战痕累累),AK-47 | 复古浪潮,受限,战痕累累,27.40
AK-47 | 复古浪潮 (略有磨损),AK-47 | 复古浪潮,受限,略有磨损,29.02
XM1014 | 剧毒水银 (崭新出厂),XM1014 | 剧毒水银,军规级,崭新出厂,3.91
XM1014 | 剧毒水银 (久经沙场),XM1014 | 剧毒水银,军规级,久经沙场,1.45
XM1014 | 剧毒水银 (破损不堪),XM1014 | 剧毒水银,军规级,破损不堪,2.86
XM1014 | 剧毒水银 (战痕累累),XM1014 | 剧毒水银,军规级,战痕累累,3.27
XM1014 | 剧毒水银 (略有磨损),XM1014 | 剧毒水银,军规级,略有磨损,3.13
R8 左轮手枪（StatTrak™） | 稳 (崭新出厂),R8 左轮手枪（StatTrak™） | 稳,军规级,崭新出厂,6.29
R8 左轮手枪（StatTrak™） | 稳 (久经沙场),R8 左轮手枪（StatTrak™） | 稳,军规级,久经沙场,1.00
R8 左轮手枪（StatTrak™） | 稳 (破损不堪),R8 左轮手枪（StatTrak™） | 稳,军规级,破损不堪,0.68
R8 左轮手枪（StatTrak™） | 稳 (战痕累累),R8 左轮手枪（StatTrak™） | 稳,军规级,战痕累累,0.73
R8 左轮手枪（StatTrak™） | 稳 (略有磨损),R8 左轮手枪（StatTrak™） | 稳,军规级,略有磨损,1.88
双持贝瑞塔 | 碎片 (崭新出厂),双持贝瑞塔 | 碎片,军规级,崭新出厂,2.40
双持贝瑞塔 | 碎片 (久经沙场),双持贝瑞塔 | 碎片,军规级,久经沙场,1.00
双持贝瑞塔 | 碎片 (破损不堪),双持贝瑞塔 | 碎片,军规级,破损不堪,1.38
双持贝瑞塔 | 碎片 (战痕累累),双持贝瑞塔 | 碎片,军规级,战痕累累,0.91
双持贝瑞塔 | 碎片 (略有磨损),双持贝瑞塔 | 碎片,军规级,略有磨损,1.87
刺刀（★ StatTrak™） | 蓝钢 (崭新出厂),刺刀（★ StatTrak™） | 蓝钢,隐秘,崭新出厂,4000.00
刺刀（★ StatTrak™） | 蓝钢 (久经沙场),刺刀（★ StatTrak™） | 蓝钢,隐秘,久经沙场,2655.00
刺刀（★ StatTrak™） | 蓝钢 (破损不堪),刺刀（★ StatTrak™） | 蓝钢,隐秘,破损不堪,
刺刀（★ StatTrak™） | 蓝钢 (战痕累累),刺刀（★ StatTrak™） | 蓝钢,隐秘,战痕累累,
刺刀（★ StatTrak™） | 蓝钢 (略有磨损),刺刀（★ StatTrak™） | 蓝钢,隐秘,略有磨损,3150.00
法玛斯 | 中士 (久经沙场),法玛斯 | 中士,受限,久经沙场,14.50
法玛斯 | 中士 (破损不堪),法玛斯 | 中士,受限,破损不堪,14.75
法玛斯 | 中士 (战痕累累),法玛斯 | 中士,受限,战痕累累,12.09
法玛斯 | 中士 (略有磨损),法玛斯 | 中士,受限,略有磨损,31.45
USP 消音版 | 橙红安乐蜥 (崭新出厂),USP 消音版 | 橙红安乐蜥,受限,崭新出厂,550.00
USP 消音版 | 橙红安乐蜥 (久经沙场),USP 消音版 | 橙红安乐蜥,受限,久经沙场,
USP 消音版 | 橙红安乐蜥 (略有磨损),USP 消音版 | 橙红安乐蜥,受限,略有磨损,792.82
P250（纪念品） | 设施系列·草图 (崭新出厂),P250（纪念品） | 设施系列·草图,消费级,崭新出厂,1.84
P250（纪念品） | 设施系列·草图 (久经沙场),P250（纪念品） | 设施系列·草图,消费级,久经沙场,0.50
P250（纪念品） | 设施系列·草图 (破损不堪),P250（纪念品） | 设施系列·草图,消费级,破损不堪,1.14
P250（纪念品） | 设施系列·草图 (战痕累累),P250（纪念品） | 设施系列·草图,消费级,战痕累累,1.70
P250（纪念品） | 设施系列·草图 (略有磨损),P250（纪念品） | 设施系列·草图,消费级,略有磨损,1.28
锯齿爪刀（★） | 人工染色 (崭新出厂),锯齿爪刀（★） | 人工染色,隐秘,崭新出厂,
锯齿爪刀（★） | 人工染色 (久经沙场),锯齿爪刀（★） | 人工染色,隐秘,久经沙场,2750.00
锯齿爪刀（★） | 人工染色 (破损不堪),锯齿爪刀（★） | 人工染色,隐秘,破损不堪,2700.00
锯齿爪刀（★） | 人工染色 (战痕累累),锯齿爪刀（★） | 人工染色,隐秘,战痕累累,2630.00
锯齿爪刀（★） | 人工染色 (略有磨损),锯齿爪刀（★） | 人工染色,隐秘,略有磨损,3144.00
内格夫（StatTrak™） | 无畏战神 (久经沙场),内格夫（StatTrak™） | 无畏战神,军规级,久经沙场,2.43
内格夫（StatTrak™） | 无畏战神 (略有磨损),内格夫（StatTrak™） | 无畏战神,军规级,略有磨损,2.64
Tec-9 | 多变迷彩 (崭新出厂),Tec-9 | 多变迷彩,工业级,崭新出厂,2.08
Tec-9 | 多变迷彩 (久经沙场),Tec-9 | 多变迷彩,工业级,久经沙场,0.90
Tec-9 | 多变迷彩 (破损不堪),Tec-9 | 多变迷彩,工业级,破损不堪,1.00
Tec-9 | 多变迷彩 (战痕累累),Tec-9 | 多变迷彩,工业级,战痕累累,1.00
Tec-9 | 多变迷彩 (略有磨损),Tec-9 | 多变迷彩,工业级,略有磨损,1.61
AK-47 | 巴洛克之紫 (崭新出厂),AK-47 | 巴洛克之紫,工业级,崭新出厂,103.66
AK-47 | 巴洛克之紫 (久经沙场),AK-47 | 巴洛克之紫,工业级,久经沙场,25.90
AK-47 | 巴洛克之紫 (破损不堪),AK-47 | 巴洛克之紫,工业级,破损不堪,24.36
AK-47 | 巴洛克之紫 (战痕累累),AK-47 | 巴洛克之紫,工业级,战痕累累,24.84
AK-47 | 巴洛克之紫 (略有磨损),AK-47 | 巴洛克之紫,工业级,略有磨损,30.90
MAG-7（StatTrak™） | 声纳 (崭新出厂),MAG-7（StatTrak™） | 声纳,军规级,崭新出厂,7.44
MAG-7（StatTrak™） | 声纳 (久经沙场),MAG-7（StatTrak™） | 声纳,军规级,久经沙场,1.94
MAG-7（StatTrak™） | 声纳 (破损不堪),MAG-7（StatTrak™） | 声纳,军规级,破损不堪,1.45
MAG-7（StatTrak™） | 声纳 (略有磨损),MAG-7（StatTrak™） | 声纳,军规级,略有磨损,3.28
折叠刀（★） | 自动化 (崭新出厂),折叠刀（★） | 自动化,隐秘,崭新出厂,5999.00
折叠刀（★） | 自动化 (久经沙场),折叠刀（★） | 自动化,隐秘,久经沙场,2537.99
折叠刀（★） | 自动化 (破损不堪),折叠刀（★） | 自动化,隐秘,破损不堪,2328.00
折叠刀（★） | 自动化 (战痕累累),折叠刀（★） | 自动化,隐秘,战痕累累,2030.00
折叠刀（★） | 自动化 (略有磨损),折叠刀（★） | 自动化,隐秘,略有磨损,3174.00
沙漠之鹰（StatTrak™） | 纵横波涛 (崭新出厂),沙漠之鹰（StatTrak™） | 纵横波涛,隐秘,崭新出厂,2999.00
沙漠之鹰（StatTrak™） | 纵横波涛 (久经沙场),沙漠之鹰（StatTrak™） | 纵横波涛,隐秘,久经沙场,412.00
沙漠之鹰（StatTrak™） | 纵横波涛 (破损不堪),沙漠之鹰（StatTrak™） | 纵横波涛,隐秘,破损不堪,299.50
沙漠之鹰（StatTrak™） | 纵横波涛 (战痕累累),沙漠之鹰（StatTrak™） | 纵横波涛,隐秘,战痕累累,350.00
沙漠之鹰（StatTrak™） | 纵横波涛 (略有磨损),沙漠之鹰（StatTrak™） | 纵横波涛,隐秘,略有磨损,799.50
内格夫（StatTrak™） | 丢把枪 (崭新出厂),内格夫（StatTrak™） | 丢把枪,军规级,崭新出厂,9.40
内格夫（StatTrak™） | 丢把枪 (久经沙场),内格夫（StatTrak™） | 丢把枪,军规级,久经沙场,1.22
内格夫（StatTrak™） | 丢把枪 (破损不堪),内格夫（StatTrak™） | 丢把枪,军规级,破损不堪,0.94
内格夫（StatTrak™） | 丢把枪 (战痕累累),内格夫（StatTrak™） | 丢把枪,军规级,战痕累累,0.92
内格夫（StatTrak™） | 丢把枪 (略有磨损),内格夫（StatTrak™） | 丢把枪,军规级,略有磨损,2.90
法玛斯 | 目皆转睛 (崭新出厂),法玛斯 | 目皆转睛,保密,崭新出厂,75.00
法玛斯 | 目皆转睛 (久经沙场),法玛斯 | 目皆转睛,保密,久经沙场,14.26
法玛斯 | 目皆转睛 (破损不堪),法玛斯 | 目皆转睛,保密,破损不堪,11.96
法玛斯 | 目皆转睛 (战痕累累),法玛斯 | 目皆转睛,保密,战痕累累,11.04
法玛斯 | 目皆转睛 (略有磨损),法玛斯 | 目皆转睛,保密,略有磨损,30.59
格洛克 18 型 | 战鹰 (崭新出厂),格洛克 18 型 | 战鹰,军规级,崭新出厂,4.40
格洛克 18 型 | 战鹰 (久经沙场),格洛克 18 型 | 战鹰,军规级,久经沙场,1.02
格洛克 18 型 | 战鹰 (破损不堪),格洛克 18 型 | 战鹰,军规级,破损不堪,0.99
格洛克 18 型 | 战鹰 (战痕累累),格洛克 18 型 | 战鹰,军规级,战痕累累,0.89
格洛克 18 型 | 战鹰 (略有磨损),格洛克 18 型 | 战鹰,军规级,略有磨损,1.39
短剑（★ StatTrak™） | 表面淬火 (崭新出厂),短剑（★ StatTrak™） | 表面淬火,隐秘,崭新出厂,6666.66
短剑（★ StatTrak™） | 表面淬火 (久经沙场),短剑（★ StatTrak™） | 表面淬火,隐秘,久经沙场,2988.00
短剑（★ StatTrak™） | 表面淬火 (破损不堪),短剑（★ StatTrak™） | 表面淬火,隐秘,破损不堪,2329.67
短剑（★ StatTrak™） | 表面淬火 (战痕累累),短剑（★ StatTrak™） | 表面淬火,隐秘,战痕累累,2250.00
短剑（★ StatTrak™） | 表面淬火 (略有磨损),短剑（★ StatTrak™） | 表面淬火,隐秘,略有磨损,3200.00
P250 | 核子威慑 (崭新出厂),P250 | 核子威慑,受限,崭新出厂,
P250 | 核子威慑 (久经沙场),P250 | 核子威慑,受限,久经沙场,267.99
P250 | 核子威慑 (破损不堪),P250 | 核子威慑,受限,破损不堪,
P250 | 核子威慑 (战痕累累),P250 | 核子威慑,受限,战痕累累,140.00
P250 | 核子威慑 (略有磨损),P250 | 核子威慑,受限,略有磨损,800.00
P2000（StatTrak™） | 都市危机 (崭新出厂),P2000（StatTrak™） | 都市危机,军规级,崭新出厂,5.37
P2000（StatTrak™） | 都市危机 (久经沙场),P2000（StatTrak™） | 都市危机,军规级,久经沙场,1.23
P2000（StatTrak™） | 都市危机 (破损不堪),P2000（StatTrak™） | 都市危机,军规级,破损不堪,0.68
P2000（StatTrak™） | 都市危机 (战痕累累),P2000（StatTrak™） | 都市危机,军规级,战痕累累,0.93
P2000（StatTrak™） | 都市危机 (略有磨损),P2000（StatTrak™） | 都市危机,军规级,略有磨损,1.47
内格夫（StatTrak™） | 沙漠精英 (崭新出厂),内格夫（StatTrak™） | 沙漠精英,军规级,崭新出厂,5.20
内格夫（StatTrak™） | 沙漠精英 (久经沙场),内格夫（StatTrak™） | 沙漠精英,军规级,久经沙场,1.91
内格夫（StatTrak™） | 沙漠精英 (破损不堪),内格夫（StatTrak™） | 沙漠精英,军规级,破损不堪,3.32
内格夫（StatTrak™） | 沙漠精英 (战痕累累),内格夫（StatTrak™） | 沙漠精英,军规级,战痕累累,3.95
内格夫（StatTrak™） | 沙漠精英 (略有磨损),内格夫（StatTrak™） | 沙漠精英,军规级,略有磨损,3.43
AUG（纪念品） | 璞玉 (崭新出厂),AUG（纪念品） | 璞玉,军规级,崭新出厂,93.95
AUG（纪念品） | 璞玉 (久经沙场),AUG（纪念品） | 璞玉,军规级,久经沙场,35.99
AUG（纪念品） | 璞玉 (略有磨损),AUG（纪念品） | 璞玉,军规级,略有磨损,34.08
刺刀（★） | 黑色层压板 (崭新出厂),刺刀（★） | 黑色层压板,隐秘,崭新出厂,5130.00
刺刀（★） | 黑色层压板 (久经沙场),刺刀（★） | 黑色层压板,隐秘,久经沙场,2829.77
刺刀（★） | 黑色层压板 (破损不堪),刺刀（★） | 黑色层压板,隐秘,破损不堪,2694.30
刺刀（★） | 黑色层压板 (战痕累累),刺刀（★） | 黑色层压板,隐秘,战痕累累,2898.00
刺刀（★） | 黑色层压板 (略有磨损),刺刀（★） | 黑色层压板,隐秘,略有磨损,3170.00
双持贝瑞塔 | 通风机 (崭新出厂),双持贝瑞塔 | 通风机,军规级,崭新出厂,1.70
双持贝瑞塔 | 通风机 (久经沙场),双持贝瑞塔 | 通风机,军规级,久经沙场,0.43
双持贝瑞塔 | 通风机 (破损不堪),双持贝瑞塔 | 通风机,军规级,破损不堪,0.40
双持贝瑞塔 | 通风机 (略有磨损),双持贝瑞塔 | 通风机,军规级,略有磨损,1.55
MAG-7 | 灼烧之痕 (崭新出厂),MAG-7 | 灼烧之痕,军规级,崭新出厂,26.99
MAG-7 | 灼烧之痕 (久经沙场),MAG-7 | 灼烧之痕,军规级,久经沙场,2.75
MAG-7 | 灼烧之痕 (破损不堪),MAG-7 | 灼烧之痕,军规级,破损不堪,9.27
MAG-7 | 灼烧之痕 (战痕累累),MAG-7 | 灼烧之痕,军规级,战痕累累,11.28
MAG-7 | 灼烧之痕 (略有磨损),MAG-7 | 灼烧之痕,军规级,略有磨损,3.05
AUG | 燕群 (崭新出厂),AUG | 燕群,保密,崭新出厂,
AUG | 燕群 (久经沙场),AUG | 燕群,保密,久经沙场,
AUG | 燕群 (破损不堪),AUG | 燕群,保密,破损不堪,12.44
AUG | 燕群 (战痕累累),AUG | 燕群,保密,战痕累累,10.30
AUG | 燕群 (略有磨损),AUG | 燕群,保密,略有磨损,32.10
P250 | 铜绿 (崭新出厂),P250 | 铜绿,军规级,崭新出厂,3.95
P250 | 铜绿 (久经沙场),P250 | 铜绿,军规级,久经沙场,1.00
P250 | 铜绿 (破损不堪),P250 | 铜绿,军规级,破损不堪,1.47
P250 | 铜绿 (战痕累累),P250 | 铜绿,军规级,战痕累累,1.27
P250 | 铜绿 (略有磨损),P250 | 铜绿,军规级,略有磨损,1.88
M249（StatTrak™） | O.S.I.P.R. (崭新出厂),M249（StatTrak™） | O.S.I.P.R.,军规级,崭新出厂,7.78
M249（StatTrak™） | O.S.I.P.R. (久经沙场),M249（StatTrak™） | O.S.I.P.R.,军规级,久经沙场,1.82
M249（StatTrak™） | O.S.I.P.R. (破损不堪),M249（StatTrak™） | O.S.I.P.R.,军规级,破损不堪,2.04
M249（StatTrak™） | O.S.I.P.R. (战痕累累),M249（StatTrak™） | O.S.I.P.R.,军规级,战痕累累,2.94
M249（StatTrak™） | O.S.I.P.R. (略有磨损),M249（StatTrak™） | O.S.I.P.R.,军规级,略有磨损,4.39
沙漠之鹰（StatTrak™） | 印花集 (崭新出厂),沙漠之鹰（StatTrak™） | 印花集,隐秘,崭新出厂,1595.00
沙漠之鹰（StatTrak™） | 印花集 (久经沙场),沙漠之鹰（StatTrak™） | 印花集,隐秘,久经沙场,546.07
沙漠之鹰（StatTrak™） | 印花集 (破损不堪),沙漠之鹰（StatTrak™） | 印花集,隐秘,破损不堪,620.00
沙漠之鹰（StatTrak™） | 印花集 (战痕累累),沙漠之鹰（StatTrak™） | 印花集,隐秘,战痕累累,415.50
沙漠之鹰（StatTrak™） | 印花集 (略有磨损),沙漠之鹰（StatTrak™） | 印花集,隐秘,略有磨损,800.00
猎杀者匕首（★） | 渐变大理石 (崭新出厂),猎杀者匕首（★） | 渐变大理石,隐秘,崭新出厂,2900.00
猎杀者匕首（★） | 渐变大理石 (略有磨损),猎杀者匕首（★） | 渐变大理石,隐秘,略有磨损,3178.00
AUG（纪念品） | 夜空沙暴 (崭新出厂),AUG（纪念品） | 夜空沙暴,受限,崭新出厂,54.35
AUG（纪念品） | 夜空沙暴 (久经沙场),AUG（纪念品） | 夜空沙暴,受限,久经沙场,16.32
AUG（纪念品） | 夜空沙暴 (破损不堪),AUG（纪念品） | 夜空沙暴,受限,破损不堪,44.34
AUG（纪念品） | 夜空沙暴 (战痕累累),AUG（纪念品） | 夜空沙暴,受限,战痕累累,33.12
AUG（纪念品） | 夜空沙暴 (略有磨损),AUG（纪念品） | 夜空沙暴,受限,略有磨损,28.50
法玛斯（StatTrak™） | 死亡之舞 (崭新出厂),法玛斯（StatTrak™） | 死亡之舞,军规级,崭新出厂,53.00
法玛斯（StatTrak™） | 死亡之舞 (久经沙场),法玛斯（StatTrak™） | 死亡之舞,军规级,久经沙场,
法玛斯（StatTrak™） | 死亡之舞 (破损不堪),法玛斯（StatTrak™） | 死亡之舞,军规级,破损不堪,
法玛斯（StatTrak™） | 死亡之舞 (战痕累累),法玛斯（StatTrak™） | 死亡之舞,军规级,战痕累累,51.41
法玛斯（StatTrak™） | 死亡之舞 (略有磨损),法玛斯（StatTrak™） | 死亡之舞,军规级,略有磨损,34.09
截短霰弹枪 | 贤者涂装 (崭新出厂),截短霰弹枪 | 贤者涂装,消费级,崭新出厂,
截短霰弹枪 | 贤者涂装 (久经沙场),截短霰弹枪 | 贤者涂装,消费级,久经沙场,2.41
截短霰弹枪 | 贤者涂装 (破损不堪),截短霰弹枪 | 贤者涂装,消费级,破损不堪,4.88
截短霰弹枪 | 贤者涂装 (战痕累累),截短霰弹枪 | 贤者涂装,消费级,战痕累累,5.00
截短霰弹枪 | 贤者涂装 (略有磨损),截短霰弹枪 | 贤者涂装,消费级,略有磨损,3.57
双持贝瑞塔 | 钴蓝石英 (崭新出厂),双持贝瑞塔 | 钴蓝石英,受限,崭新出厂,3.34
双持贝瑞塔 | 钴蓝石英 (久经沙场),双持贝瑞塔 | 钴蓝石英,受限,久经沙场,1.67
双持贝瑞塔 | 钴蓝石英 (破损不堪),双持贝瑞塔 | 钴蓝石英,受限,破损不堪,3.90
双持贝瑞塔 | 钴蓝石英 (略有磨损),双持贝瑞塔 | 钴蓝石英,受限,略有磨损,1.80
AWP | 树蝰 (崭新出厂),AWP | 树蝰,受限,崭新出厂,82.15
AWP | 树蝰 (久经沙场),AWP | 树蝰,受限,久经沙场,16.93
AWP | 树蝰 (破损不堪),AWP | 树蝰,受限,破损不堪,15.38
AWP | 树蝰 (战痕累累),AWP | 树蝰,受限,战痕累累,12.79
AWP | 树蝰 (略有磨损),AWP | 树蝰,受限,略有磨损,32.52
鲍伊猎刀（★） | 多普勒 (崭新出厂),鲍伊猎刀（★） | 多普勒,隐秘,崭新出厂,2694.00
鲍伊猎刀（★） | 多普勒 (略有磨损),鲍伊猎刀（★） | 多普勒,隐秘,略有磨损,
MAG-7 | 金属 DDPAT (崭新出厂),MAG-7 | 金属 DDPAT,工业级,崭新出厂,2.46
MAG-7 | 金属 DDPAT (略有磨损),MAG-7 | 金属 DDPAT,工业级,略有磨损,3.50
AUG（纪念品） | 随机存取 (崭新出厂),AUG（纪念品） | 随机存取,受限,崭新出厂,107.84
AUG（纪念品） | 随机存取 (久经沙场),AUG（纪念品） | 随机存取,受限,久经沙场,33.86
AUG（纪念品） | 随机存取 (破损不堪),AUG（纪念品） | 随机存取,受限,破损不堪,
AUG（纪念品） | 随机存取 (战痕累累),AUG（纪念品） | 随机存取,受限,战痕累累,100.00
AUG（纪念品） | 随机存取 (略有磨损),AUG（纪念品） | 随机存取,受限,略有磨损,34.10
CZ75（StatTrak™） | 印花板 (崭新出厂),CZ75（StatTrak™） | 印花板,军规级,崭新出厂,9.00
CZ75（StatTrak™） | 印花板 (久经沙场),CZ75（StatTrak™） | 印花板,军规级,久经沙场,1.25
CZ75（StatTrak™） | 印花板 (破损不堪),CZ75（StatTrak™） | 印花板,军规级,破损不堪,0.98
CZ75（StatTrak™） | 印花板 (战痕累累),CZ75（StatTrak™） | 印花板,军规级,战痕累累,1.00
CZ75（StatTrak™） | 印花板 (略有磨损),CZ75（StatTrak™） | 印花板,军规级,略有磨损,1.91
MAG-7（纪念品） | 沙丘之黄 (崭新出厂),MAG-7（纪念品） | 沙丘之黄,消费级,崭新出厂,65.13
MAG-7（纪念品） | 沙丘之黄 (久经沙场),MAG-7（纪念品） | 沙丘之黄,消费级,久经沙场,1.08
MAG-7（纪念品） | 沙丘之黄 (破损不堪),MAG-7（纪念品） | 沙丘之黄,消费级,破损不堪,3.00
MAG-7（纪念品） | 沙丘之黄 (战痕累累),MAG-7（纪念品） | 沙丘之黄,消费级,战痕累累,2.00
MAG-7（纪念品） | 沙丘之黄 (略有磨损),MAG-7（纪念品） | 沙丘之黄,消费级,略有磨损,3.89
P2000 | 草原落叶 (崭新出厂),P2000 | 草原落叶,工业级,崭新出厂,
P2000 | 草原落叶 (久经沙场),P2000 | 草原落叶,工业级,久经沙场,
P2000 | 草原落叶 (破损不堪),P2000 | 草原落叶,工业级,破损不堪,
P2000 | 草原落叶 (战痕累累),P2000 | 草原落叶,工业级,战痕累累,
P2000 | 草原落叶 (略有磨损),P2000 | 草原落叶,工业级,略有磨损,900.00
M9 刺刀（★） | 狩猎网格 (崭新出厂),M9 刺刀（★） | 狩猎网格,隐秘,崭新出厂,
M9 刺刀（★） | 狩猎网格 (久经沙场),M9 刺刀（★） | 狩猎网格,隐秘,久经沙场,3016.97
M9 刺刀（★） | 狩猎网格 (破损不堪),M9 刺刀（★） | 狩猎网格,隐秘,破损不堪,
M9 刺刀（★） | 狩猎网格 (战痕累累),M9 刺刀（★） | 狩猎网格,隐秘,战痕累累,3399.00
M9 刺刀（★） | 狩猎网格 (略有磨损),M9 刺刀（★） | 狩猎网格,隐秘,略有磨损,3100.00
M4A1 消音型（StatTrak™） | 闪回 (崭新出厂),M4A1 消音型（StatTrak™） | 闪回,受限,崭新出厂,113.50
M4A1 消音型（StatTrak™） | 闪回 (久经沙场),M4A1 消音型（StatTrak™） | 闪回,受限,久经沙场,28.00
M4A1 消音型（StatTrak™） | 闪回 (破损不堪),M4A1 消音型（StatTrak™） | 闪回,受限,破损不堪,26.53
M4A1 消音型（StatTrak™） | 闪回 (战痕累累),M4A1 消音型（StatTrak™） | 闪回,受限,战痕累累,25.50
M4A1 消音型（StatTrak™） | 闪回 (略有磨损),M4A1 消音型（StatTrak™） | 闪回,受限,略有磨损,36.45
双持贝瑞塔（纪念品） | 更换机油 (崭新出厂),双持贝瑞塔（纪念品） | 更换机油,消费级,崭新出厂,1.47
双持贝瑞塔（纪念品） | 更换机油 (久经沙场),双持贝瑞塔（纪念品） | 更换机油,消费级,久经沙场,0.27
双持贝瑞塔（纪念品） | 更换机油 (破损不堪),双持贝瑞塔（纪念品） | 更换机油,消费级,破损不堪,2.00
双持贝瑞塔（纪念品） | 更换机油 (战痕累累),双持贝瑞塔（纪念品） | 更换机油,消费级,战痕累累,1.63
双持贝瑞塔（纪念品） | 更换机油 (略有磨损),双持贝瑞塔（纪念品） | 更换机油,消费级,略有磨损,1.46
新星（StatTrak™） | 随风 (崭新出厂),新星（StatTrak™） | 随风,军规级,崭新出厂,8.76
新星（StatTrak™） | 随风 (久经沙场),新星（StatTrak™） | 随风,军规级,久经沙场,1.73
新星（StatTrak™） | 随风 (破损不堪),新星（StatTrak™） | 随风,军规级,破损不堪,2.36
新星（StatTrak™） | 随风 (战痕累累),新星（StatTrak™） | 随风,军规级,战痕累累,199.00
新星（StatTrak™） | 随风 (略有磨损),新星（StatTrak™） | 随风,军规级,略有磨损,4.05
AWP | 尼罗河沃土 (崭新出厂),AWP | 尼罗河沃土,军规级,崭新出厂,58.31
AWP | 尼罗河沃土 (久经沙场),AWP | 尼罗河沃土,军规级,久经沙场,19.70
AWP | 尼罗河沃土 (破损不堪),AWP | 尼罗河沃土,军规级,破损不堪,25.02
AWP | 尼罗河沃土 (战痕累累),AWP | 尼罗河沃土,军规级,战痕累累,24.40
AWP | 尼罗河沃土 (略有磨损),AWP | 尼罗河沃土,军规级,略有磨损,32.14
M9 刺刀（★） | 枯焦之色 (崭新出厂),M9 刺刀（★） | 枯焦之色,隐秘,崭新出厂,
M9 刺刀（★） | 枯焦之色 (久经沙场),M9 刺刀（★） | 枯焦之色,隐秘,久经沙场,3078.66
M9 刺刀（★） | 枯焦之色 (破损不堪),M9 刺刀（★） | 枯焦之色,隐秘,破损不堪,3069.00
M9 刺刀（★） | 枯焦之色 (战痕累累),M9 刺刀（★） | 枯焦之色,隐秘,战痕累累,3487.00
M9 刺刀（★） | 枯焦之色 (略有磨损),M9 刺刀（★） | 枯焦之色,隐秘,略有磨损,3500.00
沙漠之鹰（StatTrak™） | 黄金锦鲤 (崭新出厂),沙漠之鹰（StatTrak™） | 黄金锦鲤,隐秘,崭新出厂,1197.80
沙漠之鹰（StatTrak™） | 黄金锦鲤 (略有磨损),沙漠之鹰（StatTrak™） | 黄金锦鲤,隐秘,略有磨损,
R8 左轮手枪 | 深红之网 (崭新出厂),R8 左轮手枪 | 深红之网,军规级,崭新出厂,27.89
R8 左轮手枪 | 深红之网 (久经沙场),R8 左轮手枪 | 深红之网,军规级,久经沙场,0.50
R8 左轮手枪 | 深红之网 (破损不堪),R8 左轮手枪 | 深红之网,军规级,破损不堪,0.59
R8 左轮手枪 | 深红之网 (战痕累累),R8 左轮手枪 | 深红之网,军规级,战痕累累,0.60
R8 左轮手枪 | 深红之网 (略有磨损),R8 左轮手枪 | 深红之网,军规级,略有磨损,2.00
XM1014（StatTrak™） | 斯康里娅 (崭新出厂),XM1014（StatTrak™） | 斯康里娅,军规级,崭新出厂,14.27
XM1014（StatTrak™） | 斯康里娅 (久经沙场),XM1014（StatTrak™） | 斯康里娅,军规级,久经沙场,2.97
XM1014（StatTrak™） | 斯康里娅 (破损不堪),XM1014（StatTrak™） | 斯康里娅,军规级,破损不堪,2.00
XM1014（StatTrak™） | 斯康里娅 (战痕累累),XM1014（StatTrak™） | 斯康里娅,军规级,战痕累累,2.02
XM1014（StatTrak™） | 斯康里娅 (略有磨损),XM1014（StatTrak™） | 斯康里娅,军规级,略有磨损,6.60
AUG（纪念品） | 辐射危机 (崭新出厂),AUG（纪念品） | 辐射危机,工业级,崭新出厂,43.46
AUG（纪念品） | 辐射危机 (久经沙场),AUG（纪念品） | 辐射危机,工业级,久经沙场,10.27
AUG（纪念品） | 辐射危机 (破损不堪),AUG（纪念品） | 辐射危机,工业级,破损不堪,30.00
AUG（纪念品） | 辐射危机 (战痕累累),AUG（纪念品） | 辐射危机,工业级,战痕累累,11.75
AUG（纪念品） | 辐射危机 (略有磨损),AUG（纪念品） | 辐射危机,工业级,略有磨损,31.59
P2000（纪念品） | 工业牧草 (崭新出厂),P2000（纪念品） | 工业牧草,工业级,崭新出厂,50.00
P2000（纪念品） | 工业牧草 (久经沙场),P2000（纪念品） | 工业牧草,工业级,久经沙场,0.47
P2000（纪念品） | 工业牧草 (破损不堪),P2000（纪念品） | 工业牧草,工业级,破损不堪,1.87
P2000（纪念品） | 工业牧草 (战痕累累),P2000（纪念品） | 工业牧草,工业级,战痕累累,0.85
P2000（纪念品） | 工业牧草 (略有磨损),P2000（纪念品） | 工业牧草,工业级,略有磨损,1.97
格洛克 18 型 | 黑龙纹身 (崭新出厂),格洛克 18 型 | 黑龙纹身,受限,崭新出厂,568.26
格洛克 18 型 | 黑龙纹身 (略有磨损),格洛克 18 型 | 黑龙纹身,受限,略有磨损,945.00
新星（纪念品） | 流沙 (崭新出厂),新星（纪念品） | 流沙,军规级,崭新出厂,8.00
新星（纪念品） | 流沙 (久经沙场),新星（纪念品） | 流沙,军规级,久经沙场,1.74
新星（纪念品） | 流沙 (破损不堪),新星（纪念品） | 流沙,军规级,破损不堪,3.92
新星（纪念品） | 流沙 (战痕累累),新星（纪念品） | 流沙,军规级,战痕累累,3.80
新星（纪念品） | 流沙 (略有磨损),新星（纪念品） | 流沙,军规级,略有磨损,3.90
M4A1 消音型 | 翼蜥 (崭新出厂),M4A1 消音型 | 翼蜥,受限,崭新出厂,61.90
M4A1 消音型 | 翼蜥 (久经沙场),M4A1 消音型 | 翼蜥,受限,久经沙场,24.90
M4A1 消音型 | 翼蜥 (破损不堪),M4A1 消音型 | 翼蜥,受限,破损不堪,41.48
M4A1 消音型 | 翼蜥 (战痕累累),M4A1 消音型 | 翼蜥,受限,战痕累累,37.12
M4A1 消音型 | 翼蜥 (略有磨损),M4A1 消音型 | 翼蜥,受限,略有磨损,32.80
FN57（StatTrak™） | 焰色反应 (崭新出厂),FN57（StatTrak™） | 焰色反应,军规级,崭新出厂,4.79
FN57（StatTrak™） | 焰色反应 (久经沙场),FN57（StatTrak™） | 焰色反应,军规级,久经沙场,1.10
FN57（StatTrak™） | 焰色反应 (破损不堪),FN57（StatTrak™） | 焰色反应,军规级,破损不堪,1.24
FN57（StatTrak™） | 焰色反应 (战痕累累),FN57（StatTrak™） | 焰色反应,军规级,战痕累累,1.03
FN57（StatTrak™） | 焰色反应 (略有磨损),FN57（StatTrak™） | 焰色反应,军规级,略有磨损,1.91
沙漠之鹰 | 蛊惑之色 (崭新出厂),沙漠之鹰 | 蛊惑之色,保密,崭新出厂,895.85
沙漠之鹰 | 蛊惑之色 (略有磨损),沙漠之鹰 | 蛊惑之色,保密,略有磨损,
熊刀（★ StatTrak™） | 屠夫 (崭新出厂),熊刀（★ StatTrak™） | 屠夫,隐秘,崭新出厂,3850.00
熊刀（★ StatTrak™） | 屠夫 (久经沙场),熊刀（★ StatTrak™） | 屠夫,隐秘,久经沙场,3496.00
熊刀（★ StatTrak™） | 屠夫 (略有磨损),熊刀（★ StatTrak™） | 屠夫,隐秘,略有磨损,3288.00
P2000 | 海之泡沫 (崭新出厂),P2000 | 海之泡沫,保密,崭新出厂,1337.40
P2000 | 海之泡沫 (略有磨损),P2000 | 海之泡沫,保密,略有磨损,990.00
弯刀（★） | 多普勒 (崭新出厂),弯刀（★） | 多普勒,隐秘,崭新出厂,2634.91
弯刀（★） | 多普勒 (略有磨损),弯刀（★） | 多普勒,隐秘,略有磨损,12000.00
法玛斯 | 灯神 (崭新出厂),法玛斯 | 灯神,保密,崭新出厂,88.99
法玛斯 | 灯神 (久经沙场),法玛斯 | 灯神,保密,久经沙场,17.52
法玛斯 | 灯神 (破损不堪),法玛斯 | 灯神,保密,破损不堪,15.12
法玛斯 | 灯神 (战痕累累),法玛斯 | 灯神,保密,战痕累累,12.10
法玛斯 | 灯神 (略有磨损),法玛斯 | 灯神,保密,略有磨损,37.73
CZ75 | 丛林虚线 (崭新出厂),CZ75 | 丛林虚线,消费级,崭新出厂,5.88
CZ75 | 丛林虚线 (久经沙场),CZ75 | 丛林虚线,消费级,久经沙场,1.41
CZ75 | 丛林虚线 (破损不堪),CZ75 | 丛林虚线,消费级,破损不堪,3.17
CZ75 | 丛林虚线 (战痕累累),CZ75 | 丛林虚线,消费级,战痕累累,1.24
CZ75 | 丛林虚线 (略有磨损),CZ75 | 丛林虚线,消费级,略有磨损,2.02
XM1014 | 狻猊 (崭新出厂),XM1014 | 狻猊,军规级,崭新出厂,14.29
XM1014 | 狻猊 (久经沙场),XM1014 | 狻猊,军规级,久经沙场,2.24
XM1014 | 狻猊 (破损不堪),XM1014 | 狻猊,军规级,破损不堪,1.72
XM1014 | 狻猊 (战痕累累),XM1014 | 狻猊,军规级,战痕累累,1.29
XM1014 | 狻猊 (略有磨损),XM1014 | 狻猊,军规级,略有磨损,4.99
USP 消音版（StatTrak™） | 血清 (崭新出厂),USP 消音版（StatTrak™） | 血清,保密,崭新出厂,599.00
USP 消音版（StatTrak™） | 血清 (久经沙场),USP 消音版（StatTrak™） | 血清,保密,久经沙场,
USP 消音版（StatTrak™） | 血清 (略有磨损),USP 消音版（StatTrak™） | 血清,保密,略有磨损,319.86
锯齿爪刀（★） | 大马士革钢 (崭新出厂),锯齿爪刀（★） | 大马士革钢,隐秘,崭新出厂,3674.32
锯齿爪刀（★） | 大马士革钢 (久经沙场),锯齿爪刀（★） | 大马士革钢,隐秘,久经沙场,3040.00
锯齿爪刀（★） | 大马士革钢 (破损不堪),锯齿爪刀（★） | 大马士革钢,隐秘,破损不堪,2808.88
锯齿爪刀（★） | 大马士革钢 (战痕累累),锯齿爪刀（★） | 大马士革钢,隐秘,战痕累累,
锯齿爪刀（★） | 大马士革钢 (略有磨损),锯齿爪刀（★） | 大马士革钢,隐秘,略有磨损,3390.00
新星（StatTrak™） | 游侠 (崭新出厂),新星（StatTrak™） | 游侠,军规级,崭新出厂,19.37
新星（StatTrak™） | 游侠 (久经沙场),新星（StatTrak™） | 游侠,军规级,久经沙场,2.91
新星（StatTrak™） | 游侠 (破损不堪),新星（StatTrak™） | 游侠,军规级,破损不堪,2.50
新星（StatTrak™） | 游侠 (战痕累累),新星（StatTrak™） | 游侠,军规级,战痕累累,2.41
新星（StatTrak™） | 游侠 (略有磨损),新星（StatTrak™） | 游侠,军规级,略有磨损,7.01
格洛克 18 型 | 暮光星系 (崭新出厂),格洛克 18 型 | 暮光星系,保密,崭新出厂,1882.00
格洛克 18 型 | 暮光星系 (久经沙场),格洛克 18 型 | 暮光星系,保密,久经沙场,970.00
格洛克 18 型 | 暮光星系 (略有磨损),格洛克 18 型 | 暮光星系,保密,略有磨损,1300.00
P2000（StatTrak™） | 升天 (崭新出厂),P2000（StatTrak™） | 升天,军规级,崭新出厂,8.40
P2000（StatTrak™） | 升天 (久经沙场),P2000（StatTrak™） | 升天,军规级,久经沙场,0.96
P2000（StatTrak™） | 升天 (破损不堪),P2000（StatTrak™） | 升天,军规级,破损不堪,1.06
P2000（StatTrak™） | 升天 (战痕累累),P2000（StatTrak™） | 升天,军规级,战痕累累,1.33
P2000（StatTrak™） | 升天 (略有磨损),P2000（StatTrak™） | 升天,军规级,略有磨损,1.89
M4A4 | 沙漠精英 (崭新出厂),M4A4 | 沙漠精英,隐秘,崭新出厂,61.50
M4A4 | 沙漠精英 (久经沙场),M4A4 | 沙漠精英,隐秘,久经沙场,30.68
M4A4 | 沙漠精英 (破损不堪),M4A4 | 沙漠精英,隐秘,破损不堪,49.80
M4A4 | 沙漠精英 (战痕累累),M4A4 | 沙漠精英,隐秘,战痕累累,39.49
M4A4 | 沙漠精英 (略有磨损),M4A4 | 沙漠精英,隐秘,略有磨损,35.90
短剑（★） | 表面淬火 (崭新出厂),短剑（★） | 表面淬火,隐秘,崭新出厂,4966.00
短剑（★） | 表面淬火 (久经沙场),短剑（★） | 表面淬火,隐秘,久经沙场,2665.98
短剑（★） | 表面淬火 (破损不堪),短剑（★） | 表面淬火,隐秘,破损不堪,2199.00
短剑（★） | 表面淬火 (战痕累累),短剑（★） | 表面淬火,隐秘,战痕累累,1955.00
短剑（★） | 表面淬火 (略有磨损),短剑（★） | 表面淬火,隐秘,略有磨损,3075.92
XM1014 | 行尸攻势 (崭新出厂),XM1014 | 行尸攻势,受限,崭新出厂,8.96
XM1014 | 行尸攻势 (久经沙场),XM1014 | 行尸攻势,受限,久经沙场,1.91
XM1014 | 行尸攻势 (破损不堪),XM1014 | 行尸攻势,受限,破损不堪,2.17
XM1014 | 行尸攻势 (战痕累累),XM1014 | 行尸攻势,受限,战痕累累,2.13
XM1014 | 行尸攻势 (略有磨损),XM1014 | 行尸攻势,受限,略有磨损,3.85
双持贝瑞塔（纪念品） | 双涡轮 (崭新出厂),双持贝瑞塔（纪念品） | 双涡轮,保密,崭新出厂,3884.11
双持贝瑞塔（纪念品） | 双涡轮 (久经沙场),双持贝瑞塔（纪念品） | 双涡轮,保密,久经沙场,150.00
双持贝瑞塔（纪念品） | 双涡轮 (破损不堪),双持贝瑞塔（纪念品） | 双涡轮,保密,破损不堪,120.00
双持贝瑞塔（纪念品） | 双涡轮 (战痕累累),双持贝瑞塔（纪念品） | 双涡轮,保密,战痕累累,199.88
双持贝瑞塔（纪念品） | 双涡轮 (略有磨损),双持贝瑞塔（纪念品） | 双涡轮,保密,略有磨损,1095.80
格洛克 18 型（StatTrak™） | 锈蚀烈焰 (崭新出厂),格洛克 18 型（StatTrak™） | 锈蚀烈焰,军规级,崭新出厂,10.76
格洛克 18 型（StatTrak™） | 锈蚀烈焰 (久经沙场),格洛克 18 型（StatTrak™） | 锈蚀烈焰,军规级,久经沙场,1.08
格洛克 18 型（StatTrak™） | 锈蚀烈焰 (破损不堪),格洛克 18 型（StatTrak™） | 锈蚀烈焰,军规级,破损不堪,2.60
格洛克 18 型（StatTrak™） | 锈蚀烈焰 (战痕累累),格洛克 18 型（StatTrak™） | 锈蚀烈焰,军规级,战痕累累,1.16
格洛克 18 型（StatTrak™） | 锈蚀烈焰 (略有磨损),格洛克 18 型（StatTrak™） | 锈蚀烈焰,军规级,略有磨损,2.19
SSG 08（纪念品） | 手刹 (崭新出厂),SSG 08（纪念品） | 手刹,军规级,崭新出厂,888.00
SSG 08（纪念品） | 手刹 (久经沙场),SSG 08（纪念品） | 手刹,军规级,久经沙场,20.60
SSG 08（纪念品） | 手刹 (破损不堪),SSG 08（纪念品） | 手刹,军规级,破损不堪,15.00
SSG 08（纪念品） | 手刹 (战痕累累),SSG 08（纪念品） | 手刹,军规级,战痕累累,10.79
SSG 08（纪念品） | 手刹 (略有磨损),SSG 08（纪念品） | 手刹,军规级,略有磨损,34.50
M9 刺刀（★ StatTrak™） | 枯焦之色 (久经沙场),M9 刺刀（★ StatTrak™） | 枯焦之色,隐秘,久经沙场,3210.00
M9 刺刀（★ StatTrak™） | 枯焦之色 (破损不堪),M9 刺刀（★ StatTrak™） | 枯焦之色,隐秘,破损不堪,3500.00
M9 刺刀（★ StatTrak™） | 枯焦之色 (战痕累累),M9 刺刀（★ StatTrak™） | 枯焦之色,隐秘,战痕累累,
M9 刺刀（★ StatTrak™） | 枯焦之色 (略有磨损),M9 刺刀（★ StatTrak™） | 枯焦之色,隐秘,略有磨损,3395.60
Tec-9 | 叛逆 (崭新出厂),Tec-9 | 叛逆,军规级,崭新出厂,5.00
Tec-9 | 叛逆 (久经沙场),Tec-9 | 叛逆,军规级,久经沙场,0.92
Tec-9 | 叛逆 (破损不堪),Tec-9 | 叛逆,军规级,破损不堪,0.96
Tec-9 | 叛逆 (战痕累累),Tec-9 | 叛逆,军规级,战痕累累,0.80
Tec-9 | 叛逆 (略有磨损),Tec-9 | 叛逆,军规级,略有磨损,2.40
MAG-7 | SWAG-7 (崭新出厂),MAG-7 | SWAG-7,受限,崭新出厂,9.10
MAG-7 | SWAG-7 (久经沙场),MAG-7 | SWAG-7,受限,久经沙场,1.93
MAG-7 | SWAG-7 (破损不堪),MAG-7 | SWAG-7,受限,破损不堪,1.60
MAG-7 | SWAG-7 (战痕累累),MAG-7 | SWAG-7,受限,战痕累累,1.49
MAG-7 | SWAG-7 (略有磨损),MAG-7 | SWAG-7,受限,略有磨损,4.06
骷髅匕首（★ StatTrak™） | 都市伪装 (崭新出厂),骷髅匕首（★ StatTrak™） | 都市伪装,隐秘,崭新出厂,
骷髅匕首（★ StatTrak™） | 都市伪装 (久经沙场),骷髅匕首（★ StatTrak™） | 都市伪装,隐秘,久经沙场,2589.99
骷髅匕首（★ StatTrak™） | 都市伪装 (破损不堪),骷髅匕首（★ StatTrak™） | 都市伪装,隐秘,破损不堪,2555.00
骷髅匕首（★ StatTrak™） | 都市伪装 (战痕累累),骷髅匕首（★ StatTrak™） | 都市伪装,隐秘,战痕累累,4200.00
骷髅匕首（★ StatTrak™） | 都市伪装 (略有磨损),骷髅匕首（★ StatTrak™） | 都市伪装,隐秘,略有磨损,3450.00
SSG 08（纪念品） | 热带风暴 (崭新出厂),SSG 08（纪念品） | 热带风暴,工业级,崭新出厂,1350.00
SSG 08（纪念品） | 热带风暴 (久经沙场),SSG 08（纪念品） | 热带风暴,工业级,久经沙场,11.54
SSG 08（纪念品） | 热带风暴 (破损不堪),SSG 08（纪念品） | 热带风暴,工业级,破损不堪,48.00
SSG 08（纪念品） | 热带风暴 (战痕累累),SSG 08（纪念品） | 热带风暴,工业级,战痕累累,16.00
SSG 08（纪念品） | 热带风暴 (略有磨损),SSG 08（纪念品） | 热带风暴,工业级,略有磨损,38.51
沙漠之鹰（StatTrak™） | 蛊惑之色 (崭新出厂),沙漠之鹰（StatTrak™） | 蛊惑之色,保密,崭新出厂,1500.00
沙漠之鹰（StatTrak™） | 蛊惑之色 (略有磨损),沙漠之鹰（StatTrak™） | 蛊惑之色,保密,略有磨损,
USP 消音版（StatTrak™） | 印花集 (崭新出厂),USP 消音版（StatTrak™） | 印花集,隐秘,崭新出厂,2819.00
USP 消音版（StatTrak™） | 印花集 (久经沙场),USP 消音版（StatTrak™） | 印花集,隐秘,久经沙场,766.66
USP 消音版（StatTrak™） | 印花集 (破损不堪),USP 消音版（StatTrak™） | 印花集,隐秘,破损不堪,730.00
USP 消音版（StatTrak™） | 印花集 (战痕累累),USP 消音版（StatTrak™） | 印花集,隐秘,战痕累累,549.99
USP 消音版（StatTrak™） | 印花集 (略有磨损),USP 消音版（StatTrak™） | 印花集,隐秘,略有磨损,1347.00
刺刀（★ StatTrak™） | 大马士革钢 (崭新出厂),刺刀（★ StatTrak™） | 大马士革钢,隐秘,崭新出厂,4800.00
刺刀（★ StatTrak™） | 大马士革钢 (久经沙场),刺刀（★ StatTrak™） | 大马士革钢,隐秘,久经沙场,2600.00
刺刀（★ StatTrak™） | 大马士革钢 (破损不堪),刺刀（★ StatTrak™） | 大马士革钢,隐秘,破损不堪,
刺刀（★ StatTrak™） | 大马士革钢 (战痕累累),刺刀（★ StatTrak™） | 大马士革钢,隐秘,战痕累累,
刺刀（★ StatTrak™） | 大马士革钢 (略有磨损),刺刀（★ StatTrak™） | 大马士革钢,隐秘,略有磨损,3400.00
FN57（StatTrak™） | 斯康里娅 (崭新出厂),FN57（StatTrak™） | 斯康里娅,军规级,崭新出厂,10.60
FN57（StatTrak™） | 斯康里娅 (久经沙场),FN57（StatTrak™） | 斯康里娅,军规级,久经沙场,1.80
FN57（StatTrak™） | 斯康里娅 (破损不堪),FN57（StatTrak™） | 斯康里娅,军规级,破损不堪,0.92
FN57（StatTrak™） | 斯康里娅 (战痕累累),FN57（StatTrak™） | 斯康里娅,军规级,战痕累累,1.27
FN57（StatTrak™） | 斯康里娅 (略有磨损),FN57（StatTrak™） | 斯康里娅,军规级,略有磨损,2.40
新星 | 狂野六号 (崭新出厂),新星 | 狂野六号,受限,崭新出厂,8.78
新星 | 狂野六号 (久经沙场),新星 | 狂野六号,受限,久经沙场,2.11
新星 | 狂野六号 (破损不堪),新星 | 狂野六号,受限,破损不堪,1.97
新星 | 狂野六号 (战痕累累),新星 | 狂野六号,受限,战痕累累,1.60
新星 | 狂野六号 (略有磨损),新星 | 狂野六号,受限,略有磨损,4.13
M4A4 | 丛林虎 (崭新出厂),M4A4 | 丛林虎,工业级,崭新出厂,
M4A4 | 丛林虎 (久经沙场),M4A4 | 丛林虎,工业级,久经沙场,29.00
M4A4 | 丛林虎 (破损不堪),M4A4 | 丛林虎,工业级,破损不堪,68.41
M4A4 | 丛林虎 (战痕累累),M4A4 | 丛林虎,工业级,战痕累累,52.00
M4A4 | 丛林虎 (略有磨损),M4A4 | 丛林虎,工业级,略有磨损,40.00
USP 消音版 | 锁定 (崭新出厂),USP 消音版 | 锁定,保密,崭新出厂,1257.77
USP 消音版 | 锁定 (久经沙场),USP 消音版 | 锁定,保密,久经沙场,950.00
USP 消音版 | 锁定 (破损不堪),USP 消音版 | 锁定,保密,破损不堪,
USP 消音版 | 锁定 (战痕累累),USP 消音版 | 锁定,保密,战痕累累,
USP 消音版 | 锁定 (略有磨损),USP 消音版 | 锁定,保密,略有磨损,1099.92
XM1014 | 五彩斑驳 (崭新出厂),XM1014 | 五彩斑驳,受限,崭新出厂,8.35
XM1014 | 五彩斑驳 (久经沙场),XM1014 | 五彩斑驳,受限,久经沙场,2.50
XM1014 | 五彩斑驳 (破损不堪),XM1014 | 五彩斑驳,受限,破损不堪,3.65
XM1014 | 五彩斑驳 (战痕累累),XM1014 | 五彩斑驳,受限,战痕累累,2.92
XM1014 | 五彩斑驳 (略有磨损),XM1014 | 五彩斑驳,受限,略有磨损,4.76
格洛克 18 型 | 亡者之寝 (崭新出厂),格洛克 18 型 | 亡者之寝,军规级,崭新出厂,3.60
格洛克 18 型 | 亡者之寝 (久经沙场),格洛克 18 型 | 亡者之寝,军规级,久经沙场,1.78
格洛克 18 型 | 亡者之寝 (破损不堪),格洛克 18 型 | 亡者之寝,军规级,破损不堪,7.32
格洛克 18 型 | 亡者之寝 (战痕累累),格洛克 18 型 | 亡者之寝,军规级,战痕累累,7.79
格洛克 18 型 | 亡者之寝 (略有磨损),格洛克 18 型 | 亡者之寝,军规级,略有磨损,3.23
M4A4（StatTrak™） | 渐变斑纹 (崭新出厂),M4A4（StatTrak™） | 渐变斑纹,军规级,崭新出厂,328.82
M4A4（StatTrak™） | 渐变斑纹 (久经沙场),M4A4（StatTrak™） | 渐变斑纹,军规级,久经沙场,24.00
M4A4（StatTrak™） | 渐变斑纹 (破损不堪),M4A4（StatTrak™） | 渐变斑纹,军规级,破损不堪,41.80
M4A4（StatTrak™） | 渐变斑纹 (战痕累累),M4A4（StatTrak™） | 渐变斑纹,军规级,战痕累累,60.00
M4A4（StatTrak™） | 渐变斑纹 (略有磨损),M4A4（StatTrak™） | 渐变斑纹,军规级,略有磨损,39.40
弯刀（★） | 伽玛多普勒 (崭新出厂),弯刀（★） | 伽玛多普勒,隐秘,崭新出厂,2581.95
弯刀（★） | 伽玛多普勒 (略有磨损),弯刀（★） | 伽玛多普勒,隐秘,略有磨损,3499.00
P250 | 阿佩普之咒 (崭新出厂),P250 | 阿佩普之咒,保密,崭新出厂,1925.00
P250 | 阿佩普之咒 (久经沙场),P250 | 阿佩普之咒,保密,久经沙场,750.00
P250 | 阿佩普之咒 (破损不堪),P250 | 阿佩普之咒,保密,破损不堪,598.00
P250 | 阿佩普之咒 (战痕累累),P250 | 阿佩普之咒,保密,战痕累累,666.66
P250 | 阿佩普之咒 (略有磨损),P250 | 阿佩普之咒,保密,略有磨损,1360.00
沙漠之鹰 | 锈蚀烈焰 (崭新出厂),沙漠之鹰 | 锈蚀烈焰,军规级,崭新出厂,2.85
沙漠之鹰 | 锈蚀烈焰 (久经沙场),沙漠之鹰 | 锈蚀烈焰,军规级,久经沙场,1.09
沙漠之鹰 | 锈蚀烈焰 (破损不堪),沙漠之鹰 | 锈蚀烈焰,军规级,破损不堪,1.30
沙漠之鹰 | 锈蚀烈焰 (战痕累累),沙漠之鹰 | 锈蚀烈焰,军规级,战痕累累,1.50
沙漠之鹰 | 锈蚀烈焰 (略有磨损),沙漠之鹰 | 锈蚀烈焰,军规级,略有磨损,1.67
新星 | 风卷残云 (崭新出厂),新星 | 风卷残云,军规级,崭新出厂,7.99
新星 | 风卷残云 (久经沙场),新星 | 风卷残云,军规级,久经沙场,8.90
新星 | 风卷残云 (破损不堪),新星 | 风卷残云,军规级,破损不堪,18.88
新星 | 风卷残云 (战痕累累),新星 | 风卷残云,军规级,战痕累累,4.00
新星 | 风卷残云 (略有磨损),新星 | 风卷残云,军规级,略有磨损,7.91
AK-47（StatTrak™） | 精英之作 (崭新出厂),AK-47（StatTrak™） | 精英之作,军规级,崭新出厂,150.67
AK-47（StatTrak™） | 精英之作 (久经沙场),AK-47（StatTrak™） | 精英之作,军规级,久经沙场,27.98
AK-47（StatTrak™） | 精英之作 (破损不堪),AK-47（StatTrak™） | 精英之作,军规级,破损不堪,19.30
AK-47（StatTrak™） | 精英之作 (战痕累累),AK-47（StatTrak™） | 精英之作,军规级,战痕累累,19.63
AK-47（StatTrak™） | 精英之作 (略有磨损),AK-47（StatTrak™） | 精英之作,军规级,略有磨损,39.99
鲍伊猎刀（★） | 伽玛多普勒 (崭新出厂),鲍伊猎刀（★） | 伽玛多普勒,隐秘,崭新出厂,2706.73
鲍伊猎刀（★） | 伽玛多普勒 (略有磨损),鲍伊猎刀（★） | 伽玛多普勒,隐秘,略有磨损,
USP 消音版（StatTrak™） | 枪响人亡 (崭新出厂),USP 消音版（StatTrak™） | 枪响人亡,隐秘,崭新出厂,3950.00
USP 消音版（StatTrak™） | 枪响人亡 (久经沙场),USP 消音版（StatTrak™） | 枪响人亡,隐秘,久经沙场,1110.00
USP 消音版（StatTrak™） | 枪响人亡 (破损不堪),USP 消音版（StatTrak™） | 枪响人亡,隐秘,破损不堪,699.00
USP 消音版（StatTrak™） | 枪响人亡 (战痕累累),USP 消音版（StatTrak™） | 枪响人亡,隐秘,战痕累累,666.00
USP 消音版（StatTrak™） | 枪响人亡 (略有磨损),USP 消音版（StatTrak™） | 枪响人亡,隐秘,略有磨损,1575.00
内格夫 | 狮子鱼 (崭新出厂),内格夫 | 狮子鱼,受限,崭新出厂,8.87
内格夫 | 狮子鱼 (久经沙场),内格夫 | 狮子鱼,受限,久经沙场,2.00
内格夫 | 狮子鱼 (破损不堪),内格夫 | 狮子鱼,受限,破损不堪,1.87
内格夫 | 狮子鱼 (战痕累累),内格夫 | 狮子鱼,受限,战痕累累,1.77
内格夫 | 狮子鱼 (略有磨损),内格夫 | 狮子鱼,受限,略有磨损,3.88
格洛克 18 型 | 幻影冥魂 (崭新出厂),格洛克 18 型 | 幻影冥魂,军规级,崭新出厂,6.02
格洛克 18 型 | 幻影冥魂 (久经沙场),格洛克 18 型 | 幻影冥魂,军规级,久经沙场,1.25
格洛克 18 型 | 幻影冥魂 (破损不堪),格洛克 18 型 | 幻影冥魂,军规级,破损不堪,5.86
格洛克 18 型 | 幻影冥魂 (战痕累累),格洛克 18 型 | 幻影冥魂,军规级,战痕累累,1.70
格洛克 18 型 | 幻影冥魂 (略有磨损),格洛克 18 型 | 幻影冥魂,军规级,略有磨损,2.02
M4A1 消音型 | 破碎铅秋 (崭新出厂),M4A1 消音型 | 破碎铅秋,保密,崭新出厂,78.20
M4A1 消音型 | 破碎铅秋 (久经沙场),M4A1 消音型 | 破碎铅秋,保密,久经沙场,28.39
M4A1 消音型 | 破碎铅秋 (破损不堪),M4A1 消音型 | 破碎铅秋,保密,破损不堪,37.88
M4A1 消音型 | 破碎铅秋 (战痕累累),M4A1 消音型 | 破碎铅秋,保密,战痕累累,27.00
M4A1 消音型 | 破碎铅秋 (略有磨损),M4A1 消音型 | 破碎铅秋,保密,略有磨损,38.29
Tec-9（纪念品） | 核子威慑 (崭新出厂),Tec-9（纪念品） | 核子威慑,受限,崭新出厂,
Tec-9（纪念品） | 核子威慑 (久经沙场),Tec-9（纪念品） | 核子威慑,受限,久经沙场,888.00
Tec-9（纪念品） | 核子威慑 (破损不堪),Tec-9（纪念品） | 核子威慑,受限,破损不堪,5000.00
Tec-9（纪念品） | 核子威慑 (战痕累累),Tec-9（纪念品） | 核子威慑,受限,战痕累累,
Tec-9（纪念品） | 核子威慑 (略有磨损),Tec-9（纪念品） | 核子威慑,受限,略有磨损,1850.00
M9 刺刀（★） | 森林 DDPAT (崭新出厂),M9 刺刀（★） | 森林 DDPAT,隐秘,崭新出厂,
M9 刺刀（★） | 森林 DDPAT (久经沙场),M9 刺刀（★） | 森林 DDPAT,隐秘,久经沙场,3092.00
M9 刺刀（★） | 森林 DDPAT (破损不堪),M9 刺刀（★） | 森林 DDPAT,隐秘,破损不堪,3100.00
M9 刺刀（★） | 森林 DDPAT (战痕累累),M9 刺刀（★） | 森林 DDPAT,隐秘,战痕累累,3195.80
M9 刺刀（★） | 森林 DDPAT (略有磨损),M9 刺刀（★） | 森林 DDPAT,隐秘,略有磨损,3400.00
新星（StatTrak™） | Exo (崭新出厂),新星（StatTrak™） | Exo,军规级,崭新出厂,5.77
新星（StatTrak™） | Exo (久经沙场),新星（StatTrak™） | Exo,军规级,久经沙场,1.95
新星（StatTrak™） | Exo (破损不堪),新星（StatTrak™） | Exo,军规级,破损不堪,2.72
新星（StatTrak™） | Exo (战痕累累),新星（StatTrak™） | Exo,军规级,战痕累累,2.37
新星（StatTrak™） | Exo (略有磨损),新星（StatTrak™） | Exo,军规级,略有磨损,4.00
R8 左轮手枪 | 沙漠伪装 (崭新出厂),R8 左轮手枪 | 沙漠伪装,消费级,崭新出厂,3.98
R8 左轮手枪 | 沙漠伪装 (久经沙场),R8 左轮手枪 | 沙漠伪装,消费级,久经沙场,3.15
R8 左轮手枪 | 沙漠伪装 (破损不堪),R8 左轮手枪 | 沙漠伪装,消费级,破损不堪,4.48
R8 左轮手枪 | 沙漠伪装 (战痕累累),R8 左轮手枪 | 沙漠伪装,消费级,战痕累累,2.82
R8 左轮手枪 | 沙漠伪装 (略有磨损),R8 左轮手枪 | 沙漠伪装,消费级,略有磨损,2.52
SCAR-20（StatTrak™） | 深红之网 (崭新出厂),SCAR-20（StatTrak™） | 深红之网,军规级,崭新出厂,888.00
SCAR-20（StatTrak™） | 深红之网 (久经沙场),SCAR-20（StatTrak™） | 深红之网,军规级,久经沙场,26.63
SCAR-20（StatTrak™） | 深红之网 (破损不堪),SCAR-20（StatTrak™） | 深红之网,军规级,破损不堪,
SCAR-20（StatTrak™） | 深红之网 (战痕累累),SCAR-20（StatTrak™） | 深红之网,军规级,战痕累累,
SCAR-20（StatTrak™） | 深红之网 (略有磨损),SCAR-20（StatTrak™） | 深红之网,军规级,略有磨损,39.49
内格夫 | 橙灰之名 (崭新出厂),内格夫 | 橙灰之名,受限,崭新出厂,8.00
内格夫 | 橙灰之名 (久经沙场),内格夫 | 橙灰之名,受限,久经沙场,1.98
内格夫 | 橙灰之名 (破损不堪),内格夫 | 橙灰之名,受限,破损不堪,1.84
内格夫 | 橙灰之名 (战痕累累),内格夫 | 橙灰之名,受限,战痕累累,1.70
内格夫 | 橙灰之名 (略有磨损),内格夫 | 橙灰之名,受限,略有磨损,4.22
沙漠之鹰 | 翡翠巨蟒 (崭新出厂),沙漠之鹰 | 翡翠巨蟒,受限,崭新出厂,2069.92
沙漠之鹰 | 翡翠巨蟒 (久经沙场),沙漠之鹰 | 翡翠巨蟒,受限,久经沙场,
沙漠之鹰 | 翡翠巨蟒 (破损不堪),沙漠之鹰 | 翡翠巨蟒,受限,破损不堪,
沙漠之鹰 | 翡翠巨蟒 (战痕累累),沙漠之鹰 | 翡翠巨蟒,受限,战痕累累,
沙漠之鹰 | 翡翠巨蟒 (略有磨损),沙漠之鹰 | 翡翠巨蟒,受限,略有磨损,1950.00
SCAR-20 | 心脏打击 (崭新出厂),SCAR-20 | 心脏打击,保密,崭新出厂,100.00
SCAR-20 | 心脏打击 (久经沙场),SCAR-20 | 心脏打击,保密,久经沙场,26.00
SCAR-20 | 心脏打击 (破损不堪),SCAR-20 | 心脏打击,保密,破损不堪,
SCAR-20 | 心脏打击 (战痕累累),SCAR-20 | 心脏打击,保密,战痕累累,188.00
SCAR-20 | 心脏打击 (略有磨损),SCAR-20 | 心脏打击,保密,略有磨损,44.85
截短霰弹枪（StatTrak™） | 弄臣之颅 (崭新出厂),截短霰弹枪（StatTrak™） | 弄臣之颅,军规级,崭新出厂,12.30
截短霰弹枪（StatTrak™） | 弄臣之颅 (久经沙场),截短霰弹枪（StatTrak™） | 弄臣之颅,军规级,久经沙场,1.87
截短霰弹枪（StatTrak™） | 弄臣之颅 (破损不堪),截短霰弹枪（StatTrak™） | 弄臣之颅,军规级,破损不堪,1.55
截短霰弹枪（StatTrak™） | 弄臣之颅 (战痕累累),截短霰弹枪（StatTrak™） | 弄臣之颅,军规级,战痕累累,1.21
截短霰弹枪（StatTrak™） | 弄臣之颅 (略有磨损),截短霰弹枪（StatTrak™） | 弄臣之颅,军规级,略有磨损,5.92
格洛克 18 型 | 烈焰天使 (崭新出厂),格洛克 18 型 | 烈焰天使,军规级,崭新出厂,8.14
格洛克 18 型 | 烈焰天使 (久经沙场),格洛克 18 型 | 烈焰天使,军规级,久经沙场,0.91
格洛克 18 型 | 烈焰天使 (破损不堪),格洛克 18 型 | 烈焰天使,军规级,破损不堪,1.04
格洛克 18 型 | 烈焰天使 (战痕累累),格洛克 18 型 | 烈焰天使,军规级,战痕累累,0.95
格洛克 18 型 | 烈焰天使 (略有磨损),格洛克 18 型 | 烈焰天使,军规级,略有磨损,1.72
法玛斯 | 防滚架 (崭新出厂),法玛斯 | 防滚架,隐秘,崭新出厂,108.19
法玛斯 | 防滚架 (久经沙场),法玛斯 | 防滚架,隐秘,久经沙场,19.59
法玛斯 | 防滚架 (破损不堪),法玛斯 | 防滚架,隐秘,破损不堪,17.41
法玛斯 | 防滚架 (战痕累累),法玛斯 | 防滚架,隐秘,战痕累累,16.24
法玛斯 | 防滚架 (略有磨损),法玛斯 | 防滚架,隐秘,略有磨损,37.40
流浪者匕首（★ StatTrak™） | 表面淬火 (崭新出厂),流浪者匕首（★ StatTrak™） | 表面淬火,隐秘,崭新出厂,
流浪者匕首（★ StatTrak™） | 表面淬火 (久经沙场),流浪者匕首（★ StatTrak™） | 表面淬火,隐秘,久经沙场,2550.00
流浪者匕首（★ StatTrak™） | 表面淬火 (破损不堪),流浪者匕首（★ StatTrak™） | 表面淬火,隐秘,破损不堪,3660.00
流浪者匕首（★ StatTrak™） | 表面淬火 (战痕累累),流浪者匕首（★ StatTrak™） | 表面淬火,隐秘,战痕累累,2099.00
流浪者匕首（★ StatTrak™） | 表面淬火 (略有磨损),流浪者匕首（★ StatTrak™） | 表面淬火,隐秘,略有磨损,3450.00
MAG-7（StatTrak™） | 钴核 (崭新出厂),MAG-7（StatTrak™） | 钴核,军规级,崭新出厂,8.00
MAG-7（StatTrak™） | 钴核 (久经沙场),MAG-7（StatTrak™） | 钴核,军规级,久经沙场,2.94
MAG-7（StatTrak™） | 钴核 (破损不堪),MAG-7（StatTrak™） | 钴核,军规级,破损不堪,3.44
MAG-7（StatTrak™） | 钴核 (战痕累累),MAG-7（StatTrak™） | 钴核,军规级,战痕累累,4.89
MAG-7（StatTrak™） | 钴核 (略有磨损),MAG-7（StatTrak™） | 钴核,军规级,略有磨损,5.16
USP 消音版（纪念品） | 午夜行动 (崭新出厂),USP 消音版（纪念品） | 午夜行动,军规级,崭新出厂,
USP 消音版（纪念品） | 午夜行动 (久经沙场),USP 消音版（纪念品） | 午夜行动,军规级,久经沙场,
USP 消音版（纪念品） | 午夜行动 (破损不堪),USP 消音版（纪念品） | 午夜行动,军规级,破损不堪,
USP 消音版（纪念品） | 午夜行动 (战痕累累),USP 消音版（纪念品） | 午夜行动,军规级,战痕累累,
USP 消音版（纪念品） | 午夜行动 (略有磨损),USP 消音版（纪念品） | 午夜行动,军规级,略有磨损,1888.00
法玛斯 | 冥界之憎 (崭新出厂),法玛斯 | 冥界之憎,受限,崭新出厂,60.00
法玛斯 | 冥界之憎 (久经沙场),法玛斯 | 冥界之憎,受限,久经沙场,17.80
法玛斯 | 冥界之憎 (破损不堪),法玛斯 | 冥界之憎,受限,破损不堪,100.00
法玛斯 | 冥界之憎 (战痕累累),法玛斯 | 冥界之憎,受限,战痕累累,28.00
法玛斯 | 冥界之憎 (略有磨损),法玛斯 | 冥界之憎,受限,略有磨损,40.00
FN57 | 橘皮涂装 (崭新出厂),FN57 | 橘皮涂装,工业级,崭新出厂,5.69
FN57 | 橘皮涂装 (久经沙场),FN57 | 橘皮涂装,工业级,久经沙场,0.86
FN57 | 橘皮涂装 (破损不堪),FN57 | 橘皮涂装,工业级,破损不堪,0.90
FN57 | 橘皮涂装 (战痕累累),FN57 | 橘皮涂装,工业级,战痕累累,0.84
FN57 | 橘皮涂装 (略有磨损),FN57 | 橘皮涂装,工业级,略有磨损,1.87
熊刀（★） | 虎牙 (崭新出厂),熊刀（★） | 虎牙,隐秘,崭新出厂,3266.88
熊刀（★） | 虎牙 (略有磨损),熊刀（★） | 虎牙,隐秘,略有磨损,3460.00
P250（纪念品） | 金属 DDPAT (崭新出厂),P250（纪念品） | 金属 DDPAT,工业级,崭新出厂,37.70
P250（纪念品） | 金属 DDPAT (略有磨损),P250（纪念品） | 金属 DDPAT,工业级,略有磨损,2000.00
CZ75 | 幻光构架 (崭新出厂),CZ75 | 幻光构架,消费级,崭新出厂,3.80
CZ75 | 幻光构架 (久经沙场),CZ75 | 幻光构架,消费级,久经沙场,2.14
CZ75 | 幻光构架 (破损不堪),CZ75 | 幻光构架,消费级,破损不堪,8.31
CZ75 | 幻光构架 (战痕累累),CZ75 | 幻光构架,消费级,战痕累累,5.94
CZ75 | 幻光构架 (略有磨损),CZ75 | 幻光构架,消费级,略有磨损,2.48
新星（纪念品） | 捕食者 (崭新出厂),新星（纪念品） | 捕食者,消费级,崭新出厂,100.00
新星（纪念品） | 捕食者 (久经沙场),新星（纪念品） | 捕食者,消费级,久经沙场,0.82
新星（纪念品） | 捕食者 (破损不堪),新星（纪念品） | 捕食者,消费级,破损不堪,2.44
新星（纪念品） | 捕食者 (战痕累累),新星（纪念品） | 捕食者,消费级,战痕累累,1.76
新星（纪念品） | 捕食者 (略有磨损),新星（纪念品） | 捕食者,消费级,略有磨损,4.74
MAG-7（StatTrak™） | 鱼长梦短 (崭新出厂),MAG-7（StatTrak™） | 鱼长梦短,军规级,崭新出厂,16.90
MAG-7（StatTrak™） | 鱼长梦短 (久经沙场),MAG-7（StatTrak™） | 鱼长梦短,军规级,久经沙场,2.78
MAG-7（StatTrak™） | 鱼长梦短 (破损不堪),MAG-7（StatTrak™） | 鱼长梦短,军规级,破损不堪,1.97
MAG-7（StatTrak™） | 鱼长梦短 (战痕累累),MAG-7（StatTrak™） | 鱼长梦短,军规级,战痕累累,1.80
MAG-7（StatTrak™） | 鱼长梦短 (略有磨损),MAG-7（StatTrak™） | 鱼长梦短,军规级,略有磨损,5.18
折叠刀（★） | 屠夫 (崭新出厂),折叠刀（★） | 屠夫,隐秘,崭新出厂,3675.99
折叠刀（★） | 屠夫 (久经沙场),折叠刀（★） | 屠夫,隐秘,久经沙场,3100.00
折叠刀（★） | 屠夫 (略有磨损),折叠刀（★） | 屠夫,隐秘,略有磨损,3180.00
法玛斯 | 蓝巢 (崭新出厂),法玛斯 | 蓝巢,军规级,崭新出厂,26.90
法玛斯 | 蓝巢 (久经沙场),法玛斯 | 蓝巢,军规级,久经沙场,20.99
法玛斯 | 蓝巢 (破损不堪),法玛斯 | 蓝巢,军规级,破损不堪,
法玛斯 | 蓝巢 (略有磨损),法玛斯 | 蓝巢,军规级,略有磨损,35.51
沙漠之鹰（纪念品） | 沙漠之狐 (崭新出厂),沙漠之鹰（纪念品） | 沙漠之狐,保密,崭新出厂,4080.00
沙漠之鹰（纪念品） | 沙漠之狐 (久经沙场),沙漠之鹰（纪念品） | 沙漠之狐,保密,久经沙场,1448.05
沙漠之鹰（纪念品） | 沙漠之狐 (破损不堪),沙漠之鹰（纪念品） | 沙漠之狐,保密,破损不堪,1365.66
沙漠之鹰（纪念品） | 沙漠之狐 (战痕累累),沙漠之鹰（纪念品） | 沙漠之狐,保密,战痕累累,1020.00
沙漠之鹰（纪念品） | 沙漠之狐 (略有磨损),沙漠之鹰（纪念品） | 沙漠之狐,保密,略有磨损,2050.00
AUG | 动量 (崭新出厂),AUG | 动量,保密,崭新出厂,173.71
AUG | 动量 (久经沙场),AUG | 动量,保密,久经沙场,11.46
AUG | 动量 (破损不堪),AUG | 动量,保密,破损不堪,9.67
AUG | 动量 (战痕累累),AUG | 动量,保密,战痕累累,8.64
AUG | 动量 (略有磨损),AUG | 动量,保密,略有磨损,40.00
R8 左轮手枪（StatTrak™） | 骸骨锻造 (崭新出厂),R8 左轮手枪（StatTrak™） | 骸骨锻造,军规级,崭新出厂,5.02
R8 左轮手枪（StatTrak™） | 骸骨锻造 (久经沙场),R8 左轮手枪（StatTrak™） | 骸骨锻造,军规级,久经沙场,0.93
R8 左轮手枪（StatTrak™） | 骸骨锻造 (破损不堪),R8 左轮手枪（StatTrak™） | 骸骨锻造,军规级,破损不堪,1.20
R8 左轮手枪（StatTrak™） | 骸骨锻造 (战痕累累),R8 左轮手枪（StatTrak™） | 骸骨锻造,军规级,战痕累累,2.26
R8 左轮手枪（StatTrak™） | 骸骨锻造 (略有磨损),R8 左轮手枪（StatTrak™） | 骸骨锻造,军规级,略有磨损,2.32
新星 | 毒蜥 (崭新出厂),新星 | 毒蜥,受限,崭新出厂,9.50
新星 | 毒蜥 (久经沙场),新星 | 毒蜥,受限,久经沙场,2.88
新星 | 毒蜥 (略有磨损),新星 | 毒蜥,受限,略有磨损,4.75
格洛克 18 型（纪念品） | 红苹果 (崭新出厂),格洛克 18 型（纪念品） | 红苹果,军规级,崭新出厂,6699.00
格洛克 18 型（纪念品） | 红苹果 (久经沙场),格洛克 18 型（纪念品） | 红苹果,军规级,久经沙场,
格洛克 18 型（纪念品） | 红苹果 (略有磨损),格洛克 18 型（纪念品） | 红苹果,军规级,略有磨损,2200.00
暗影双匕（★） | 渐变之色 (崭新出厂),暗影双匕（★） | 渐变之色,隐秘,崭新出厂,2763.98
暗影双匕（★） | 渐变之色 (略有磨损),暗影双匕（★） | 渐变之色,隐秘,略有磨损,3500.00
P250 | 重构 (崭新出厂),P250 | 重构,军规级,崭新出厂,3.90
P250 | 重构 (久经沙场),P250 | 重构,军规级,久经沙场,0.96
P250 | 重构 (破损不堪),P250 | 重构,军规级,破损不堪,0.97
P250 | 重构 (战痕累累),P250 | 重构,军规级,战痕累累,0.60
P250 | 重构 (略有磨损),P250 | 重构,军规级,略有磨损,2.05
AUG（StatTrak™） | 湖怪鸟 (崭新出厂),AUG（StatTrak™） | 湖怪鸟,保密,崭新出厂,106.11
AUG（StatTrak™） | 湖怪鸟 (久经沙场),AUG（StatTrak™） | 湖怪鸟,保密,久经沙场,17.20
AUG（StatTrak™） | 湖怪鸟 (破损不堪),AUG（StatTrak™） | 湖怪鸟,保密,破损不堪,19.70
AUG（StatTrak™） | 湖怪鸟 (战痕累累),AUG（StatTrak™） | 湖怪鸟,保密,战痕累累,21.67
AUG（StatTrak™） | 湖怪鸟 (略有磨损),AUG（StatTrak™） | 湖怪鸟,保密,略有磨损,39.90
沙漠之鹰 | 日落风暴 壱 (崭新出厂),沙漠之鹰 | 日落风暴 壱,受限,崭新出厂,2143.00
沙漠之鹰 | 日落风暴 壱 (久经沙场),沙漠之鹰 | 日落风暴 壱,受限,久经沙场,1936.28
沙漠之鹰 | 日落风暴 壱 (破损不堪),沙漠之鹰 | 日落风暴 壱,受限,破损不堪,
沙漠之鹰 | 日落风暴 壱 (战痕累累),沙漠之鹰 | 日落风暴 壱,受限,战痕累累,
沙漠之鹰 | 日落风暴 壱 (略有磨损),沙漠之鹰 | 日落风暴 壱,受限,略有磨损,2200.00
Tec-9（StatTrak™） | 碎蛋白石 (崭新出厂),Tec-9（StatTrak™） | 碎蛋白石,军规级,崭新出厂,12.00
Tec-9（StatTrak™） | 碎蛋白石 (久经沙场),Tec-9（StatTrak™） | 碎蛋白石,军规级,久经沙场,1.20
Tec-9（StatTrak™） | 碎蛋白石 (破损不堪),Tec-9（StatTrak™） | 碎蛋白石,军规级,破损不堪,0.96
Tec-9（StatTrak™） | 碎蛋白石 (战痕累累),Tec-9（StatTrak™） | 碎蛋白石,军规级,战痕累累,0.77
Tec-9（StatTrak™） | 碎蛋白石 (略有磨损),Tec-9（StatTrak™） | 碎蛋白石,军规级,略有磨损,2.11
XM1014 | 西装革履 (崭新出厂),XM1014 | 西装革履,受限,崭新出厂,11.97
XM1014 | 西装革履 (久经沙场),XM1014 | 西装革履,受限,久经沙场,3.25
XM1014 | 西装革履 (破损不堪),XM1014 | 西装革履,受限,破损不堪,3.60
XM1014 | 西装革履 (战痕累累),XM1014 | 西装革履,受限,战痕累累,2.04
XM1014 | 西装革履 (略有磨损),XM1014 | 西装革履,受限,略有磨损,4.51
法玛斯 | 对比涂装 (崭新出厂),法玛斯 | 对比涂装,消费级,崭新出厂,180.00
法玛斯 | 对比涂装 (久经沙场),法玛斯 | 对比涂装,消费级,久经沙场,18.00
法玛斯 | 对比涂装 (破损不堪),法玛斯 | 对比涂装,消费级,破损不堪,18.00
法玛斯 | 对比涂装 (战痕累累),法玛斯 | 对比涂装,消费级,战痕累累,
法玛斯 | 对比涂装 (略有磨损),法玛斯 | 对比涂装,消费级,略有磨损,40.90
刺刀（★） | 表面淬火 (崭新出厂),刺刀（★） | 表面淬火,隐秘,崭新出厂,
刺刀（★） | 表面淬火 (久经沙场),刺刀（★） | 表面淬火,隐秘,久经沙场,3024.00
刺刀（★） | 表面淬火 (破损不堪),刺刀（★） | 表面淬火,隐秘,破损不堪,2888.00
刺刀（★） | 表面淬火 (战痕累累),刺刀（★） | 表面淬火,隐秘,战痕累累,2600.00
刺刀（★） | 表面淬火 (略有磨损),刺刀（★） | 表面淬火,隐秘,略有磨损,3550.00
沙漠之鹰 | 沙漠之狐 (崭新出厂),沙漠之鹰 | 沙漠之狐,保密,崭新出厂,3330.00
沙漠之鹰 | 沙漠之狐 (久经沙场),沙漠之鹰 | 沙漠之狐,保密,久经沙场,2237.00
沙漠之鹰 | 沙漠之狐 (破损不堪),沙漠之鹰 | 沙漠之狐,保密,破损不堪,
沙漠之鹰 | 沙漠之狐 (战痕累累),沙漠之鹰 | 沙漠之狐,保密,战痕累累,3499.00
沙漠之鹰 | 沙漠之狐 (略有磨损),沙漠之鹰 | 沙漠之狐,保密,略有磨损,2670.00
MAG-7 | 炽热 (崭新出厂),MAG-7 | 炽热,受限,崭新出厂,17.40
MAG-7 | 炽热 (久经沙场),MAG-7 | 炽热,受限,久经沙场,2.31
MAG-7 | 炽热 (破损不堪),MAG-7 | 炽热,受限,破损不堪,2.07
MAG-7 | 炽热 (战痕累累),MAG-7 | 炽热,受限,战痕累累,2.01
MAG-7 | 炽热 (略有磨损),MAG-7 | 炽热,受限,略有磨损,5.47
FN57（纪念品） | 冷却剂 (崭新出厂),FN57（纪念品） | 冷却剂,消费级,崭新出厂,3.80
FN57（纪念品） | 冷却剂 (久经沙场),FN57（纪念品） | 冷却剂,消费级,久经沙场,0.49
FN57（纪念品） | 冷却剂 (破损不堪),FN57（纪念品） | 冷却剂,消费级,破损不堪,1.92
FN57（纪念品） | 冷却剂 (战痕累累),FN57（纪念品） | 冷却剂,消费级,战痕累累,2.88
FN57（纪念品） | 冷却剂 (略有磨损),FN57（纪念品） | 冷却剂,消费级,略有磨损,2.45
M9 刺刀（★） | 都市伪装 (崭新出厂),M9 刺刀（★） | 都市伪装,隐秘,崭新出厂,5450.00
M9 刺刀（★） | 都市伪装 (久经沙场),M9 刺刀（★） | 都市伪装,隐秘,久经沙场,3122.00
M9 刺刀（★） | 都市伪装 (破损不堪),M9 刺刀（★） | 都市伪装,隐秘,破损不堪,3095.90
M9 刺刀（★） | 都市伪装 (战痕累累),M9 刺刀（★） | 都市伪装,隐秘,战痕累累,3700.00
M9 刺刀（★） | 都市伪装 (略有磨损),M9 刺刀（★） | 都市伪装,隐秘,略有磨损,3599.99
P250（纪念品） | 北方森林 (崭新出厂),P250（纪念品） | 北方森林,消费级,崭新出厂,
P250（纪念品） | 北方森林 (久经沙场),P250（纪念品） | 北方森林,消费级,久经沙场,199.75
P250（纪念品） | 北方森林 (破损不堪),P250（纪念品） | 北方森林,消费级,破损不堪,
P250（纪念品） | 北方森林 (战痕累累),P250（纪念品） | 北方森林,消费级,战痕累累,
P250（纪念品） | 北方森林 (略有磨损),P250（纪念品） | 北方森林,消费级,略有磨损,2800.00
M4A4 | 齿仙 (崭新出厂),M4A4 | 齿仙,保密,崭新出厂,67.78
M4A4 | 齿仙 (久经沙场),M4A4 | 齿仙,保密,久经沙场,24.70
M4A4 | 齿仙 (破损不堪),M4A4 | 齿仙,保密,破损不堪,24.10
M4A4 | 齿仙 (战痕累累),M4A4 | 齿仙,保密,战痕累累,20.00
M4A4 | 齿仙 (略有磨损),M4A4 | 齿仙,保密,略有磨损,45.00
XM1014（StatTrak™） | 剧毒水银 (崭新出厂),XM1014（StatTrak™） | 剧毒水银,军规级,崭新出厂,8.77
XM1014（StatTrak™） | 剧毒水银 (久经沙场),XM1014（StatTrak™） | 剧毒水银,军规级,久经沙场,3.85
XM1014（StatTrak™） | 剧毒水银 (破损不堪),XM1014（StatTrak™） | 剧毒水银,军规级,破损不堪,3.74
XM1014（StatTrak™） | 剧毒水银 (战痕累累),XM1014（StatTrak™） | 剧毒水银,军规级,战痕累累,7.50
XM1014（StatTrak™） | 剧毒水银 (略有磨损),XM1014（StatTrak™） | 剧毒水银,军规级,略有磨损,5.08
锯齿爪刀（★ StatTrak™） | 大马士革钢 (崭新出厂),锯齿爪刀（★ StatTrak™） | 大马士革钢,隐秘,崭新出厂,3895.10
锯齿爪刀（★ StatTrak™） | 大马士革钢 (久经沙场),锯齿爪刀（★ StatTrak™） | 大马士革钢,隐秘,久经沙场,3094.90
锯齿爪刀（★ StatTrak™） | 大马士革钢 (破损不堪),锯齿爪刀（★ StatTrak™） | 大马士革钢,隐秘,破损不堪,3888.88
锯齿爪刀（★ StatTrak™） | 大马士革钢 (战痕累累),锯齿爪刀（★ StatTrak™） | 大马士革钢,隐秘,战痕累累,
锯齿爪刀（★ StatTrak™） | 大马士革钢 (略有磨损),锯齿爪刀（★ StatTrak™） | 大马士革钢,隐秘,略有磨损,3300.00
沙漠之鹰（纪念品） | 手上加农炮 (崭新出厂),沙漠之鹰（纪念品） | 手上加农炮,受限,崭新出厂,
沙漠之鹰（纪念品） | 手上加农炮 (久经沙场),沙漠之鹰（纪念品） | 手上加农炮,受限,久经沙场,2288.00
沙漠之鹰（纪念品） | 手上加农炮 (破损不堪),沙漠之鹰（纪念品） | 手上加农炮,受限,破损不堪,
沙漠之鹰（纪念品） | 手上加农炮 (战痕累累),沙漠之鹰（纪念品） | 手上加农炮,受限,战痕累累,2500.00
沙漠之鹰（纪念品） | 手上加农炮 (略有磨损),沙漠之鹰（纪念品） | 手上加农炮,受限,略有磨损,2986.01
P2000（StatTrak™） | 海洋 (崭新出厂),P2000（StatTrak™） | 海洋,军规级,崭新出厂,4.80
P2000（StatTrak™） | 海洋 (久经沙场),P2000（StatTrak™） | 海洋,军规级,久经沙场,1.48
P2000（StatTrak™） | 海洋 (破损不堪),P2000（StatTrak™） | 海洋,军规级,破损不堪,3.75
P2000（StatTrak™） | 海洋 (战痕累累),P2000（StatTrak™） | 海洋,军规级,战痕累累,0.99
P2000（StatTrak™） | 海洋 (略有磨损),P2000（StatTrak™） | 海洋,军规级,略有磨损,2.45
截短霰弹枪 | 启示录 (崭新出厂),截短霰弹枪 | 启示录,受限,崭新出厂,14.40
截短霰弹枪 | 启示录 (久经沙场),截短霰弹枪 | 启示录,受限,久经沙场,3.14
截短霰弹枪 | 启示录 (破损不堪),截短霰弹枪 | 启示录,受限,破损不堪,3.74
截短霰弹枪 | 启示录 (战痕累累),截短霰弹枪 | 启示录,受限,战痕累累,3.20
截短霰弹枪 | 启示录 (略有磨损),截短霰弹枪 | 启示录,受限,略有磨损,5.28
加利尔 AR（StatTrak™） | 冷石 (崭新出厂),加利尔 AR（StatTrak™） | 冷石,受限,崭新出厂,144.21
加利尔 AR（StatTrak™） | 冷石 (久经沙场),加利尔 AR（StatTrak™） | 冷石,受限,久经沙场,20.00
加利尔 AR（StatTrak™） | 冷石 (破损不堪),加利尔 AR（StatTrak™） | 冷石,受限,破损不堪,18.50
加利尔 AR（StatTrak™） | 冷石 (战痕累累),加利尔 AR（StatTrak™） | 冷石,受限,战痕累累,17.13
加利尔 AR（StatTrak™） | 冷石 (略有磨损),加利尔 AR（StatTrak™） | 冷石,受限,略有磨损,42.97
骷髅匕首（★） | 夜色 (崭新出厂),骷髅匕首（★） | 夜色,隐秘,崭新出厂,6400.00
骷髅匕首（★） | 夜色 (久经沙场),骷髅匕首（★） | 夜色,隐秘,久经沙场,3100.00
骷髅匕首（★） | 夜色 (破损不堪),骷髅匕首（★） | 夜色,隐秘,破损不堪,2860.00
骷髅匕首（★） | 夜色 (战痕累累),骷髅匕首（★） | 夜色,隐秘,战痕累累,2699.00
骷髅匕首（★） | 夜色 (略有磨损),骷髅匕首（★） | 夜色,隐秘,略有磨损,3592.00
法玛斯 | 电子脉冲 (崭新出厂),法玛斯 | 电子脉冲,受限,崭新出厂,44.99
法玛斯 | 电子脉冲 (久经沙场),法玛斯 | 电子脉冲,受限,久经沙场,39.00
法玛斯 | 电子脉冲 (破损不堪),法玛斯 | 电子脉冲,受限,破损不堪,
法玛斯 | 电子脉冲 (略有磨损),法玛斯 | 电子脉冲,受限,略有磨损,37.81
沙漠之鹰 | 科林斯遗产 (崭新出厂),沙漠之鹰 | 科林斯遗产,军规级,崭新出厂,5.12
沙漠之鹰 | 科林斯遗产 (久经沙场),沙漠之鹰 | 科林斯遗产,军规级,久经沙场,1.42
沙漠之鹰 | 科林斯遗产 (破损不堪),沙漠之鹰 | 科林斯遗产,军规级,破损不堪,3.85
沙漠之鹰 | 科林斯遗产 (略有磨损),沙漠之鹰 | 科林斯遗产,军规级,略有磨损,2.43
P2000（StatTrak™） | 海之泡沫 (崭新出厂),P2000（StatTrak™） | 海之泡沫,保密,崭新出厂,2366.63
P2000（StatTrak™） | 海之泡沫 (略有磨损),P2000（StatTrak™） | 海之泡沫,保密,略有磨损,3500.00
系绳匕首（★） | 深红之网 (崭新出厂),系绳匕首（★） | 深红之网,隐秘,崭新出厂,
系绳匕首（★） | 深红之网 (久经沙场),系绳匕首（★） | 深红之网,隐秘,久经沙场,2111.99
系绳匕首（★） | 深红之网 (破损不堪),系绳匕首（★） | 深红之网,隐秘,破损不堪,1991.01
系绳匕首（★） | 深红之网 (战痕累累),系绳匕首（★） | 深红之网,隐秘,战痕累累,1520.00
系绳匕首（★） | 深红之网 (略有磨损),系绳匕首（★） | 深红之网,隐秘,略有磨损,3860.00
新星（纪念品） | 极地网格 (崭新出厂),新星（纪念品） | 极地网格,消费级,崭新出厂,86.00
新星（纪念品） | 极地网格 (久经沙场),新星（纪念品） | 极地网格,消费级,久经沙场,1.51
新星（纪念品） | 极地网格 (破损不堪),新星（纪念品） | 极地网格,消费级,破损不堪,3.80
新星（纪念品） | 极地网格 (战痕累累),新星（纪念品） | 极地网格,消费级,战痕累累,1.78
新星（纪念品） | 极地网格 (略有磨损),新星（纪念品） | 极地网格,消费级,略有磨损,5.03
R8 左轮手枪（纪念品） | 氮化处理 (崭新出厂),R8 左轮手枪（纪念品） | 氮化处理,工业级,崭新出厂,90.00
R8 左轮手枪（纪念品） | 氮化处理 (久经沙场),R8 左轮手枪（纪念品） | 氮化处理,工业级,久经沙场,0.89
R8 左轮手枪（纪念品） | 氮化处理 (破损不堪),R8 左轮手枪（纪念品） | 氮化处理,工业级,破损不堪,1.77
R8 左轮手枪（纪念品） | 氮化处理 (战痕累累),R8 左轮手枪（纪念品） | 氮化处理,工业级,战痕累累,1.48
R8 左轮手枪（纪念品） | 氮化处理 (略有磨损),R8 左轮手枪（纪念品） | 氮化处理,工业级,略有磨损,2.64
法玛斯（StatTrak™） | 元素轮廓 (崭新出厂),法玛斯（StatTrak™） | 元素轮廓,受限,崭新出厂,110.00
法玛斯（StatTrak™） | 元素轮廓 (久经沙场),法玛斯（StatTrak™） | 元素轮廓,受限,久经沙场,23.37
法玛斯（StatTrak™） | 元素轮廓 (破损不堪),法玛斯（StatTrak™） | 元素轮廓,受限,破损不堪,76.00
法玛斯（StatTrak™） | 元素轮廓 (战痕累累),法玛斯（StatTrak™） | 元素轮廓,受限,战痕累累,23.00
法玛斯（StatTrak™） | 元素轮廓 (略有磨损),法玛斯（StatTrak™） | 元素轮廓,受限,略有磨损,44.00
沙漠之鹰 | 炽烈之炎 (崭新出厂),沙漠之鹰 | 炽烈之炎,受限,崭新出厂,5284.99
沙漠之鹰 | 炽烈之炎 (略有磨损),沙漠之鹰 | 炽烈之炎,受限,略有磨损,5541.89
M9 刺刀（★） | 北方森林 (崭新出厂),M9 刺刀（★） | 北方森林,隐秘,崭新出厂,
M9 刺刀（★） | 北方森林 (久经沙场),M9 刺刀（★） | 北方森林,隐秘,久经沙场,3114.00
M9 刺刀（★） | 北方森林 (破损不堪),M9 刺刀（★） | 北方森林,隐秘,破损不堪,3099.00
M9 刺刀（★） | 北方森林 (战痕累累),M9 刺刀（★） | 北方森林,隐秘,战痕累累,3150.00
M9 刺刀（★） | 北方森林 (略有磨损),M9 刺刀（★） | 北方森林,隐秘,略有磨损,3600.00
Tec-9 | 冰冠 (崭新出厂),Tec-9 | 冰冠,军规级,崭新出厂,4.31
Tec-9 | 冰冠 (久经沙场),Tec-9 | 冰冠,军规级,久经沙场,0.74
Tec-9 | 冰冠 (破损不堪),Tec-9 | 冰冠,军规级,破损不堪,1.01
Tec-9 | 冰冠 (战痕累累),Tec-9 | 冰冠,军规级,战痕累累,1.29
Tec-9 | 冰冠 (略有磨损),Tec-9 | 冰冠,军规级,略有磨损,2.19
M4A4 | 战场之星 (崭新出厂),M4A4 | 战场之星,隐秘,崭新出厂,107.84
M4A4 | 战场之星 (久经沙场),M4A4 | 战场之星,隐秘,久经沙场,29.44
M4A4 | 战场之星 (破损不堪),M4A4 | 战场之星,隐秘,破损不堪,43.91
M4A4 | 战场之星 (战痕累累),M4A4 | 战场之星,隐秘,战痕累累,66.54
M4A4 | 战场之星 (略有磨损),M4A4 | 战场之星,隐秘,略有磨损,45.48
M249（StatTrak™） | 等高线 (崭新出厂),M249（StatTrak™） | 等高线,军规级,崭新出厂,22.67
M249（StatTrak™） | 等高线 (久经沙场),M249（StatTrak™） | 等高线,军规级,久经沙场,4.10
M249（StatTrak™） | 等高线 (破损不堪),M249（StatTrak™） | 等高线,军规级,破损不堪,2.76
M249（StatTrak™） | 等高线 (战痕累累),M249（StatTrak™） | 等高线,军规级,战痕累累,2.66
M249（StatTrak™） | 等高线 (略有磨损),M249（StatTrak™） | 等高线,军规级,略有磨损,6.00
沙漠之鹰（纪念品） | 泥地杀手 (久经沙场),沙漠之鹰（纪念品） | 泥地杀手,工业级,久经沙场,777.94
沙漠之鹰（纪念品） | 泥地杀手 (破损不堪),沙漠之鹰（纪念品） | 泥地杀手,工业级,破损不堪,
沙漠之鹰（纪念品） | 泥地杀手 (战痕累累),沙漠之鹰（纪念品） | 泥地杀手,工业级,战痕累累,
沙漠之鹰（纪念品） | 泥地杀手 (略有磨损),沙漠之鹰（纪念品） | 泥地杀手,工业级,略有磨损,19999.99
猎杀者匕首（★） | 伽玛多普勒 (崭新出厂),猎杀者匕首（★） | 伽玛多普勒,隐秘,崭新出厂,3555.00
猎杀者匕首（★） | 伽玛多普勒 (略有磨损),猎杀者匕首（★） | 伽玛多普勒,隐秘,略有磨损,
P250（StatTrak™） | 卡带 (崭新出厂),P250（StatTrak™） | 卡带,军规级,崭新出厂,4.00
P250（StatTrak™） | 卡带 (久经沙场),P250（StatTrak™） | 卡带,军规级,久经沙场,1.30
P250（StatTrak™） | 卡带 (破损不堪),P250（StatTrak™） | 卡带,军规级,破损不堪,1.43
P250（StatTrak™） | 卡带 (战痕累累),P250（StatTrak™） | 卡带,军规级,战痕累累,1.10
P250（StatTrak™） | 卡带 (略有磨损),P250（StatTrak™） | 卡带,军规级,略有磨损,1.96
SSG 08（纪念品） | 迂回路线 (崭新出厂),SSG 08（纪念品） | 迂回路线,军规级,崭新出厂,65.98
SSG 08（纪念品） | 迂回路线 (久经沙场),SSG 08（纪念品） | 迂回路线,军规级,久经沙场,23.00
SSG 08（纪念品） | 迂回路线 (破损不堪),SSG 08（纪念品） | 迂回路线,军规级,破损不堪,34.55
SSG 08（纪念品） | 迂回路线 (略有磨损),SSG 08（纪念品） | 迂回路线,军规级,略有磨损,49.98
P2000（纪念品） | 豹纹迷彩 (崭新出厂),P2000（纪念品） | 豹纹迷彩,工业级,崭新出厂,3.75
P2000（纪念品） | 豹纹迷彩 (久经沙场),P2000（纪念品） | 豹纹迷彩,工业级,久经沙场,0.78
P2000（纪念品） | 豹纹迷彩 (破损不堪),P2000（纪念品） | 豹纹迷彩,工业级,破损不堪,1.47
P2000（纪念品） | 豹纹迷彩 (战痕累累),P2000（纪念品） | 豹纹迷彩,工业级,战痕累累,7.00
P2000（纪念品） | 豹纹迷彩 (略有磨损),P2000（纪念品） | 豹纹迷彩,工业级,略有磨损,1.00
MAC-10（纪念品） | 赭色大马士革 (崭新出厂),MAC-10（纪念品） | 赭色大马士革,消费级,崭新出厂,0.12
MAC-10（纪念品） | 赭色大马士革 (久经沙场),MAC-10（纪念品） | 赭色大马士革,消费级,久经沙场,0.06
MAC-10（纪念品） | 赭色大马士革 (破损不堪),MAC-10（纪念品） | 赭色大马士革,消费级,破损不堪,0.06
MAC-10（纪念品） | 赭色大马士革 (战痕累累),MAC-10（纪念品） | 赭色大马士革,消费级,战痕累累,0.07
MAC-10（纪念品） | 赭色大马士革 (略有磨损),MAC-10（纪念品） | 赭色大马士革,消费级,略有磨损,0.06
G3SG1 | 丰饶女神 (崭新出厂),G3SG1 | 丰饶女神,军规级,崭新出厂,100.00
G3SG1 | 丰饶女神 (久经沙场),G3SG1 | 丰饶女神,军规级,久经沙场,49.49
G3SG1 | 丰饶女神 (破损不堪),G3SG1 | 丰饶女神,军规级,破损不堪,
G3SG1 | 丰饶女神 (战痕累累),G3SG1 | 丰饶女神,军规级,战痕累累,43.00
G3SG1 | 丰饶女神 (略有磨损),G3SG1 | 丰饶女神,军规级,略有磨损,44.77
MAG-7 | 石雕 (崭新出厂),MAG-7 | 石雕,受限,崭新出厂,10.78
MAG-7 | 石雕 (久经沙场),MAG-7 | 石雕,受限,久经沙场,2.79
MAG-7 | 石雕 (破损不堪),MAG-7 | 石雕,受限,破损不堪,2.79
MAG-7 | 石雕 (略有磨损),MAG-7 | 石雕,受限,略有磨损,5.16
双持贝瑞塔 | 卡特尔 (崭新出厂),双持贝瑞塔 | 卡特尔,军规级,崭新出厂,8.68
双持贝瑞塔 | 卡特尔 (久经沙场),双持贝瑞塔 | 卡特尔,军规级,久经沙场,2.90
双持贝瑞塔 | 卡特尔 (破损不堪),双持贝瑞塔 | 卡特尔,军规级,破损不堪,2.92
双持贝瑞塔 | 卡特尔 (战痕累累),双持贝瑞塔 | 卡特尔,军规级,战痕累累,2.27
双持贝瑞塔 | 卡特尔 (略有磨损),双持贝瑞塔 | 卡特尔,军规级,略有磨损,3.32
法玛斯 | 雅典娜之眼 (崭新出厂),法玛斯 | 雅典娜之眼,保密,崭新出厂,97.50
法玛斯 | 雅典娜之眼 (久经沙场),法玛斯 | 雅典娜之眼,保密,久经沙场,26.71
法玛斯 | 雅典娜之眼 (破损不堪),法玛斯 | 雅典娜之眼,保密,破损不堪,27.88
法玛斯 | 雅典娜之眼 (战痕累累),法玛斯 | 雅典娜之眼,保密,战痕累累,22.90
法玛斯 | 雅典娜之眼 (略有磨损),法玛斯 | 雅典娜之眼,保密,略有磨损,43.68
MP7（纪念品） | 掠夺者 (崭新出厂),MP7（纪念品） | 掠夺者,消费级,崭新出厂,0.21
MP7（纪念品） | 掠夺者 (久经沙场),MP7（纪念品） | 掠夺者,消费级,久经沙场,0.10
MP7（纪念品） | 掠夺者 (破损不堪),MP7（纪念品） | 掠夺者,消费级,破损不堪,0.10
MP7（纪念品） | 掠夺者 (战痕累累),MP7（纪念品） | 掠夺者,消费级,战痕累累,0.34
MP7（纪念品） | 掠夺者 (略有磨损),MP7（纪念品） | 掠夺者,消费级,略有磨损,0.09
爪子刀（★） | 狩猎网格 (崭新出厂),爪子刀（★） | 狩猎网格,隐秘,崭新出厂,
爪子刀（★） | 狩猎网格 (久经沙场),爪子刀（★） | 狩猎网格,隐秘,久经沙场,3440.00
爪子刀（★） | 狩猎网格 (破损不堪),爪子刀（★） | 狩猎网格,隐秘,破损不堪,3486.00
爪子刀（★） | 狩猎网格 (战痕累累),爪子刀（★） | 狩猎网格,隐秘,战痕累累,3400.00
爪子刀（★） | 狩猎网格 (略有磨损),爪子刀（★） | 狩猎网格,隐秘,略有磨损,3699.00
MAG-7（StatTrak™） | 天空守卫 (崭新出厂),MAG-7（StatTrak™） | 天空守卫,军规级,崭新出厂,7.56
MAG-7（StatTrak™） | 天空守卫 (久经沙场),MAG-7（StatTrak™） | 天空守卫,军规级,久经沙场,4.20
MAG-7（StatTrak™） | 天空守卫 (破损不堪),MAG-7（StatTrak™） | 天空守卫,军规级,破损不堪,21.05
MAG-7（StatTrak™） | 天空守卫 (略有磨损),MAG-7（StatTrak™） | 天空守卫,军规级,略有磨损,4.31
R8 左轮手枪 | 噩梦之夜 (崭新出厂),R8 左轮手枪 | 噩梦之夜,消费级,崭新出厂,29.58
R8 左轮手枪 | 噩梦之夜 (久经沙场),R8 左轮手枪 | 噩梦之夜,消费级,久经沙场,2.39
R8 左轮手枪 | 噩梦之夜 (破损不堪),R8 左轮手枪 | 噩梦之夜,消费级,破损不堪,2.30
R8 左轮手枪 | 噩梦之夜 (战痕累累),R8 左轮手枪 | 噩梦之夜,消费级,战痕累累,2.00
R8 左轮手枪 | 噩梦之夜 (略有磨损),R8 左轮手枪 | 噩梦之夜,消费级,略有磨损,2.80
PP-野牛（纪念品） | 安乐蜥 (崭新出厂),PP-野牛（纪念品） | 安乐蜥,消费级,崭新出厂,0.13
PP-野牛（纪念品） | 安乐蜥 (久经沙场),PP-野牛（纪念品） | 安乐蜥,消费级,久经沙场,0.06
PP-野牛（纪念品） | 安乐蜥 (破损不堪),PP-野牛（纪念品） | 安乐蜥,消费级,破损不堪,0.06
PP-野牛（纪念品） | 安乐蜥 (战痕累累),PP-野牛（纪念品） | 安乐蜥,消费级,战痕累累,0.10
PP-野牛（纪念品） | 安乐蜥 (略有磨损),PP-野牛（纪念品） | 安乐蜥,消费级,略有磨损,0.09
SSG 08（StatTrak™） | 抖枪 (崭新出厂),SSG 08（StatTrak™） | 抖枪,受限,崭新出厂,144.21
SSG 08（StatTrak™） | 抖枪 (久经沙场),SSG 08（StatTrak™） | 抖枪,受限,久经沙场,19.96
SSG 08（StatTrak™） | 抖枪 (破损不堪),SSG 08（StatTrak™） | 抖枪,受限,破损不堪,16.00
SSG 08（StatTrak™） | 抖枪 (战痕累累),SSG 08（StatTrak™） | 抖枪,受限,战痕累累,15.54
SSG 08（StatTrak™） | 抖枪 (略有磨损),SSG 08（StatTrak™） | 抖枪,受限,略有磨损,45.95
熊刀（★） | 多普勒 (崭新出厂),熊刀（★） | 多普勒,隐秘,崭新出厂,4499.00
熊刀（★） | 多普勒 (略有磨损),熊刀（★） | 多普勒,隐秘,略有磨损,
M249 | 战隼 (崭新出厂),M249 | 战隼,军规级,崭新出厂,19.98
M249 | 战隼 (久经沙场),M249 | 战隼,军规级,久经沙场,7.81
M249 | 战隼 (破损不堪),M249 | 战隼,军规级,破损不堪,7.64
M249 | 战隼 (战痕累累),M249 | 战隼,军规级,战痕累累,5.00
M249 | 战隼 (略有磨损),M249 | 战隼,军规级,略有磨损,6.84
CZ75 | 世仇 (崭新出厂),CZ75 | 世仇,军规级,崭新出厂,7.17
CZ75 | 世仇 (久经沙场),CZ75 | 世仇,军规级,久经沙场,3.90
CZ75 | 世仇 (破损不堪),CZ75 | 世仇,军规级,破损不堪,2.41
CZ75 | 世仇 (战痕累累),CZ75 | 世仇,军规级,战痕累累,2.00
CZ75 | 世仇 (略有磨损),CZ75 | 世仇,军规级,略有磨损,3.00
P90 | 沙漠涂装 (崭新出厂),P90 | 沙漠涂装,消费级,崭新出厂,1.20
P90 | 沙漠涂装 (久经沙场),P90 | 沙漠涂装,消费级,久经沙场,0.13
P90 | 沙漠涂装 (破损不堪),P90 | 沙漠涂装,消费级,破损不堪,0.31
P90 | 沙漠涂装 (战痕累累),P90 | 沙漠涂装,消费级,战痕累累,0.12
P90 | 沙漠涂装 (略有磨损),P90 | 沙漠涂装,消费级,略有磨损,0.24
P90（纪念品） | 沙漠 DDPAT (崭新出厂),P90（纪念品） | 沙漠 DDPAT,消费级,崭新出厂,0.38
P90（纪念品） | 沙漠 DDPAT (久经沙场),P90（纪念品） | 沙漠 DDPAT,消费级,久经沙场,0.08
P90（纪念品） | 沙漠 DDPAT (破损不堪),P90（纪念品） | 沙漠 DDPAT,消费级,破损不堪,0.10
P90（纪念品） | 沙漠 DDPAT (战痕累累),P90（纪念品） | 沙漠 DDPAT,消费级,战痕累累,0.42
P90（纪念品） | 沙漠 DDPAT (略有磨损),P90（纪念品） | 沙漠 DDPAT,消费级,略有磨损,0.13
流浪者匕首（★ StatTrak™） | 屠夫 (崭新出厂),流浪者匕首（★ StatTrak™） | 屠夫,隐秘,崭新出厂,4360.00
流浪者匕首（★ StatTrak™） | 屠夫 (久经沙场),流浪者匕首（★ StatTrak™） | 屠夫,隐秘,久经沙场,
流浪者匕首（★ StatTrak™） | 屠夫 (略有磨损),流浪者匕首（★ StatTrak™） | 屠夫,隐秘,略有磨损,3760.00
MAG-7 | 北冥有鱼 (崭新出厂),MAG-7 | 北冥有鱼,受限,崭新出厂,13.25
MAG-7 | 北冥有鱼 (久经沙场),MAG-7 | 北冥有鱼,受限,久经沙场,3.27
MAG-7 | 北冥有鱼 (破损不堪),MAG-7 | 北冥有鱼,受限,破损不堪,2.84
MAG-7 | 北冥有鱼 (战痕累累),MAG-7 | 北冥有鱼,受限,战痕累累,2.46
MAG-7 | 北冥有鱼 (略有磨损),MAG-7 | 北冥有鱼,受限,略有磨损,5.35
AK-47 | 幻影破坏者 (崭新出厂),AK-47 | 幻影破坏者,保密,崭新出厂,67.76
AK-47 | 幻影破坏者 (久经沙场),AK-47 | 幻影破坏者,保密,久经沙场,30.24
AK-47 | 幻影破坏者 (破损不堪),AK-47 | 幻影破坏者,保密,破损不堪,39.90
AK-47 | 幻影破坏者 (战痕累累),AK-47 | 幻影破坏者,保密,战痕累累,32.40
AK-47 | 幻影破坏者 (略有磨损),AK-47 | 幻影破坏者,保密,略有磨损,44.80
CZ75（StatTrak™） | 聚合物 (崭新出厂),CZ75（StatTrak™） | 聚合物,军规级,崭新出厂,6.19
CZ75（StatTrak™） | 聚合物 (久经沙场),CZ75（StatTrak™） | 聚合物,军规级,久经沙场,1.61
CZ75（StatTrak™） | 聚合物 (破损不堪),CZ75（StatTrak™） | 聚合物,军规级,破损不堪,2.20
CZ75（StatTrak™） | 聚合物 (战痕累累),CZ75（StatTrak™） | 聚合物,军规级,战痕累累,1.94
CZ75（StatTrak™） | 聚合物 (略有磨损),CZ75（StatTrak™） | 聚合物,军规级,略有磨损,3.87
MP7（纪念品） | 赤地 (崭新出厂),MP7（纪念品） | 赤地,消费级,崭新出厂,1.99
MP7（纪念品） | 赤地 (久经沙场),MP7（纪念品） | 赤地,消费级,久经沙场,0.09
MP7（纪念品） | 赤地 (破损不堪),MP7（纪念品） | 赤地,消费级,破损不堪,0.09
MP7（纪念品） | 赤地 (战痕累累),MP7（纪念品） | 赤地,消费级,战痕累累,0.21
MP7（纪念品） | 赤地 (略有磨损),MP7（纪念品） | 赤地,消费级,略有磨损,0.18
刺刀（★ StatTrak™） | 表面淬火 (崭新出厂),刺刀（★ StatTrak™） | 表面淬火,隐秘,崭新出厂,
刺刀（★ StatTrak™） | 表面淬火 (久经沙场),刺刀（★ StatTrak™） | 表面淬火,隐秘,久经沙场,
刺刀（★ StatTrak™） | 表面淬火 (破损不堪),刺刀（★ StatTrak™） | 表面淬火,隐秘,破损不堪,
刺刀（★ StatTrak™） | 表面淬火 (战痕累累),刺刀（★ StatTrak™） | 表面淬火,隐秘,战痕累累,8000.00
刺刀（★ StatTrak™） | 表面淬火 (略有磨损),刺刀（★ StatTrak™） | 表面淬火,隐秘,略有磨损,4200.00
P250（纪念品） | 潜藏者 (崭新出厂),P250（纪念品） | 潜藏者,军规级,崭新出厂,4.11
P250（纪念品） | 潜藏者 (久经沙场),P250（纪念品） | 潜藏者,军规级,久经沙场,1.47
P250（纪念品） | 潜藏者 (破损不堪),P250（纪念品） | 潜藏者,军规级,破损不堪,2.13
P250（纪念品） | 潜藏者 (战痕累累),P250（纪念品） | 潜藏者,军规级,战痕累累,13.00
P250（纪念品） | 潜藏者 (略有磨损),P250（纪念品） | 潜藏者,军规级,略有磨损,3.00
截短霰弹枪 | 逮捕者 (崭新出厂),截短霰弹枪 | 逮捕者,军规级,崭新出厂,8.44
截短霰弹枪 | 逮捕者 (久经沙场),截短霰弹枪 | 逮捕者,军规级,久经沙场,4.68
截短霰弹枪 | 逮捕者 (破损不堪),截短霰弹枪 | 逮捕者,军规级,破损不堪,6.43
截短霰弹枪 | 逮捕者 (战痕累累),截短霰弹枪 | 逮捕者,军规级,战痕累累,4.76
截短霰弹枪 | 逮捕者 (略有磨损),截短霰弹枪 | 逮捕者,军规级,略有磨损,5.37
SSG 08 | 速度激情 (崭新出厂),SSG 08 | 速度激情,保密,崭新出厂,103.58
SSG 08 | 速度激情 (久经沙场),SSG 08 | 速度激情,保密,久经沙场,28.61
SSG 08 | 速度激情 (破损不堪),SSG 08 | 速度激情,保密,破损不堪,32.50
SSG 08 | 速度激情 (战痕累累),SSG 08 | 速度激情,保密,战痕累累,24.09
SSG 08 | 速度激情 (略有磨损),SSG 08 | 速度激情,保密,略有磨损,51.80
流浪者匕首（★） | 屠夫 (崭新出厂),流浪者匕首（★） | 屠夫,隐秘,崭新出厂,4288.00
流浪者匕首（★） | 屠夫 (久经沙场),流浪者匕首（★） | 屠夫,隐秘,久经沙场,3599.40
流浪者匕首（★） | 屠夫 (略有磨损),流浪者匕首（★） | 屠夫,隐秘,略有磨损,3799.99
截短霰弹枪 | 聚光灯 (崭新出厂),截短霰弹枪 | 聚光灯,受限,崭新出厂,13.60
截短霰弹枪 | 聚光灯 (久经沙场),截短霰弹枪 | 聚光灯,受限,久经沙场,3.03
截短霰弹枪 | 聚光灯 (破损不堪),截短霰弹枪 | 聚光灯,受限,破损不堪,3.14
截短霰弹枪 | 聚光灯 (战痕累累),截短霰弹枪 | 聚光灯,受限,战痕累累,3.41
截短霰弹枪 | 聚光灯 (略有磨损),截短霰弹枪 | 聚光灯,受限,略有磨损,5.69
P90（纪念品） | 碧绿升藤 (崭新出厂),P90（纪念品） | 碧绿升藤,工业级,崭新出厂,0.40
P90（纪念品） | 碧绿升藤 (久经沙场),P90（纪念品） | 碧绿升藤,工业级,久经沙场,0.07
P90（纪念品） | 碧绿升藤 (破损不堪),P90（纪念品） | 碧绿升藤,工业级,破损不堪,0.46
P90（纪念品） | 碧绿升藤 (战痕累累),P90（纪念品） | 碧绿升藤,工业级,战痕累累,1.70
P90（纪念品） | 碧绿升藤 (略有磨损),P90（纪念品） | 碧绿升藤,工业级,略有磨损,0.08
P250 | 污染物 (崭新出厂),P250 | 污染物,军规级,崭新出厂,5.65
P250 | 污染物 (久经沙场),P250 | 污染物,军规级,久经沙场,2.81
P250 | 污染物 (破损不堪),P250 | 污染物,军规级,破损不堪,2.27
P250 | 污染物 (战痕累累),P250 | 污染物,军规级,战痕累累,2.96
P250 | 污染物 (略有磨损),P250 | 污染物,军规级,略有磨损,3.16
AWP（StatTrak™） | 死神 (崭新出厂),AWP（StatTrak™） | 死神,保密,崭新出厂,130.00
AWP（StatTrak™） | 死神 (久经沙场),AWP（StatTrak™） | 死神,保密,久经沙场,30.60
AWP（StatTrak™） | 死神 (破损不堪),AWP（StatTrak™） | 死神,保密,破损不堪,45.00
AWP（StatTrak™） | 死神 (战痕累累),AWP（StatTrak™） | 死神,保密,战痕累累,39.00
AWP（StatTrak™） | 死神 (略有磨损),AWP（StatTrak™） | 死神,保密,略有磨损,44.90
新星 | 锦鲤 (崭新出厂),新星 | 锦鲤,受限,崭新出厂,11.20
新星 | 锦鲤 (久经沙场),新星 | 锦鲤,受限,久经沙场,4.61
新星 | 锦鲤 (略有磨损),新星 | 锦鲤,受限,略有磨损,6.16
爪子刀（★） | 枯焦之色 (崭新出厂),爪子刀（★） | 枯焦之色,隐秘,崭新出厂,5250.00
爪子刀（★） | 枯焦之色 (久经沙场),爪子刀（★） | 枯焦之色,隐秘,久经沙场,3434.00
爪子刀（★） | 枯焦之色 (破损不堪),爪子刀（★） | 枯焦之色,隐秘,破损不堪,3415.58
爪子刀（★） | 枯焦之色 (战痕累累),爪子刀（★） | 枯焦之色,隐秘,战痕累累,3477.00
爪子刀（★） | 枯焦之色 (略有磨损),爪子刀（★） | 枯焦之色,隐秘,略有磨损,3900.00
MP9 | 沙漠虚线 (崭新出厂),MP9 | 沙漠虚线,消费级,崭新出厂,3.00
MP9 | 沙漠虚线 (久经沙场),MP9 | 沙漠虚线,消费级,久经沙场,0.12
MP9 | 沙漠虚线 (破损不堪),MP9 | 沙漠虚线,消费级,破损不堪,0.11
MP9 | 沙漠虚线 (战痕累累),MP9 | 沙漠虚线,消费级,战痕累累,0.11
MP9 | 沙漠虚线 (略有磨损),MP9 | 沙漠虚线,消费级,略有磨损,0.22
AUG（StatTrak™） | 席德.米德 (崭新出厂),AUG（StatTrak™） | 席德.米德,保密,崭新出厂,125.87
AUG（StatTrak™） | 席德.米德 (久经沙场),AUG（StatTrak™） | 席德.米德,保密,久经沙场,25.53
AUG（StatTrak™） | 席德.米德 (破损不堪),AUG（StatTrak™） | 席德.米德,保密,破损不堪,
AUG（StatTrak™） | 席德.米德 (战痕累累),AUG（StatTrak™） | 席德.米德,保密,战痕累累,23.62
AUG（StatTrak™） | 席德.米德 (略有磨损),AUG（StatTrak™） | 席德.米德,保密,略有磨损,50.00
M9 刺刀（★ StatTrak™） | 北方森林 (久经沙场),M9 刺刀（★ StatTrak™） | 北方森林,隐秘,久经沙场,3100.00
M9 刺刀（★ StatTrak™） | 北方森林 (破损不堪),M9 刺刀（★ StatTrak™） | 北方森林,隐秘,破损不堪,
M9 刺刀（★ StatTrak™） | 北方森林 (战痕累累),M9 刺刀（★ StatTrak™） | 北方森林,隐秘,战痕累累,3300.00
M9 刺刀（★ StatTrak™） | 北方森林 (略有磨损),M9 刺刀（★ StatTrak™） | 北方森林,隐秘,略有磨损,3800.00
PP-野牛 | 沙漠虚线 (崭新出厂),PP-野牛 | 沙漠虚线,消费级,崭新出厂,1.45
PP-野牛 | 沙漠虚线 (久经沙场),PP-野牛 | 沙漠虚线,消费级,久经沙场,0.10
PP-野牛 | 沙漠虚线 (破损不堪),PP-野牛 | 沙漠虚线,消费级,破损不堪,0.12
PP-野牛 | 沙漠虚线 (战痕累累),PP-野牛 | 沙漠虚线,消费级,战痕累累,0.12
PP-野牛 | 沙漠虚线 (略有磨损),PP-野牛 | 沙漠虚线,消费级,略有磨损,0.20
M249（StatTrak™） | 系统锁定 (崭新出厂),M249（StatTrak™） | 系统锁定,军规级,崭新出厂,12.83
M249（StatTrak™） | 系统锁定 (久经沙场),M249（StatTrak™） | 系统锁定,军规级,久经沙场,3.37
M249（StatTrak™） | 系统锁定 (破损不堪),M249（StatTrak™） | 系统锁定,军规级,破损不堪,
M249（StatTrak™） | 系统锁定 (战痕累累),M249（StatTrak™） | 系统锁定,军规级,战痕累累,2.52
M249（StatTrak™） | 系统锁定 (略有磨损),M249（StatTrak™） | 系统锁定,军规级,略有磨损,6.65
双持贝瑞塔 | 龙之双子 (崭新出厂),双持贝瑞塔 | 龙之双子,军规级,崭新出厂,11.78
双持贝瑞塔 | 龙之双子 (久经沙场),双持贝瑞塔 | 龙之双子,军规级,久经沙场,1.70
双持贝瑞塔 | 龙之双子 (破损不堪),双持贝瑞塔 | 龙之双子,军规级,破损不堪,1.67
双持贝瑞塔 | 龙之双子 (战痕累累),双持贝瑞塔 | 龙之双子,军规级,战痕累累,1.97
双持贝瑞塔 | 龙之双子 (略有磨损),双持贝瑞塔 | 龙之双子,军规级,略有磨损,3.07
法玛斯（StatTrak™） | ZX81 彩色 (崭新出厂),法玛斯（StatTrak™） | ZX81 彩色,受限,崭新出厂,197.00
法玛斯（StatTrak™） | ZX81 彩色 (久经沙场),法玛斯（StatTrak™） | ZX81 彩色,受限,久经沙场,24.00
法玛斯（StatTrak™） | ZX81 彩色 (破损不堪),法玛斯（StatTrak™） | ZX81 彩色,受限,破损不堪,19.90
法玛斯（StatTrak™） | ZX81 彩色 (战痕累累),法玛斯（StatTrak™） | ZX81 彩色,受限,战痕累累,24.00
法玛斯（StatTrak™） | ZX81 彩色 (略有磨损),法玛斯（StatTrak™） | ZX81 彩色,受限,略有磨损,48.81
短剑（★） | 屠夫 (崭新出厂),短剑（★） | 屠夫,隐秘,崭新出厂,4314.00
短剑（★） | 屠夫 (久经沙场),短剑（★） | 屠夫,隐秘,久经沙场,3569.99
短剑（★） | 屠夫 (略有磨损),短剑（★） | 屠夫,隐秘,略有磨损,3799.00
P90（纪念品） | 古老星球 (崭新出厂),P90（纪念品） | 古老星球,消费级,崭新出厂,0.35
P90（纪念品） | 古老星球 (久经沙场),P90（纪念品） | 古老星球,消费级,久经沙场,0.08
P90（纪念品） | 古老星球 (破损不堪),P90（纪念品） | 古老星球,消费级,破损不堪,1.57
P90（纪念品） | 古老星球 (战痕累累),P90（纪念品） | 古老星球,消费级,战痕累累,0.73
P90（纪念品） | 古老星球 (略有磨损),P90（纪念品） | 古老星球,消费级,略有磨损,0.14
内格夫（StatTrak™） | 青绿地形 (崭新出厂),内格夫（StatTrak™） | 青绿地形,军规级,崭新出厂,7.41
内格夫（StatTrak™） | 青绿地形 (久经沙场),内格夫（StatTrak™） | 青绿地形,军规级,久经沙场,3.90
内格夫（StatTrak™） | 青绿地形 (破损不堪),内格夫（StatTrak™） | 青绿地形,军规级,破损不堪,3.45
内格夫（StatTrak™） | 青绿地形 (略有磨损),内格夫（StatTrak™） | 青绿地形,军规级,略有磨损,6.52
折叠刀（★ StatTrak™） | 屠夫 (崭新出厂),折叠刀（★ StatTrak™） | 屠夫,隐秘,崭新出厂,3700.00
折叠刀（★ StatTrak™） | 屠夫 (久经沙场),折叠刀（★ StatTrak™） | 屠夫,隐秘,久经沙场,
折叠刀（★ StatTrak™） | 屠夫 (略有磨损),折叠刀（★ StatTrak™） | 屠夫,隐秘,略有磨损,3175.00
CZ75（StatTrak™） | 做旧手艺 (崭新出厂),CZ75（StatTrak™） | 做旧手艺,军规级,崭新出厂,6.60
CZ75（StatTrak™） | 做旧手艺 (久经沙场),CZ75（StatTrak™） | 做旧手艺,军规级,久经沙场,1.45
CZ75（StatTrak™） | 做旧手艺 (破损不堪),CZ75（StatTrak™） | 做旧手艺,军规级,破损不堪,0.68
CZ75（StatTrak™） | 做旧手艺 (战痕累累),CZ75（StatTrak™） | 做旧手艺,军规级,战痕累累,0.79
CZ75（StatTrak™） | 做旧手艺 (略有磨损),CZ75（StatTrak™） | 做旧手艺,军规级,略有磨损,2.04
XM1014 | 特克卢喷射者 (崭新出厂),XM1014 | 特克卢喷射者,受限,崭新出厂,14.69
XM1014 | 特克卢喷射者 (久经沙场),XM1014 | 特克卢喷射者,受限,久经沙场,3.98
XM1014 | 特克卢喷射者 (破损不堪),XM1014 | 特克卢喷射者,受限,破损不堪,5.27
XM1014 | 特克卢喷射者 (战痕累累),XM1014 | 特克卢喷射者,受限,战痕累累,5.43
XM1014 | 特克卢喷射者 (略有磨损),XM1014 | 特克卢喷射者,受限,略有磨损,7.74
AWP（StatTrak™） | 猫猫狗狗 (崭新出厂),AWP（StatTrak™） | 猫猫狗狗,受限,崭新出厂,98.00
AWP（StatTrak™） | 猫猫狗狗 (久经沙场),AWP（StatTrak™） | 猫猫狗狗,受限,久经沙场,26.11
AWP（StatTrak™） | 猫猫狗狗 (破损不堪),AWP（StatTrak™） | 猫猫狗狗,受限,破损不堪,47.90
AWP（StatTrak™） | 猫猫狗狗 (战痕累累),AWP（StatTrak™） | 猫猫狗狗,受限,战痕累累,56.00
AWP（StatTrak™） | 猫猫狗狗 (略有磨损),AWP（StatTrak™） | 猫猫狗狗,受限,略有磨损,51.72
P250 | 金属 DDPAT (崭新出厂),P250 | 金属 DDPAT,工业级,崭新出厂,2.53
P250 | 金属 DDPAT (略有磨损),P250 | 金属 DDPAT,工业级,略有磨损,2.98
MP7 | 陆军斥候 (崭新出厂),MP7 | 陆军斥候,消费级,崭新出厂,0.60
MP7 | 陆军斥候 (久经沙场),MP7 | 陆军斥候,消费级,久经沙场,0.26
MP7 | 陆军斥候 (破损不堪),MP7 | 陆军斥候,消费级,破损不堪,0.12
MP7 | 陆军斥候 (战痕累累),MP7 | 陆军斥候,消费级,战痕累累,0.11
MP7 | 陆军斥候 (略有磨损),MP7 | 陆军斥候,消费级,略有磨损,0.19
锯齿爪刀（★ StatTrak™） | 致命紫罗兰 (久经沙场),锯齿爪刀（★ StatTrak™） | 致命紫罗兰,隐秘,久经沙场,3000.00
锯齿爪刀（★ StatTrak™） | 致命紫罗兰 (破损不堪),锯齿爪刀（★ StatTrak™） | 致命紫罗兰,隐秘,破损不堪,
锯齿爪刀（★ StatTrak™） | 致命紫罗兰 (战痕累累),锯齿爪刀（★ StatTrak™） | 致命紫罗兰,隐秘,战痕累累,
锯齿爪刀（★ StatTrak™） | 致命紫罗兰 (略有磨损),锯齿爪刀（★ StatTrak™） | 致命紫罗兰,隐秘,略有磨损,3888.00
双持贝瑞塔 | 更换机油 (崭新出厂),双持贝瑞塔 | 更换机油,消费级,崭新出厂,3.01
双持贝瑞塔 | 更换机油 (久经沙场),双持贝瑞塔 | 更换机油,消费级,久经沙场,2.56
双持贝瑞塔 | 更换机油 (破损不堪),双持贝瑞塔 | 更换机油,消费级,破损不堪,
双持贝瑞塔 | 更换机油 (战痕累累),双持贝瑞塔 | 更换机油,消费级,战痕累累,2.39
双持贝瑞塔 | 更换机油 (略有磨损),双持贝瑞塔 | 更换机油,消费级,略有磨损,3.37
UMP-45 | 设施系列·深色图 (崭新出厂),UMP-45 | 设施系列·深色图,消费级,崭新出厂,0.53
UMP-45 | 设施系列·深色图 (久经沙场),UMP-45 | 设施系列·深色图,消费级,久经沙场,0.10
UMP-45 | 设施系列·深色图 (破损不堪),UMP-45 | 设施系列·深色图,消费级,破损不堪,0.12
UMP-45 | 设施系列·深色图 (战痕累累),UMP-45 | 设施系列·深色图,消费级,战痕累累,0.13
UMP-45 | 设施系列·深色图 (略有磨损),UMP-45 | 设施系列·深色图,消费级,略有磨损,0.25
骷髅匕首（★ StatTrak™） | 夜色 (久经沙场),骷髅匕首（★ StatTrak™） | 夜色,隐秘,久经沙场,3060.00
骷髅匕首（★ StatTrak™） | 夜色 (破损不堪),骷髅匕首（★ StatTrak™） | 夜色,隐秘,破损不堪,
骷髅匕首（★ StatTrak™） | 夜色 (战痕累累),骷髅匕首（★ StatTrak™） | 夜色,隐秘,战痕累累,
骷髅匕首（★ StatTrak™） | 夜色 (略有磨损),骷髅匕首（★ StatTrak™） | 夜色,隐秘,略有磨损,3700.00
M249 | 对比涂装 (崭新出厂),M249 | 对比涂装,消费级,崭新出厂,66.55
M249 | 对比涂装 (久经沙场),M249 | 对比涂装,消费级,久经沙场,1.97
M249 | 对比涂装 (破损不堪),M249 | 对比涂装,消费级,破损不堪,7.64
M249 | 对比涂装 (战痕累累),M249 | 对比涂装,消费级,战痕累累,1.91
M249 | 对比涂装 (略有磨损),M249 | 对比涂装,消费级,略有磨损,7.38
SSG 08 | 迂回路线 (崭新出厂),SSG 08 | 迂回路线,军规级,崭新出厂,110.00
SSG 08 | 迂回路线 (久经沙场),SSG 08 | 迂回路线,军规级,久经沙场,55.00
SSG 08 | 迂回路线 (破损不堪),SSG 08 | 迂回路线,军规级,破损不堪,
SSG 08 | 迂回路线 (略有磨损),SSG 08 | 迂回路线,军规级,略有磨损,54.04
PP-野牛 | 都市虚线 (崭新出厂),PP-野牛 | 都市虚线,消费级,崭新出厂,1.27
PP-野牛 | 都市虚线 (久经沙场),PP-野牛 | 都市虚线,消费级,久经沙场,0.21
PP-野牛 | 都市虚线 (破损不堪),PP-野牛 | 都市虚线,消费级,破损不堪,0.22
PP-野牛 | 都市虚线 (战痕累累),PP-野牛 | 都市虚线,消费级,战痕累累,0.19
PP-野牛 | 都市虚线 (略有磨损),PP-野牛 | 都市虚线,消费级,略有磨损,0.23
USP 消音版 | 沙漠战术 (崭新出厂),USP 消音版 | 沙漠战术,工业级,崭新出厂,7.65
USP 消音版 | 沙漠战术 (久经沙场),USP 消音版 | 沙漠战术,工业级,久经沙场,1.98
USP 消音版 | 沙漠战术 (破损不堪),USP 消音版 | 沙漠战术,工业级,破损不堪,1.58
USP 消音版 | 沙漠战术 (战痕累累),USP 消音版 | 沙漠战术,工业级,战痕累累,1.65
USP 消音版 | 沙漠战术 (略有磨损),USP 消音版 | 沙漠战术,工业级,略有磨损,3.28
格洛克 18 型 | 远光灯 (崭新出厂),格洛克 18 型 | 远光灯,工业级,崭新出厂,2.12
格洛克 18 型 | 远光灯 (略有磨损),格洛克 18 型 | 远光灯,工业级,略有磨损,3.74
折叠刀（★） | 虎牙 (崭新出厂),折叠刀（★） | 虎牙,隐秘,崭新出厂,3928.75
折叠刀（★） | 虎牙 (略有磨损),折叠刀（★） | 虎牙,隐秘,略有磨损,4020.00
PP-野牛 | 设施系列·速写图 (崭新出厂),PP-野牛 | 设施系列·速写图,消费级,崭新出厂,0.49
PP-野牛 | 设施系列·速写图 (久经沙场),PP-野牛 | 设施系列·速写图,消费级,久经沙场,0.15
PP-野牛 | 设施系列·速写图 (破损不堪),PP-野牛 | 设施系列·速写图,消费级,破损不堪,0.21
PP-野牛 | 设施系列·速写图 (战痕累累),PP-野牛 | 设施系列·速写图,消费级,战痕累累,0.25
PP-野牛 | 设施系列·速写图 (略有磨损),PP-野牛 | 设施系列·速写图,消费级,略有磨损,0.28
SG 553 | 浪花喷漆 (崭新出厂),SG 553 | 浪花喷漆,军规级,崭新出厂,148.00
SG 553 | 浪花喷漆 (久经沙场),SG 553 | 浪花喷漆,军规级,久经沙场,40.49
SG 553 | 浪花喷漆 (破损不堪),SG 553 | 浪花喷漆,军规级,破损不堪,120.00
SG 553 | 浪花喷漆 (战痕累累),SG 553 | 浪花喷漆,军规级,战痕累累,40.00
SG 553 | 浪花喷漆 (略有磨损),SG 553 | 浪花喷漆,军规级,略有磨损,53.99
M249 | 岩浆 (崭新出厂),M249 | 岩浆,军规级,崭新出厂,9.89
M249 | 岩浆 (久经沙场),M249 | 岩浆,军规级,久经沙场,6.17
M249 | 岩浆 (破损不堪),M249 | 岩浆,军规级,破损不堪,223.50
M249 | 岩浆 (战痕累累),M249 | 岩浆,军规级,战痕累累,6.82
M249 | 岩浆 (略有磨损),M249 | 岩浆,军规级,略有磨损,7.71
P2000（StatTrak™） | 乳白象牙 (崭新出厂),P2000（StatTrak™） | 乳白象牙,军规级,崭新出厂,15.00
P2000（StatTrak™） | 乳白象牙 (久经沙场),P2000（StatTrak™） | 乳白象牙,军规级,久经沙场,2.27
P2000（StatTrak™） | 乳白象牙 (破损不堪),P2000（StatTrak™） | 乳白象牙,军规级,破损不堪,1.94
P2000（StatTrak™） | 乳白象牙 (战痕累累),P2000（StatTrak™） | 乳白象牙,军规级,战痕累累,1.60
P2000（StatTrak™） | 乳白象牙 (略有磨损),P2000（StatTrak™） | 乳白象牙,军规级,略有磨损,3.75
UMP-45 | 泥地杀手 (崭新出厂),UMP-45 | 泥地杀手,消费级,崭新出厂,1.28
UMP-45 | 泥地杀手 (久经沙场),UMP-45 | 泥地杀手,消费级,久经沙场,0.14
UMP-45 | 泥地杀手 (破损不堪),UMP-45 | 泥地杀手,消费级,破损不堪,0.16
UMP-45 | 泥地杀手 (战痕累累),UMP-45 | 泥地杀手,消费级,战痕累累,0.23
UMP-45 | 泥地杀手 (略有磨损),UMP-45 | 泥地杀手,消费级,略有磨损,0.18
SG 553 | 次时代 (崭新出厂),SG 553 | 次时代,保密,崭新出厂,109.15
SG 553 | 次时代 (久经沙场),SG 553 | 次时代,保密,久经沙场,27.79
SG 553 | 次时代 (破损不堪),SG 553 | 次时代,保密,破损不堪,28.78
SG 553 | 次时代 (战痕累累),SG 553 | 次时代,保密,战痕累累,33.55
SG 553 | 次时代 (略有磨损),SG 553 | 次时代,保密,略有磨损,47.42
爪子刀（★） | 森林 DDPAT (崭新出厂),爪子刀（★） | 森林 DDPAT,隐秘,崭新出厂,
爪子刀（★） | 森林 DDPAT (久经沙场),爪子刀（★） | 森林 DDPAT,隐秘,久经沙场,3498.53
爪子刀（★） | 森林 DDPAT (破损不堪),爪子刀（★） | 森林 DDPAT,隐秘,破损不堪,
爪子刀（★） | 森林 DDPAT (战痕累累),爪子刀（★） | 森林 DDPAT,隐秘,战痕累累,3600.00
爪子刀（★） | 森林 DDPAT (略有磨损),爪子刀（★） | 森林 DDPAT,隐秘,略有磨损,4199.00
MAG-7 | 暴风呼啸 (崭新出厂),MAG-7 | 暴风呼啸,消费级,崭新出厂,39.50
MAG-7 | 暴风呼啸 (久经沙场),MAG-7 | 暴风呼啸,消费级,久经沙场,2.79
MAG-7 | 暴风呼啸 (破损不堪),MAG-7 | 暴风呼啸,消费级,破损不堪,
MAG-7 | 暴风呼啸 (战痕累累),MAG-7 | 暴风呼啸,消费级,战痕累累,19.69
MAG-7 | 暴风呼啸 (略有磨损),MAG-7 | 暴风呼啸,消费级,略有磨损,7.82
AK-47 | 安全网 (崭新出厂),AK-47 | 安全网,受限,崭新出厂,79.72
AK-47 | 安全网 (久经沙场),AK-47 | 安全网,受限,久经沙场,30.54
AK-47 | 安全网 (破损不堪),AK-47 | 安全网,受限,破损不堪,55.55
AK-47 | 安全网 (战痕累累),AK-47 | 安全网,受限,战痕累累,35.67
AK-47 | 安全网 (略有磨损),AK-47 | 安全网,受限,略有磨损,49.00
P250 | X 射线 (崭新出厂),P250 | X 射线,受限,崭新出厂,5.85
P250 | X 射线 (久经沙场),P250 | X 射线,受限,久经沙场,3.03
P250 | X 射线 (略有磨损),P250 | X 射线,受限,略有磨损,3.12
MP5-SD | 越野 (崭新出厂),MP5-SD | 越野,消费级,崭新出厂,6.40
MP5-SD | 越野 (久经沙场),MP5-SD | 越野,消费级,久经沙场,0.13
MP5-SD | 越野 (破损不堪),MP5-SD | 越野,消费级,破损不堪,0.15
MP5-SD | 越野 (战痕累累),MP5-SD | 越野,消费级,战痕累累,0.36
MP5-SD | 越野 (略有磨损),MP5-SD | 越野,消费级,略有磨损,0.22
M9 刺刀（★） | 人工染色 (崭新出厂),M9 刺刀（★） | 人工染色,隐秘,崭新出厂,4498.00
M9 刺刀（★） | 人工染色 (久经沙场),M9 刺刀（★） | 人工染色,隐秘,久经沙场,3700.00
M9 刺刀（★） | 人工染色 (破损不堪),M9 刺刀（★） | 人工染色,隐秘,破损不堪,3380.00
M9 刺刀（★） | 人工染色 (战痕累累),M9 刺刀（★） | 人工染色,隐秘,战痕累累,3499.00
M9 刺刀（★） | 人工染色 (略有磨损),M9 刺刀（★） | 人工染色,隐秘,略有磨损,3900.00
格洛克 18 型（StatTrak™） | 异星世界 (崭新出厂),格洛克 18 型（StatTrak™） | 异星世界,军规级,崭新出厂,26.23
格洛克 18 型（StatTrak™） | 异星世界 (久经沙场),格洛克 18 型（StatTrak™） | 异星世界,军规级,久经沙场,1.97
格洛克 18 型（StatTrak™） | 异星世界 (破损不堪),格洛克 18 型（StatTrak™） | 异星世界,军规级,破损不堪,2.01
格洛克 18 型（StatTrak™） | 异星世界 (战痕累累),格洛克 18 型（StatTrak™） | 异星世界,军规级,战痕累累,2.15
格洛克 18 型（StatTrak™） | 异星世界 (略有磨损),格洛克 18 型（StatTrak™） | 异星世界,军规级,略有磨损,4.48
熊刀（★） | 深红之网 (崭新出厂),熊刀（★） | 深红之网,隐秘,崭新出厂,
熊刀（★） | 深红之网 (久经沙场),熊刀（★） | 深红之网,隐秘,久经沙场,2526.66
熊刀（★） | 深红之网 (破损不堪),熊刀（★） | 深红之网,隐秘,破损不堪,2310.00
熊刀（★） | 深红之网 (战痕累累),熊刀（★） | 深红之网,隐秘,战痕累累,1750.00
熊刀（★） | 深红之网 (略有磨损),熊刀（★） | 深红之网,隐秘,略有磨损,4200.00
UMP-45 | 都市 DDPAT (崭新出厂),UMP-45 | 都市 DDPAT,消费级,崭新出厂,1.28
UMP-45 | 都市 DDPAT (久经沙场),UMP-45 | 都市 DDPAT,消费级,久经沙场,0.21
UMP-45 | 都市 DDPAT (破损不堪),UMP-45 | 都市 DDPAT,消费级,破损不堪,0.23
UMP-45 | 都市 DDPAT (战痕累累),UMP-45 | 都市 DDPAT,消费级,战痕累累,0.20
UMP-45 | 都市 DDPAT (略有磨损),UMP-45 | 都市 DDPAT,消费级,略有磨损,0.35
新星 | 外表生锈 (崭新出厂),新星 | 外表生锈,工业级,崭新出厂,9.29
新星 | 外表生锈 (久经沙场),新星 | 外表生锈,工业级,久经沙场,7.02
新星 | 外表生锈 (破损不堪),新星 | 外表生锈,工业级,破损不堪,7.85
新星 | 外表生锈 (战痕累累),新星 | 外表生锈,工业级,战痕累累,7.41
新星 | 外表生锈 (略有磨损),新星 | 外表生锈,工业级,略有磨损,8.90
M4A4（StatTrak™） | 狮鹫 (崭新出厂),M4A4（StatTrak™） | 狮鹫,受限,崭新出厂,187.36
M4A4（StatTrak™） | 狮鹫 (久经沙场),M4A4（StatTrak™） | 狮鹫,受限,久经沙场,30.92
M4A4（StatTrak™） | 狮鹫 (破损不堪),M4A4（StatTrak™） | 狮鹫,受限,破损不堪,129.99
M4A4（StatTrak™） | 狮鹫 (战痕累累),M4A4（StatTrak™） | 狮鹫,受限,战痕累累,36.95
M4A4（StatTrak™） | 狮鹫 (略有磨损),M4A4（StatTrak™） | 狮鹫,受限,略有磨损,57.72
格洛克 18 型（StatTrak™） | 冬季战术 (崭新出厂),格洛克 18 型（StatTrak™） | 冬季战术,军规级,崭新出厂,21.50
格洛克 18 型（StatTrak™） | 冬季战术 (久经沙场),格洛克 18 型（StatTrak™） | 冬季战术,军规级,久经沙场,2.26
格洛克 18 型（StatTrak™） | 冬季战术 (破损不堪),格洛克 18 型（StatTrak™） | 冬季战术,军规级,破损不堪,1.06
格洛克 18 型（StatTrak™） | 冬季战术 (战痕累累),格洛克 18 型（StatTrak™） | 冬季战术,军规级,战痕累累,1.02
格洛克 18 型（StatTrak™） | 冬季战术 (略有磨损),格洛克 18 型（StatTrak™） | 冬季战术,军规级,略有磨损,4.76
M9 刺刀（★ StatTrak™） | 都市伪装 (久经沙场),M9 刺刀（★ StatTrak™） | 都市伪装,隐秘,久经沙场,3199.00
M9 刺刀（★ StatTrak™） | 都市伪装 (破损不堪),M9 刺刀（★ StatTrak™） | 都市伪装,隐秘,破损不堪,
M9 刺刀（★ StatTrak™） | 都市伪装 (战痕累累),M9 刺刀（★ StatTrak™） | 都市伪装,隐秘,战痕累累,
M9 刺刀（★ StatTrak™） | 都市伪装 (略有磨损),M9 刺刀（★ StatTrak™） | 都市伪装,隐秘,略有磨损,3999.00
MP7 | 森林 DDPAT (崭新出厂),MP7 | 森林 DDPAT,消费级,崭新出厂,0.86
MP7 | 森林 DDPAT (久经沙场),MP7 | 森林 DDPAT,消费级,久经沙场,0.13
MP7 | 森林 DDPAT (破损不堪),MP7 | 森林 DDPAT,消费级,破损不堪,0.15
MP7 | 森林 DDPAT (战痕累累),MP7 | 森林 DDPAT,消费级,战痕累累,0.16
MP7 | 森林 DDPAT (略有磨损),MP7 | 森林 DDPAT,消费级,略有磨损,0.28
AUG | 汪之萌杀 (崭新出厂),AUG | 汪之萌杀,保密,崭新出厂,98.46
AUG | 汪之萌杀 (久经沙场),AUG | 汪之萌杀,保密,久经沙场,41.95
AUG | 汪之萌杀 (破损不堪),AUG | 汪之萌杀,保密,破损不堪,
AUG | 汪之萌杀 (略有磨损),AUG | 汪之萌杀,保密,略有磨损,54.00
MAG-7（StatTrak™） | 石雕 (崭新出厂),MAG-7（StatTrak™） | 石雕,受限,崭新出厂,24.65
MAG-7（StatTrak™） | 石雕 (久经沙场),MAG-7（StatTrak™） | 石雕,受限,久经沙场,4.50
MAG-7（StatTrak™） | 石雕 (破损不堪),MAG-7（StatTrak™） | 石雕,受限,破损不堪,4.00
MAG-7（StatTrak™） | 石雕 (略有磨损),MAG-7（StatTrak™） | 石雕,受限,略有磨损,8.94
锯齿爪刀（★） | 蓝钢 (崭新出厂),锯齿爪刀（★） | 蓝钢,隐秘,崭新出厂,4329.00
锯齿爪刀（★） | 蓝钢 (久经沙场),锯齿爪刀（★） | 蓝钢,隐秘,久经沙场,3145.00
锯齿爪刀（★） | 蓝钢 (破损不堪),锯齿爪刀（★） | 蓝钢,隐秘,破损不堪,2979.00
锯齿爪刀（★） | 蓝钢 (战痕累累),锯齿爪刀（★） | 蓝钢,隐秘,战痕累累,2885.00
锯齿爪刀（★） | 蓝钢 (略有磨损),锯齿爪刀（★） | 蓝钢,隐秘,略有磨损,3450.00
USP 消音版 | 铅管 (崭新出厂),USP 消音版 | 铅管,军规级,崭新出厂,16.44
USP 消音版 | 铅管 (久经沙场),USP 消音版 | 铅管,军规级,久经沙场,2.80
USP 消音版 | 铅管 (破损不堪),USP 消音版 | 铅管,军规级,破损不堪,2.32
USP 消音版 | 铅管 (战痕累累),USP 消音版 | 铅管,军规级,战痕累累,2.78
USP 消音版 | 铅管 (略有磨损),USP 消音版 | 铅管,军规级,略有磨损,3.36
MP9 | 滑移 (崭新出厂),MP9 | 滑移,消费级,崭新出厂,1.04
MP9 | 滑移 (久经沙场),MP9 | 滑移,消费级,久经沙场,0.17
MP9 | 滑移 (破损不堪),MP9 | 滑移,消费级,破损不堪,0.15
MP9 | 滑移 (战痕累累),MP9 | 滑移,消费级,战痕累累,0.13
MP9 | 滑移 (略有磨损),MP9 | 滑移,消费级,略有磨损,0.19
内格夫（StatTrak™） | 橙灰之名 (崭新出厂),内格夫（StatTrak™） | 橙灰之名,受限,崭新出厂,20.74
内格夫（StatTrak™） | 橙灰之名 (久经沙场),内格夫（StatTrak™） | 橙灰之名,受限,久经沙场,4.54
内格夫（StatTrak™） | 橙灰之名 (破损不堪),内格夫（StatTrak™） | 橙灰之名,受限,破损不堪,3.45
内格夫（StatTrak™） | 橙灰之名 (战痕累累),内格夫（StatTrak™） | 橙灰之名,受限,战痕累累,3.00
内格夫（StatTrak™） | 橙灰之名 (略有磨损),内格夫（StatTrak™） | 橙灰之名,受限,略有磨损,8.60
加利尔 AR | 支离破碎 (崭新出厂),加利尔 AR | 支离破碎,军规级,崭新出厂,218.50
加利尔 AR | 支离破碎 (久经沙场),加利尔 AR | 支离破碎,军规级,久经沙场,50.00
加利尔 AR | 支离破碎 (破损不堪),加利尔 AR | 支离破碎,军规级,破损不堪,45.00
加利尔 AR | 支离破碎 (战痕累累),加利尔 AR | 支离破碎,军规级,战痕累累,50.00
加利尔 AR | 支离破碎 (略有磨损),加利尔 AR | 支离破碎,军规级,略有磨损,56.00
折叠刀（★） | 多普勒 (崭新出厂),折叠刀（★） | 多普勒,隐秘,崭新出厂,3496.50
折叠刀（★） | 多普勒 (略有磨损),折叠刀（★） | 多普勒,隐秘,略有磨损,3699.00
P250（StatTrak™） | 涟漪 (崭新出厂),P250（StatTrak™） | 涟漪,军规级,崭新出厂,5.78
P250（StatTrak™） | 涟漪 (久经沙场),P250（StatTrak™） | 涟漪,军规级,久经沙场,2.39
P250（StatTrak™） | 涟漪 (破损不堪),P250（StatTrak™） | 涟漪,军规级,破损不堪,3.99
P250（StatTrak™） | 涟漪 (战痕累累),P250（StatTrak™） | 涟漪,军规级,战痕累累,2.38
P250（StatTrak™） | 涟漪 (略有磨损),P250（StatTrak™） | 涟漪,军规级,略有磨损,3.70
MP7 | 赤地 (崭新出厂),MP7 | 赤地,消费级,崭新出厂,0.99
MP7 | 赤地 (久经沙场),MP7 | 赤地,消费级,久经沙场,0.29
MP7 | 赤地 (破损不堪),MP7 | 赤地,消费级,破损不堪,0.18
MP7 | 赤地 (战痕累累),MP7 | 赤地,消费级,战痕累累,0.17
MP7 | 赤地 (略有磨损),MP7 | 赤地,消费级,略有磨损,0.35
XM1014（纪念品） | 蔚蓝多变迷彩 (崭新出厂),XM1014（纪念品） | 蔚蓝多变迷彩,军规级,崭新出厂,23.95
XM1014（纪念品） | 蔚蓝多变迷彩 (久经沙场),XM1014（纪念品） | 蔚蓝多变迷彩,军规级,久经沙场,5.00
XM1014（纪念品） | 蔚蓝多变迷彩 (破损不堪),XM1014（纪念品） | 蔚蓝多变迷彩,军规级,破损不堪,26.26
XM1014（纪念品） | 蔚蓝多变迷彩 (战痕累累),XM1014（纪念品） | 蔚蓝多变迷彩,军规级,战痕累累,20.18
XM1014（纪念品） | 蔚蓝多变迷彩 (略有磨损),XM1014（纪念品） | 蔚蓝多变迷彩,军规级,略有磨损,6.99
刺刀（★ StatTrak™） | 噩梦之夜 (久经沙场),刺刀（★ StatTrak™） | 噩梦之夜,隐秘,久经沙场,2600.00
刺刀（★ StatTrak™） | 噩梦之夜 (破损不堪),刺刀（★ StatTrak™） | 噩梦之夜,隐秘,破损不堪,
刺刀（★ StatTrak™） | 噩梦之夜 (战痕累累),刺刀（★ StatTrak™） | 噩梦之夜,隐秘,战痕累累,
刺刀（★ StatTrak™） | 噩梦之夜 (略有磨损),刺刀（★ StatTrak™） | 噩梦之夜,隐秘,略有磨损,
MAG-7 | 海鸟 (崭新出厂),MAG-7 | 海鸟,消费级,崭新出厂,28.98
MAG-7 | 海鸟 (久经沙场),MAG-7 | 海鸟,消费级,久经沙场,5.37
MAG-7 | 海鸟 (破损不堪),MAG-7 | 海鸟,消费级,破损不堪,10.58
MAG-7 | 海鸟 (战痕累累),MAG-7 | 海鸟,消费级,战痕累累,6.92
MAG-7 | 海鸟 (略有磨损),MAG-7 | 海鸟,消费级,略有磨损,8.32
UMP-45（纪念品） | 枯焦之色 (崭新出厂),UMP-45（纪念品） | 枯焦之色,消费级,崭新出厂,24.93
UMP-45（纪念品） | 枯焦之色 (久经沙场),UMP-45（纪念品） | 枯焦之色,消费级,久经沙场,0.10
UMP-45（纪念品） | 枯焦之色 (破损不堪),UMP-45（纪念品） | 枯焦之色,消费级,破损不堪,0.43
UMP-45（纪念品） | 枯焦之色 (战痕累累),UMP-45（纪念品） | 枯焦之色,消费级,战痕累累,0.20
UMP-45（纪念品） | 枯焦之色 (略有磨损),UMP-45（纪念品） | 枯焦之色,消费级,略有磨损,0.45
M4A4（StatTrak™） | 杀意大名 (崭新出厂),M4A4（StatTrak™） | 杀意大名,受限,崭新出厂,113.99
M4A4（StatTrak™） | 杀意大名 (久经沙场),M4A4（StatTrak™） | 杀意大名,受限,久经沙场,29.85
M4A4（StatTrak™） | 杀意大名 (破损不堪),M4A4（StatTrak™） | 杀意大名,受限,破损不堪,68.41
M4A4（StatTrak™） | 杀意大名 (战痕累累),M4A4（StatTrak™） | 杀意大名,受限,战痕累累,79.10
M4A4（StatTrak™） | 杀意大名 (略有磨损),M4A4（StatTrak™） | 杀意大名,受限,略有磨损,50.77
Tec-9 | 贾姆比亚 (崭新出厂),Tec-9 | 贾姆比亚,军规级,崭新出厂,6.80
Tec-9 | 贾姆比亚 (久经沙场),Tec-9 | 贾姆比亚,军规级,久经沙场,3.16
Tec-9 | 贾姆比亚 (破损不堪),Tec-9 | 贾姆比亚,军规级,破损不堪,2.85
Tec-9 | 贾姆比亚 (战痕累累),Tec-9 | 贾姆比亚,军规级,战痕累累,5.48
Tec-9 | 贾姆比亚 (略有磨损),Tec-9 | 贾姆比亚,军规级,略有磨损,3.48
海豹短刀（★ StatTrak™） | 深红之网 (久经沙场),海豹短刀（★ StatTrak™） | 深红之网,隐秘,久经沙场,2796.00
海豹短刀（★ StatTrak™） | 深红之网 (破损不堪),海豹短刀（★ StatTrak™） | 深红之网,隐秘,破损不堪,
海豹短刀（★ StatTrak™） | 深红之网 (战痕累累),海豹短刀（★ StatTrak™） | 深红之网,隐秘,战痕累累,3300.00
海豹短刀（★ StatTrak™） | 深红之网 (略有磨损),海豹短刀（★ StatTrak™） | 深红之网,隐秘,略有磨损,
M249 | 阿兹特克 (崭新出厂),M249 | 阿兹特克,受限,崭新出厂,14.00
M249 | 阿兹特克 (久经沙场),M249 | 阿兹特克,受限,久经沙场,4.65
M249 | 阿兹特克 (破损不堪),M249 | 阿兹特克,受限,破损不堪,5.93
M249 | 阿兹特克 (战痕累累),M249 | 阿兹特克,受限,战痕累累,4.31
M249 | 阿兹特克 (略有磨损),M249 | 阿兹特克,受限,略有磨损,9.00
SG 553（StatTrak™） | 电子脉冲 (久经沙场),SG 553（StatTrak™） | 电子脉冲,受限,久经沙场,24.87
SG 553（StatTrak™） | 电子脉冲 (破损不堪),SG 553（StatTrak™） | 电子脉冲,受限,破损不堪,26.00
SG 553（StatTrak™） | 电子脉冲 (战痕累累),SG 553（StatTrak™） | 电子脉冲,受限,战痕累累,27.62
SG 553（StatTrak™） | 电子脉冲 (略有磨损),SG 553（StatTrak™） | 电子脉冲,受限,略有磨损,57.00
UMP-45（纪念品） | 泥地杀手 (崭新出厂),UMP-45（纪念品） | 泥地杀手,消费级,崭新出厂,11.12
UMP-45（纪念品） | 泥地杀手 (久经沙场),UMP-45（纪念品） | 泥地杀手,消费级,久经沙场,0.18
UMP-45（纪念品） | 泥地杀手 (破损不堪),UMP-45（纪念品） | 泥地杀手,消费级,破损不堪,0.88
UMP-45（纪念品） | 泥地杀手 (战痕累累),UMP-45（纪念品） | 泥地杀手,消费级,战痕累累,0.22
UMP-45（纪念品） | 泥地杀手 (略有磨损),UMP-45（纪念品） | 泥地杀手,消费级,略有磨损,0.55
CZ75（StatTrak™） | 短趾雕 (崭新出厂),CZ75（StatTrak™） | 短趾雕,军规级,崭新出厂,14.00
CZ75（StatTrak™） | 短趾雕 (久经沙场),CZ75（StatTrak™） | 短趾雕,军规级,久经沙场,1.79
CZ75（StatTrak™） | 短趾雕 (破损不堪),CZ75（StatTrak™） | 短趾雕,军规级,破损不堪,1.97
CZ75（StatTrak™） | 短趾雕 (战痕累累),CZ75（StatTrak™） | 短趾雕,军规级,战痕累累,1.68
CZ75（StatTrak™） | 短趾雕 (略有磨损),CZ75（StatTrak™） | 短趾雕,军规级,略有磨损,3.78
MAG-7（StatTrak™） | SWAG-7 (崭新出厂),MAG-7（StatTrak™） | SWAG-7,受限,崭新出厂,31.58
MAG-7（StatTrak™） | SWAG-7 (久经沙场),MAG-7（StatTrak™） | SWAG-7,受限,久经沙场,3.62
MAG-7（StatTrak™） | SWAG-7 (破损不堪),MAG-7（StatTrak™） | SWAG-7,受限,破损不堪,3.08
MAG-7（StatTrak™） | SWAG-7 (战痕累累),MAG-7（StatTrak™） | SWAG-7,受限,战痕累累,3.20
MAG-7（StatTrak™） | SWAG-7 (略有磨损),MAG-7（StatTrak™） | SWAG-7,受限,略有磨损,8.60
短剑（★ StatTrak™） | 屠夫 (崭新出厂),短剑（★ StatTrak™） | 屠夫,隐秘,崭新出厂,5500.00
短剑（★ StatTrak™） | 屠夫 (久经沙场),短剑（★ StatTrak™） | 屠夫,隐秘,久经沙场,
短剑（★ StatTrak™） | 屠夫 (略有磨损),短剑（★ StatTrak™） | 屠夫,隐秘,略有磨损,3840.00
UMP-45（纪念品） | 设施系列·深色图 (崭新出厂),UMP-45（纪念品） | 设施系列·深色图,消费级,崭新出厂,1.26
UMP-45（纪念品） | 设施系列·深色图 (久经沙场),UMP-45（纪念品） | 设施系列·深色图,消费级,久经沙场,0.22
UMP-45（纪念品） | 设施系列·深色图 (破损不堪),UMP-45（纪念品） | 设施系列·深色图,消费级,破损不堪,0.48
UMP-45（纪念品） | 设施系列·深色图 (战痕累累),UMP-45（纪念品） | 设施系列·深色图,消费级,战痕累累,1.04
UMP-45（纪念品） | 设施系列·深色图 (略有磨损),UMP-45（纪念品） | 设施系列·深色图,消费级,略有磨损,0.57
截短霰弹枪 | 路霸 (崭新出厂),截短霰弹枪 | 路霸,受限,崭新出厂,19.99
截短霰弹枪 | 路霸 (久经沙场),截短霰弹枪 | 路霸,受限,久经沙场,6.27
截短霰弹枪 | 路霸 (破损不堪),截短霰弹枪 | 路霸,受限,破损不堪,7.08
截短霰弹枪 | 路霸 (战痕累累),截短霰弹枪 | 路霸,受限,战痕累累,4.88
截短霰弹枪 | 路霸 (略有磨损),截短霰弹枪 | 路霸,受限,略有磨损,8.50
格洛克 18 型 | 本生灯 (崭新出厂),格洛克 18 型 | 本生灯,军规级,崭新出厂,26.67
格洛克 18 型 | 本生灯 (久经沙场),格洛克 18 型 | 本生灯,军规级,久经沙场,4.50
格洛克 18 型 | 本生灯 (破损不堪),格洛克 18 型 | 本生灯,军规级,破损不堪,8.00
格洛克 18 型 | 本生灯 (战痕累累),格洛克 18 型 | 本生灯,军规级,战痕累累,40.00
格洛克 18 型 | 本生灯 (略有磨损),格洛克 18 型 | 本生灯,军规级,略有磨损,5.82
折叠刀（★） | 传说 (崭新出厂),折叠刀（★） | 传说,隐秘,崭新出厂,5299.00
折叠刀（★） | 传说 (久经沙场),折叠刀（★） | 传说,隐秘,久经沙场,2992.00
折叠刀（★） | 传说 (破损不堪),折叠刀（★） | 传说,隐秘,破损不堪,2670.00
折叠刀（★） | 传说 (战痕累累),折叠刀（★） | 传说,隐秘,战痕累累,2230.00
折叠刀（★） | 传说 (略有磨损),折叠刀（★） | 传说,隐秘,略有磨损,4068.92
加利尔 AR | 都市瓦砾 (崭新出厂),加利尔 AR | 都市瓦砾,工业级,崭新出厂,89.00
加利尔 AR | 都市瓦砾 (久经沙场),加利尔 AR | 都市瓦砾,工业级,久经沙场,48.81
加利尔 AR | 都市瓦砾 (破损不堪),加利尔 AR | 都市瓦砾,工业级,破损不堪,
加利尔 AR | 都市瓦砾 (战痕累累),加利尔 AR | 都市瓦砾,工业级,战痕累累,
加利尔 AR | 都市瓦砾 (略有磨损),加利尔 AR | 都市瓦砾,工业级,略有磨损,58.00
R8 左轮手枪（StatTrak™） | 废物王 (崭新出厂),R8 左轮手枪（StatTrak™） | 废物王,军规级,崭新出厂,11.90
R8 左轮手枪（StatTrak™） | 废物王 (久经沙场),R8 左轮手枪（StatTrak™） | 废物王,军规级,久经沙场,1.78
R8 左轮手枪（StatTrak™） | 废物王 (破损不堪),R8 左轮手枪（StatTrak™） | 废物王,军规级,破损不堪,1.73
R8 左轮手枪（StatTrak™） | 废物王 (战痕累累),R8 左轮手枪（StatTrak™） | 废物王,军规级,战痕累累,1.58
R8 左轮手枪（StatTrak™） | 废物王 (略有磨损),R8 左轮手枪（StatTrak™） | 废物王,军规级,略有磨损,3.73
M4A1 消音型（StatTrak™） | 隐伏帝王龙 (崭新出厂),M4A1 消音型（StatTrak™） | 隐伏帝王龙,受限,崭新出厂,144.21
M4A1 消音型（StatTrak™） | 隐伏帝王龙 (久经沙场),M4A1 消音型（StatTrak™） | 隐伏帝王龙,受限,久经沙场,29.00
M4A1 消音型（StatTrak™） | 隐伏帝王龙 (破损不堪),M4A1 消音型（StatTrak™） | 隐伏帝王龙,受限,破损不堪,41.23
M4A1 消音型（StatTrak™） | 隐伏帝王龙 (战痕累累),M4A1 消音型（StatTrak™） | 隐伏帝王龙,受限,战痕累累,27.30
M4A1 消音型（StatTrak™） | 隐伏帝王龙 (略有磨损),M4A1 消音型（StatTrak™） | 隐伏帝王龙,受限,略有磨损,66.22
MAG-7（纪念品） | 辐照警报 (崭新出厂),MAG-7（纪念品） | 辐照警报,消费级,崭新出厂,100.00
MAG-7（纪念品） | 辐照警报 (久经沙场),MAG-7（纪念品） | 辐照警报,消费级,久经沙场,1.99
MAG-7（纪念品） | 辐照警报 (破损不堪),MAG-7（纪念品） | 辐照警报,消费级,破损不堪,2.94
MAG-7（纪念品） | 辐照警报 (战痕累累),MAG-7（纪念品） | 辐照警报,消费级,战痕累累,2.75
MAG-7（纪念品） | 辐照警报 (略有磨损),MAG-7（纪念品） | 辐照警报,消费级,略有磨损,8.80
MP9 | 黑砂 (崭新出厂),MP9 | 黑砂,军规级,崭新出厂,2.51
MP9 | 黑砂 (久经沙场),MP9 | 黑砂,军规级,久经沙场,0.31
MP9 | 黑砂 (破损不堪),MP9 | 黑砂,军规级,破损不堪,0.32
MP9 | 黑砂 (战痕累累),MP9 | 黑砂,军规级,战痕累累,0.30
MP9 | 黑砂 (略有磨损),MP9 | 黑砂,军规级,略有磨损,0.67
短剑（★） | 虎牙 (崭新出厂),短剑（★） | 虎牙,隐秘,崭新出厂,4049.99
短剑（★） | 虎牙 (略有磨损),短剑（★） | 虎牙,隐秘,略有磨损,4494.50
FN57（StatTrak™） | 涂鸦潦草 (崭新出厂),FN57（StatTrak™） | 涂鸦潦草,军规级,崭新出厂,10.79
FN57（StatTrak™） | 涂鸦潦草 (久经沙场),FN57（StatTrak™） | 涂鸦潦草,军规级,久经沙场,1.73
FN57（StatTrak™） | 涂鸦潦草 (破损不堪),FN57（StatTrak™） | 涂鸦潦草,军规级,破损不堪,1.08
FN57（StatTrak™） | 涂鸦潦草 (战痕累累),FN57（StatTrak™） | 涂鸦潦草,军规级,战痕累累,1.26
FN57（StatTrak™） | 涂鸦潦草 (略有磨损),FN57（StatTrak™） | 涂鸦潦草,军规级,略有磨损,3.51
截短霰弹枪（纪念品） | 外表生锈 (崭新出厂),截短霰弹枪（纪念品） | 外表生锈,工业级,崭新出厂,49.00
截短霰弹枪（纪念品） | 外表生锈 (久经沙场),截短霰弹枪（纪念品） | 外表生锈,工业级,久经沙场,13.23
截短霰弹枪（纪念品） | 外表生锈 (破损不堪),截短霰弹枪（纪念品） | 外表生锈,工业级,破损不堪,28.00
截短霰弹枪（纪念品） | 外表生锈 (战痕累累),截短霰弹枪（纪念品） | 外表生锈,工业级,战痕累累,30.00
截短霰弹枪（纪念品） | 外表生锈 (略有磨损),截短霰弹枪（纪念品） | 外表生锈,工业级,略有磨损,8.85
M4A4（纪念品） | 变频器 (崭新出厂),M4A4（纪念品） | 变频器,军规级,崭新出厂,67.00
M4A4（纪念品） | 变频器 (久经沙场),M4A4（纪念品） | 变频器,军规级,久经沙场,22.29
M4A4（纪念品） | 变频器 (破损不堪),M4A4（纪念品） | 变频器,军规级,破损不堪,500.00
M4A4（纪念品） | 变频器 (略有磨损),M4A4（纪念品） | 变频器,军规级,略有磨损,57.35
MP5-SD（纪念品） | 越野 (崭新出厂),MP5-SD（纪念品） | 越野,消费级,崭新出厂,24.65
MP5-SD（纪念品） | 越野 (久经沙场),MP5-SD（纪念品） | 越野,消费级,久经沙场,0.13
MP5-SD（纪念品） | 越野 (破损不堪),MP5-SD（纪念品） | 越野,消费级,破损不堪,0.47
MP5-SD（纪念品） | 越野 (战痕累累),MP5-SD（纪念品） | 越野,消费级,战痕累累,0.30
MP5-SD（纪念品） | 越野 (略有磨损),MP5-SD（纪念品） | 越野,消费级,略有磨损,0.69
刺刀（★） | 屠夫 (崭新出厂),刺刀（★） | 屠夫,隐秘,崭新出厂,5533.46
刺刀（★） | 屠夫 (久经沙场),刺刀（★） | 屠夫,隐秘,久经沙场,3340.00
刺刀（★） | 屠夫 (略有磨损),刺刀（★） | 屠夫,隐秘,略有磨损,4098.00
爪子刀（★） | 都市伪装 (崭新出厂),爪子刀（★） | 都市伪装,隐秘,崭新出厂,7500.00
爪子刀（★） | 都市伪装 (久经沙场),爪子刀（★） | 都市伪装,隐秘,久经沙场,3650.00
爪子刀（★） | 都市伪装 (破损不堪),爪子刀（★） | 都市伪装,隐秘,破损不堪,
爪子刀（★） | 都市伪装 (战痕累累),爪子刀（★） | 都市伪装,隐秘,战痕累累,3555.00
爪子刀（★） | 都市伪装 (略有磨损),爪子刀（★） | 都市伪装,隐秘,略有磨损,4194.00
XM1014（纪念品） | 雅藤如嫣 (崭新出厂),XM1014（纪念品） | 雅藤如嫣,受限,崭新出厂,18.00
XM1014（纪念品） | 雅藤如嫣 (久经沙场),XM1014（纪念品） | 雅藤如嫣,受限,久经沙场,7.60
XM1014（纪念品） | 雅藤如嫣 (略有磨损),XM1014（纪念品） | 雅藤如嫣,受限,略有磨损,8.31
PP-野牛 | 黑夜暴乱 (崭新出厂),PP-野牛 | 黑夜暴乱,军规级,崭新出厂,1.39
PP-野牛 | 黑夜暴乱 (久经沙场),PP-野牛 | 黑夜暴乱,军规级,久经沙场,0.37
PP-野牛 | 黑夜暴乱 (破损不堪),PP-野牛 | 黑夜暴乱,军规级,破损不堪,0.48
PP-野牛 | 黑夜暴乱 (战痕累累),PP-野牛 | 黑夜暴乱,军规级,战痕累累,0.32
PP-野牛 | 黑夜暴乱 (略有磨损),PP-野牛 | 黑夜暴乱,军规级,略有磨损,0.71
双持贝瑞塔（StatTrak™） | 通风机 (崭新出厂),双持贝瑞塔（StatTrak™） | 通风机,军规级,崭新出厂,6.14
双持贝瑞塔（StatTrak™） | 通风机 (久经沙场),双持贝瑞塔（StatTrak™） | 通风机,军规级,久经沙场,1.57
双持贝瑞塔（StatTrak™） | 通风机 (破损不堪),双持贝瑞塔（StatTrak™） | 通风机,军规级,破损不堪,2.42
双持贝瑞塔（StatTrak™） | 通风机 (略有磨损),双持贝瑞塔（StatTrak™） | 通风机,军规级,略有磨损,3.08
折叠刀（★ StatTrak™） | 传说 (崭新出厂),折叠刀（★ StatTrak™） | 传说,隐秘,崭新出厂,5100.00
折叠刀（★ StatTrak™） | 传说 (久经沙场),折叠刀（★ StatTrak™） | 传说,隐秘,久经沙场,
折叠刀（★ StatTrak™） | 传说 (破损不堪),折叠刀（★ StatTrak™） | 传说,隐秘,破损不堪,
折叠刀（★ StatTrak™） | 传说 (战痕累累),折叠刀（★ StatTrak™） | 传说,隐秘,战痕累累,
折叠刀（★ StatTrak™） | 传说 (略有磨损),折叠刀（★ StatTrak™） | 传说,隐秘,略有磨损,3800.00
SG 553（StatTrak™） | 浪花喷漆 (崭新出厂),SG 553（StatTrak™） | 浪花喷漆,军规级,崭新出厂,480.00
SG 553（StatTrak™） | 浪花喷漆 (久经沙场),SG 553（StatTrak™） | 浪花喷漆,军规级,久经沙场,56.11
SG 553（StatTrak™） | 浪花喷漆 (破损不堪),SG 553（StatTrak™） | 浪花喷漆,军规级,破损不堪,
SG 553（StatTrak™） | 浪花喷漆 (战痕累累),SG 553（StatTrak™） | 浪花喷漆,军规级,战痕累累,51.00
SG 553（StatTrak™） | 浪花喷漆 (略有磨损),SG 553（StatTrak™） | 浪花喷漆,军规级,略有磨损,58.61
MP9（纪念品） | 残花败藤 (崭新出厂),MP9（纪念品） | 残花败藤,工业级,崭新出厂,1.60
MP9（纪念品） | 残花败藤 (久经沙场),MP9（纪念品） | 残花败藤,工业级,久经沙场,0.35
MP9（纪念品） | 残花败藤 (破损不堪),MP9（纪念品） | 残花败藤,工业级,破损不堪,0.67
MP9（纪念品） | 残花败藤 (战痕累累),MP9（纪念品） | 残花败藤,工业级,战痕累累,3.00
MP9（纪念品） | 残花败藤 (略有磨损),MP9（纪念品） | 残花败藤,工业级,略有磨损,1.90
XM1014（StatTrak™） | 行尸攻势 (崭新出厂),XM1014（StatTrak™） | 行尸攻势,受限,崭新出厂,22.00
XM1014（StatTrak™） | 行尸攻势 (久经沙场),XM1014（StatTrak™） | 行尸攻势,受限,久经沙场,3.55
XM1014（StatTrak™） | 行尸攻势 (破损不堪),XM1014（StatTrak™） | 行尸攻势,受限,破损不堪,4.20
XM1014（StatTrak™） | 行尸攻势 (战痕累累),XM1014（StatTrak™） | 行尸攻势,受限,战痕累累,8.00
XM1014（StatTrak™） | 行尸攻势 (略有磨损),XM1014（StatTrak™） | 行尸攻势,受限,略有磨损,8.70
加利尔 AR（StatTrak™） | 迷人眼 (崭新出厂),加利尔 AR（StatTrak™） | 迷人眼,保密,崭新出厂,169.46
加利尔 AR（StatTrak™） | 迷人眼 (久经沙场),加利尔 AR（StatTrak™） | 迷人眼,保密,久经沙场,26.90
加利尔 AR（StatTrak™） | 迷人眼 (破损不堪),加利尔 AR（StatTrak™） | 迷人眼,保密,破损不堪,21.50
加利尔 AR（StatTrak™） | 迷人眼 (战痕累累),加利尔 AR（StatTrak™） | 迷人眼,保密,战痕累累,20.30
加利尔 AR（StatTrak™） | 迷人眼 (略有磨损),加利尔 AR（StatTrak™） | 迷人眼,保密,略有磨损,59.90
短剑（★） | 深红之网 (崭新出厂),短剑（★） | 深红之网,隐秘,崭新出厂,13888.00
短剑（★） | 深红之网 (久经沙场),短剑（★） | 深红之网,隐秘,久经沙场,2983.00
短剑（★） | 深红之网 (破损不堪),短剑（★） | 深红之网,隐秘,破损不堪,2650.00
短剑（★） | 深红之网 (战痕累累),短剑（★） | 深红之网,隐秘,战痕累累,2150.00
短剑（★） | 深红之网 (略有磨损),短剑（★） | 深红之网,隐秘,略有磨损,4437.56
MP5-SD（纪念品） | 小白鼠 (崭新出厂),MP5-SD（纪念品） | 小白鼠,受限,崭新出厂,1.70
MP5-SD（纪念品） | 小白鼠 (久经沙场),MP5-SD（纪念品） | 小白鼠,受限,久经沙场,0.91
MP5-SD（纪念品） | 小白鼠 (略有磨损),MP5-SD（纪念品） | 小白鼠,受限,略有磨损,0.76
R8 左轮手枪（StatTrak™） | 生存主义者 (崭新出厂),R8 左轮手枪（StatTrak™） | 生存主义者,军规级,崭新出厂,6.46
R8 左轮手枪（StatTrak™） | 生存主义者 (久经沙场),R8 左轮手枪（StatTrak™） | 生存主义者,军规级,久经沙场,2.29
R8 左轮手枪（StatTrak™） | 生存主义者 (破损不堪),R8 左轮手枪（StatTrak™） | 生存主义者,军规级,破损不堪,3.00
R8 左轮手枪（StatTrak™） | 生存主义者 (战痕累累),R8 左轮手枪（StatTrak™） | 生存主义者,军规级,战痕累累,2.80
R8 左轮手枪（StatTrak™） | 生存主义者 (略有磨损),R8 左轮手枪（StatTrak™） | 生存主义者,军规级,略有磨损,3.95
内格夫（纪念品） | 舱壁 (崭新出厂),内格夫（纪念品） | 舱壁,工业级,崭新出厂,12.37
内格夫（纪念品） | 舱壁 (久经沙场),内格夫（纪念品） | 舱壁,工业级,久经沙场,2.91
内格夫（纪念品） | 舱壁 (破损不堪),内格夫（纪念品） | 舱壁,工业级,破损不堪,7.91
内格夫（纪念品） | 舱壁 (战痕累累),内格夫（纪念品） | 舱壁,工业级,战痕累累,6.00
内格夫（纪念品） | 舱壁 (略有磨损),内格夫（纪念品） | 舱壁,工业级,略有磨损,8.30
P90 | 集装箱 (崭新出厂),P90 | 集装箱,军规级,崭新出厂,1.80
P90 | 集装箱 (久经沙场),P90 | 集装箱,军规级,久经沙场,0.34
P90 | 集装箱 (破损不堪),P90 | 集装箱,军规级,破损不堪,0.31
P90 | 集装箱 (战痕累累),P90 | 集装箱,军规级,战痕累累,0.31
P90 | 集装箱 (略有磨损),P90 | 集装箱,军规级,略有磨损,0.68
骷髅匕首（★） | 人工染色 (崭新出厂),骷髅匕首（★） | 人工染色,隐秘,崭新出厂,5840.00
骷髅匕首（★） | 人工染色 (久经沙场),骷髅匕首（★） | 人工染色,隐秘,久经沙场,3650.00
骷髅匕首（★） | 人工染色 (破损不堪),骷髅匕首（★） | 人工染色,隐秘,破损不堪,3090.66
骷髅匕首（★） | 人工染色 (战痕累累),骷髅匕首（★） | 人工染色,隐秘,战痕累累,2706.29
骷髅匕首（★） | 人工染色 (略有磨损),骷髅匕首（★） | 人工染色,隐秘,略有磨损,4287.00
沙漠之鹰 | 青铜装饰 (崭新出厂),沙漠之鹰 | 青铜装饰,军规级,崭新出厂,12.75
沙漠之鹰 | 青铜装饰 (久经沙场),沙漠之鹰 | 青铜装饰,军规级,久经沙场,1.24
沙漠之鹰 | 青铜装饰 (破损不堪),沙漠之鹰 | 青铜装饰,军规级,破损不堪,1.97
沙漠之鹰 | 青铜装饰 (战痕累累),沙漠之鹰 | 青铜装饰,军规级,战痕累累,10.58
沙漠之鹰 | 青铜装饰 (略有磨损),沙漠之鹰 | 青铜装饰,军规级,略有磨损,4.50
M4A4 | 死寂空间 (崭新出厂),M4A4 | 死寂空间,保密,崭新出厂,161.69
M4A4 | 死寂空间 (久经沙场),M4A4 | 死寂空间,保密,久经沙场,33.60
M4A4 | 死寂空间 (破损不堪),M4A4 | 死寂空间,保密,破损不堪,28.08
M4A4 | 死寂空间 (战痕累累),M4A4 | 死寂空间,保密,战痕累累,28.88
M4A4 | 死寂空间 (略有磨损),M4A4 | 死寂空间,保密,略有磨损,58.00
MAG-7 | 铋晶体 (崭新出厂),MAG-7 | 铋晶体,受限,崭新出厂,16.01
MAG-7 | 铋晶体 (久经沙场),MAG-7 | 铋晶体,受限,久经沙场,5.80
MAG-7 | 铋晶体 (破损不堪),MAG-7 | 铋晶体,受限,破损不堪,8.98
MAG-7 | 铋晶体 (战痕累累),MAG-7 | 铋晶体,受限,战痕累累,5.48
MAG-7 | 铋晶体 (略有磨损),MAG-7 | 铋晶体,受限,略有磨损,9.24
PP-野牛 | 神秘碑文 (崭新出厂),PP-野牛 | 神秘碑文,军规级,崭新出厂,2.25
PP-野牛 | 神秘碑文 (久经沙场),PP-野牛 | 神秘碑文,军规级,久经沙场,0.39
PP-野牛 | 神秘碑文 (破损不堪),PP-野牛 | 神秘碑文,军规级,破损不堪,0.31
PP-野牛 | 神秘碑文 (战痕累累),PP-野牛 | 神秘碑文,军规级,战痕累累,0.31
PP-野牛 | 神秘碑文 (略有磨损),PP-野牛 | 神秘碑文,军规级,略有磨损,0.69
AUG | 力矩 (崭新出厂),AUG | 力矩,受限,崭新出厂,69.90
AUG | 力矩 (久经沙场),AUG | 力矩,受限,久经沙场,54.99
AUG | 力矩 (破损不堪),AUG | 力矩,受限,破损不堪,220.00
AUG | 力矩 (战痕累累),AUG | 力矩,受限,战痕累累,
AUG | 力矩 (略有磨损),AUG | 力矩,受限,略有磨损,61.32
熊刀（★ StatTrak™） | 深红之网 (崭新出厂),熊刀（★ StatTrak™） | 深红之网,隐秘,崭新出厂,
熊刀（★ StatTrak™） | 深红之网 (久经沙场),熊刀（★ StatTrak™） | 深红之网,隐秘,久经沙场,2488.00
熊刀（★ StatTrak™） | 深红之网 (破损不堪),熊刀（★ StatTrak™） | 深红之网,隐秘,破损不堪,2500.00
熊刀（★ StatTrak™） | 深红之网 (战痕累累),熊刀（★ StatTrak™） | 深红之网,隐秘,战痕累累,2200.00
熊刀（★ StatTrak™） | 深红之网 (略有磨损),熊刀（★ StatTrak™） | 深红之网,隐秘,略有磨损,4387.77
MP5-SD | 小小噩梦 (崭新出厂),MP5-SD | 小小噩梦,军规级,崭新出厂,2.14
MP5-SD | 小小噩梦 (久经沙场),MP5-SD | 小小噩梦,军规级,久经沙场,0.40
MP5-SD | 小小噩梦 (破损不堪),MP5-SD | 小小噩梦,军规级,破损不堪,0.41
MP5-SD | 小小噩梦 (战痕累累),MP5-SD | 小小噩梦,军规级,战痕累累,0.48
MP5-SD | 小小噩梦 (略有磨损),MP5-SD | 小小噩梦,军规级,略有磨损,0.87
双持贝瑞塔 | 胶面花纹 (崭新出厂),双持贝瑞塔 | 胶面花纹,军规级,崭新出厂,7.32
双持贝瑞塔 | 胶面花纹 (久经沙场),双持贝瑞塔 | 胶面花纹,军规级,久经沙场,2.88
双持贝瑞塔 | 胶面花纹 (破损不堪),双持贝瑞塔 | 胶面花纹,军规级,破损不堪,1.85
双持贝瑞塔 | 胶面花纹 (战痕累累),双持贝瑞塔 | 胶面花纹,军规级,战痕累累,1.38
双持贝瑞塔 | 胶面花纹 (略有磨损),双持贝瑞塔 | 胶面花纹,军规级,略有磨损,3.89
双持贝瑞塔 | 左右开花 (崭新出厂),双持贝瑞塔 | 左右开花,军规级,崭新出厂,13.11
双持贝瑞塔 | 左右开花 (久经沙场),双持贝瑞塔 | 左右开花,军规级,久经沙场,9.78
双持贝瑞塔 | 左右开花 (破损不堪),双持贝瑞塔 | 左右开花,军规级,破损不堪,
双持贝瑞塔 | 左右开花 (战痕累累),双持贝瑞塔 | 左右开花,军规级,战痕累累,3.98
双持贝瑞塔 | 左右开花 (略有磨损),双持贝瑞塔 | 左右开花,军规级,略有磨损,5.48
爪子刀（★ StatTrak™） | 森林 DDPAT (崭新出厂),爪子刀（★ StatTrak™） | 森林 DDPAT,隐秘,崭新出厂,
爪子刀（★ StatTrak™） | 森林 DDPAT (久经沙场),爪子刀（★ StatTrak™） | 森林 DDPAT,隐秘,久经沙场,3600.00
爪子刀（★ StatTrak™） | 森林 DDPAT (破损不堪),爪子刀（★ StatTrak™） | 森林 DDPAT,隐秘,破损不堪,
爪子刀（★ StatTrak™） | 森林 DDPAT (战痕累累),爪子刀（★ StatTrak™） | 森林 DDPAT,隐秘,战痕累累,4233.00
爪子刀（★ StatTrak™） | 森林 DDPAT (略有磨损),爪子刀（★ StatTrak™） | 森林 DDPAT,隐秘,略有磨损,4393.60
内格夫 | 巴洛克之沙 (崭新出厂),内格夫 | 巴洛克之沙,消费级,崭新出厂,18.51
内格夫 | 巴洛克之沙 (久经沙场),内格夫 | 巴洛克之沙,消费级,久经沙场,6.49
内格夫 | 巴洛克之沙 (破损不堪),内格夫 | 巴洛克之沙,消费级,破损不堪,4.75
内格夫 | 巴洛克之沙 (战痕累累),内格夫 | 巴洛克之沙,消费级,战痕累累,6.23
内格夫 | 巴洛克之沙 (略有磨损),内格夫 | 巴洛克之沙,消费级,略有磨损,9.29
AUG（StatTrak™） | 极地孤狼 (崭新出厂),AUG（StatTrak™） | 极地孤狼,受限,崭新出厂,136.66
AUG（StatTrak™） | 极地孤狼 (久经沙场),AUG（StatTrak™） | 极地孤狼,受限,久经沙场,28.91
AUG（StatTrak™） | 极地孤狼 (破损不堪),AUG（StatTrak™） | 极地孤狼,受限,破损不堪,
AUG（StatTrak™） | 极地孤狼 (战痕累累),AUG（StatTrak™） | 极地孤狼,受限,战痕累累,28.00
AUG（StatTrak™） | 极地孤狼 (略有磨损),AUG（StatTrak™） | 极地孤狼,受限,略有磨损,61.50
FN57（StatTrak™） | 毛细血管 (崭新出厂),FN57（StatTrak™） | 毛细血管,军规级,崭新出厂,7.04
FN57（StatTrak™） | 毛细血管 (久经沙场),FN57（StatTrak™） | 毛细血管,军规级,久经沙场,2.10
FN57（StatTrak™） | 毛细血管 (破损不堪),FN57（StatTrak™） | 毛细血管,军规级,破损不堪,4.88
FN57（StatTrak™） | 毛细血管 (战痕累累),FN57（StatTrak™） | 毛细血管,军规级,战痕累累,2.00
FN57（StatTrak™） | 毛细血管 (略有磨损),FN57（StatTrak™） | 毛细血管,军规级,略有磨损,4.09
MAC-10 | 捕猎者 (崭新出厂),MAC-10 | 捕猎者,军规级,崭新出厂,3.18
MAC-10 | 捕猎者 (久经沙场),MAC-10 | 捕猎者,军规级,久经沙场,0.60
MAC-10 | 捕猎者 (破损不堪),MAC-10 | 捕猎者,军规级,破损不堪,0.63
MAC-10 | 捕猎者 (战痕累累),MAC-10 | 捕猎者,军规级,战痕累累,0.57
MAC-10 | 捕猎者 (略有磨损),MAC-10 | 捕猎者,军规级,略有磨损,0.97
内格夫（StatTrak™） | 狮子鱼 (崭新出厂),内格夫（StatTrak™） | 狮子鱼,受限,崭新出厂,21.00
内格夫（StatTrak™） | 狮子鱼 (久经沙场),内格夫（StatTrak™） | 狮子鱼,受限,久经沙场,3.97
内格夫（StatTrak™） | 狮子鱼 (破损不堪),内格夫（StatTrak™） | 狮子鱼,受限,破损不堪,4.08
内格夫（StatTrak™） | 狮子鱼 (战痕累累),内格夫（StatTrak™） | 狮子鱼,受限,战痕累累,3.45
内格夫（StatTrak™） | 狮子鱼 (略有磨损),内格夫（StatTrak™） | 狮子鱼,受限,略有磨损,7.52
法玛斯（StatTrak™） | 目皆转睛 (崭新出厂),法玛斯（StatTrak™） | 目皆转睛,保密,崭新出厂,344.80
法玛斯（StatTrak™） | 目皆转睛 (久经沙场),法玛斯（StatTrak™） | 目皆转睛,保密,久经沙场,27.46
法玛斯（StatTrak™） | 目皆转睛 (破损不堪),法玛斯（StatTrak™） | 目皆转睛,保密,破损不堪,25.53
法玛斯（StatTrak™） | 目皆转睛 (战痕累累),法玛斯（StatTrak™） | 目皆转睛,保密,战痕累累,17.20
法玛斯（StatTrak™） | 目皆转睛 (略有磨损),法玛斯（StatTrak™） | 目皆转睛,保密,略有磨损,64.74
Tec-9（StatTrak™） | 闪光舞步 (崭新出厂),Tec-9（StatTrak™） | 闪光舞步,军规级,崭新出厂,7.99
Tec-9（StatTrak™） | 闪光舞步 (久经沙场),Tec-9（StatTrak™） | 闪光舞步,军规级,久经沙场,1.36
Tec-9（StatTrak™） | 闪光舞步 (破损不堪),Tec-9（StatTrak™） | 闪光舞步,军规级,破损不堪,11.28
Tec-9（StatTrak™） | 闪光舞步 (战痕累累),Tec-9（StatTrak™） | 闪光舞步,军规级,战痕累累,1.18
Tec-9（StatTrak™） | 闪光舞步 (略有磨损),Tec-9（StatTrak™） | 闪光舞步,军规级,略有磨损,4.00
新星 | 玩具士兵 (崭新出厂),新星 | 玩具士兵,受限,崭新出厂,19.49
新星 | 玩具士兵 (久经沙场),新星 | 玩具士兵,受限,久经沙场,4.04
新星 | 玩具士兵 (破损不堪),新星 | 玩具士兵,受限,破损不堪,3.80
新星 | 玩具士兵 (战痕累累),新星 | 玩具士兵,受限,战痕累累,4.20
新星 | 玩具士兵 (略有磨损),新星 | 玩具士兵,受限,略有磨损,9.09
熊刀（★） | 渐变大理石 (崭新出厂),熊刀（★） | 渐变大理石,隐秘,崭新出厂,3997.80
熊刀（★） | 渐变大理石 (略有磨损),熊刀（★） | 渐变大理石,隐秘,略有磨损,4100.00
AUG（StatTrak™） | 燕群 (崭新出厂),AUG（StatTrak™） | 燕群,保密,崭新出厂,240.00
AUG（StatTrak™） | 燕群 (久经沙场),AUG（StatTrak™） | 燕群,保密,久经沙场,28.60
AUG（StatTrak™） | 燕群 (破损不堪),AUG（StatTrak™） | 燕群,保密,破损不堪,25.50
AUG（StatTrak™） | 燕群 (战痕累累),AUG（StatTrak™） | 燕群,保密,战痕累累,24.96
AUG（StatTrak™） | 燕群 (略有磨损),AUG（StatTrak™） | 燕群,保密,略有磨损,59.40
双持贝瑞塔（StatTrak™） | 1.6精英 (崭新出厂),双持贝瑞塔（StatTrak™） | 1.6精英,军规级,崭新出厂,7.91
双持贝瑞塔（StatTrak™） | 1.6精英 (久经沙场),双持贝瑞塔（StatTrak™） | 1.6精英,军规级,久经沙场,1.97
双持贝瑞塔（StatTrak™） | 1.6精英 (破损不堪),双持贝瑞塔（StatTrak™） | 1.6精英,军规级,破损不堪,
双持贝瑞塔（StatTrak™） | 1.6精英 (战痕累累),双持贝瑞塔（StatTrak™） | 1.6精英,军规级,战痕累累,2.44
双持贝瑞塔（StatTrak™） | 1.6精英 (略有磨损),双持贝瑞塔（StatTrak™） | 1.6精英,军规级,略有磨损,4.00
MAC-10 | 坐牢 (崭新出厂),MAC-10 | 坐牢,军规级,崭新出厂,2.36
MAC-10 | 坐牢 (久经沙场),MAC-10 | 坐牢,军规级,久经沙场,0.39
MAC-10 | 坐牢 (破损不堪),MAC-10 | 坐牢,军规级,破损不堪,0.43
MAC-10 | 坐牢 (战痕累累),MAC-10 | 坐牢,军规级,战痕累累,0.65
MAC-10 | 坐牢 (略有磨损),MAC-10 | 坐牢,军规级,略有磨损,0.88
MP9 | 砂垢 (崭新出厂),MP9 | 砂垢,军规级,崭新出厂,2.28
MP9 | 砂垢 (久经沙场),MP9 | 砂垢,军规级,久经沙场,0.64
MP9 | 砂垢 (破损不堪),MP9 | 砂垢,军规级,破损不堪,0.55
MP9 | 砂垢 (略有磨损),MP9 | 砂垢,军规级,略有磨损,0.91
SCAR-20（StatTrak™） | 血腥运动 (崭新出厂),SCAR-20（StatTrak™） | 血腥运动,保密,崭新出厂,117.17
SCAR-20（StatTrak™） | 血腥运动 (久经沙场),SCAR-20（StatTrak™） | 血腥运动,保密,久经沙场,40.90
SCAR-20（StatTrak™） | 血腥运动 (破损不堪),SCAR-20（StatTrak™） | 血腥运动,保密,破损不堪,40.00
SCAR-20（StatTrak™） | 血腥运动 (略有磨损),SCAR-20（StatTrak™） | 血腥运动,保密,略有磨损,59.99
截短霰弹枪（纪念品） | 辐照警报 (崭新出厂),截短霰弹枪（纪念品） | 辐照警报,消费级,崭新出厂,299.99
截短霰弹枪（纪念品） | 辐照警报 (久经沙场),截短霰弹枪（纪念品） | 辐照警报,消费级,久经沙场,2.49
截短霰弹枪（纪念品） | 辐照警报 (破损不堪),截短霰弹枪（纪念品） | 辐照警报,消费级,破损不堪,49.40
截短霰弹枪（纪念品） | 辐照警报 (战痕累累),截短霰弹枪（纪念品） | 辐照警报,消费级,战痕累累,4.14
截短霰弹枪（纪念品） | 辐照警报 (略有磨损),截短霰弹枪（纪念品） | 辐照警报,消费级,略有磨损,8.70
P250（StatTrak™） | 铠甲 (崭新出厂),P250（StatTrak™） | 铠甲,军规级,崭新出厂,11.60
P250（StatTrak™） | 铠甲 (久经沙场),P250（StatTrak™） | 铠甲,军规级,久经沙场,1.68
P250（StatTrak™） | 铠甲 (破损不堪),P250（StatTrak™） | 铠甲,军规级,破损不堪,1.69
P250（StatTrak™） | 铠甲 (战痕累累),P250（StatTrak™） | 铠甲,军规级,战痕累累,1.73
P250（StatTrak™） | 铠甲 (略有磨损),P250（StatTrak™） | 铠甲,军规级,略有磨损,4.03
求生匕首（★ StatTrak™） | 渐变之色 (崭新出厂),求生匕首（★ StatTrak™） | 渐变之色,隐秘,崭新出厂,4674.32
求生匕首（★ StatTrak™） | 渐变之色 (略有磨损),求生匕首（★ StatTrak™） | 渐变之色,隐秘,略有磨损,
PP-野牛 | 午夜行动 (崭新出厂),PP-野牛 | 午夜行动,工业级,崭新出厂,1.61
PP-野牛 | 午夜行动 (久经沙场),PP-野牛 | 午夜行动,工业级,久经沙场,0.68
PP-野牛 | 午夜行动 (破损不堪),PP-野牛 | 午夜行动,工业级,破损不堪,1.18
PP-野牛 | 午夜行动 (战痕累累),PP-野牛 | 午夜行动,工业级,战痕累累,0.86
PP-野牛 | 午夜行动 (略有磨损),PP-野牛 | 午夜行动,工业级,略有磨损,1.08
SG 553 | 狂哮飓风 (崭新出厂),SG 553 | 狂哮飓风,消费级,崭新出厂,349.00
SG 553 | 狂哮飓风 (久经沙场),SG 553 | 狂哮飓风,消费级,久经沙场,58.00
SG 553 | 狂哮飓风 (破损不堪),SG 553 | 狂哮飓风,消费级,破损不堪,
SG 553 | 狂哮飓风 (战痕累累),SG 553 | 狂哮飓风,消费级,战痕累累,52.73
SG 553 | 狂哮飓风 (略有磨损),SG 553 | 狂哮飓风,消费级,略有磨损,65.00
求生匕首（★ StatTrak™） | 深红之网 (崭新出厂),求生匕首（★ StatTrak™） | 深红之网,隐秘,崭新出厂,
求生匕首（★ StatTrak™） | 深红之网 (久经沙场),求生匕首（★ StatTrak™） | 深红之网,隐秘,久经沙场,2393.20
求生匕首（★ StatTrak™） | 深红之网 (破损不堪),求生匕首（★ StatTrak™） | 深红之网,隐秘,破损不堪,
求生匕首（★ StatTrak™） | 深红之网 (战痕累累),求生匕首（★ StatTrak™） | 深红之网,隐秘,战痕累累,2575.00
求生匕首（★ StatTrak™） | 深红之网 (略有磨损),求生匕首（★ StatTrak™） | 深红之网,隐秘,略有磨损,4225.00
格洛克 18 型（StatTrak™） | 一目了然 (崭新出厂),格洛克 18 型（StatTrak™） | 一目了然,军规级,崭新出厂,18.98
格洛克 18 型（StatTrak™） | 一目了然 (久经沙场),格洛克 18 型（StatTrak™） | 一目了然,军规级,久经沙场,2.65
格洛克 18 型（StatTrak™） | 一目了然 (破损不堪),格洛克 18 型（StatTrak™） | 一目了然,军规级,破损不堪,2.00
格洛克 18 型（StatTrak™） | 一目了然 (战痕累累),格洛克 18 型（StatTrak™） | 一目了然,军规级,战痕累累,1.70
格洛克 18 型（StatTrak™） | 一目了然 (略有磨损),格洛克 18 型（StatTrak™） | 一目了然,军规级,略有磨损,4.78
AK-47 | 翡翠细条纹 (崭新出厂),AK-47 | 翡翠细条纹,受限,崭新出厂,95.59
AK-47 | 翡翠细条纹 (久经沙场),AK-47 | 翡翠细条纹,受限,久经沙场,49.31
AK-47 | 翡翠细条纹 (破损不堪),AK-47 | 翡翠细条纹,受限,破损不堪,40.39
AK-47 | 翡翠细条纹 (战痕累累),AK-47 | 翡翠细条纹,受限,战痕累累,42.30
AK-47 | 翡翠细条纹 (略有磨损),AK-47 | 翡翠细条纹,受限,略有磨损,68.00
M249 | 闹市区 (崭新出厂),M249 | 闹市区,受限,崭新出厂,16.73
M249 | 闹市区 (久经沙场),M249 | 闹市区,受限,久经沙场,5.19
M249 | 闹市区 (破损不堪),M249 | 闹市区,受限,破损不堪,4.88
M249 | 闹市区 (战痕累累),M249 | 闹市区,受限,战痕累累,4.03
M249 | 闹市区 (略有磨损),M249 | 闹市区,受限,略有磨损,9.30
爪子刀（★） | 北方森林 (崭新出厂),爪子刀（★） | 北方森林,隐秘,崭新出厂,
爪子刀（★） | 北方森林 (久经沙场),爪子刀（★） | 北方森林,隐秘,久经沙场,3797.00
爪子刀（★） | 北方森林 (破损不堪),爪子刀（★） | 北方森林,隐秘,破损不堪,3506.00
爪子刀（★） | 北方森林 (战痕累累),爪子刀（★） | 北方森林,隐秘,战痕累累,3450.00
爪子刀（★） | 北方森林 (略有磨损),爪子刀（★） | 北方森林,隐秘,略有磨损,4500.00
MAC-10 | 板条箱 (崭新出厂),MAC-10 | 板条箱,军规级,崭新出厂,2.68
MAC-10 | 板条箱 (久经沙场),MAC-10 | 板条箱,军规级,久经沙场,0.63
MAC-10 | 板条箱 (破损不堪),MAC-10 | 板条箱,军规级,破损不堪,0.52
MAC-10 | 板条箱 (战痕累累),MAC-10 | 板条箱,军规级,战痕累累,0.90
MAC-10 | 板条箱 (略有磨损),MAC-10 | 板条箱,军规级,略有磨损,1.16
Tec-9 | 安全网 (崭新出厂),Tec-9 | 安全网,军规级,崭新出厂,7.58
Tec-9 | 安全网 (久经沙场),Tec-9 | 安全网,军规级,久经沙场,3.80
Tec-9 | 安全网 (破损不堪),Tec-9 | 安全网,军规级,破损不堪,4.82
Tec-9 | 安全网 (战痕累累),Tec-9 | 安全网,军规级,战痕累累,4.44
Tec-9 | 安全网 (略有磨损),Tec-9 | 安全网,军规级,略有磨损,4.05
新星（StatTrak™） | 毒蜥 (崭新出厂),新星（StatTrak™） | 毒蜥,受限,崭新出厂,27.62
新星（StatTrak™） | 毒蜥 (久经沙场),新星（StatTrak™） | 毒蜥,受限,久经沙场,5.86
新星（StatTrak™） | 毒蜥 (略有磨损),新星（StatTrak™） | 毒蜥,受限,略有磨损,9.32
法玛斯（StatTrak™） | 机械工业 (崭新出厂),法玛斯（StatTrak™） | 机械工业,保密,崭新出厂,122.00
法玛斯（StatTrak™） | 机械工业 (久经沙场),法玛斯（StatTrak™） | 机械工业,保密,久经沙场,42.00
法玛斯（StatTrak™） | 机械工业 (破损不堪),法玛斯（StatTrak™） | 机械工业,保密,破损不堪,888.00
法玛斯（StatTrak™） | 机械工业 (战痕累累),法玛斯（StatTrak™） | 机械工业,保密,战痕累累,44.45
法玛斯（StatTrak™） | 机械工业 (略有磨损),法玛斯（StatTrak™） | 机械工业,保密,略有磨损,65.32
XM1014（StatTrak™） | 狻猊 (崭新出厂),XM1014（StatTrak™） | 狻猊,军规级,崭新出厂,63.51
XM1014（StatTrak™） | 狻猊 (久经沙场),XM1014（StatTrak™） | 狻猊,军规级,久经沙场,4.20
XM1014（StatTrak™） | 狻猊 (破损不堪),XM1014（StatTrak™） | 狻猊,军规级,破损不堪,2.50
XM1014（StatTrak™） | 狻猊 (战痕累累),XM1014（StatTrak™） | 狻猊,军规级,战痕累累,2.08
XM1014（StatTrak™） | 狻猊 (略有磨损),XM1014（StatTrak™） | 狻猊,军规级,略有磨损,9.79
P250 | 赛博先锋 (崭新出厂),P250 | 赛博先锋,受限,崭新出厂,9.00
P250 | 赛博先锋 (久经沙场),P250 | 赛博先锋,受限,久经沙场,1.64
P250 | 赛博先锋 (破损不堪),P250 | 赛博先锋,受限,破损不堪,1.90
P250 | 赛博先锋 (战痕累累),P250 | 赛博先锋,受限,战痕累累,1.33
P250 | 赛博先锋 (略有磨损),P250 | 赛博先锋,受限,略有磨损,4.27
M9 刺刀（★ StatTrak™） | 人工染色 (崭新出厂),M9 刺刀（★ StatTrak™） | 人工染色,隐秘,崭新出厂,
M9 刺刀（★ StatTrak™） | 人工染色 (久经沙场),M9 刺刀（★ StatTrak™） | 人工染色,隐秘,久经沙场,3650.00
M9 刺刀（★ StatTrak™） | 人工染色 (破损不堪),M9 刺刀（★ StatTrak™） | 人工染色,隐秘,破损不堪,
M9 刺刀（★ StatTrak™） | 人工染色 (战痕累累),M9 刺刀（★ StatTrak™） | 人工染色,隐秘,战痕累累,3340.00
M9 刺刀（★ StatTrak™） | 人工染色 (略有磨损),M9 刺刀（★ StatTrak™） | 人工染色,隐秘,略有磨损,5000.00
MP7（纪念品） | 绿野迷踪 (崭新出厂),MP7（纪念品） | 绿野迷踪,工业级,崭新出厂,3.70
MP7（纪念品） | 绿野迷踪 (久经沙场),MP7（纪念品） | 绿野迷踪,工业级,久经沙场,0.70
MP7（纪念品） | 绿野迷踪 (破损不堪),MP7（纪念品） | 绿野迷踪,工业级,破损不堪,2.64
MP7（纪念品） | 绿野迷踪 (战痕累累),MP7（纪念品） | 绿野迷踪,工业级,战痕累累,1.54
MP7（纪念品） | 绿野迷踪 (略有磨损),MP7（纪念品） | 绿野迷踪,工业级,略有磨损,1.12
加利尔 AR（StatTrak™） | 支离破碎 (崭新出厂),加利尔 AR（StatTrak™） | 支离破碎,军规级,崭新出厂,
加利尔 AR（StatTrak™） | 支离破碎 (久经沙场),加利尔 AR（StatTrak™） | 支离破碎,军规级,久经沙场,200.00
加利尔 AR（StatTrak™） | 支离破碎 (破损不堪),加利尔 AR（StatTrak™） | 支离破碎,军规级,破损不堪,
加利尔 AR（StatTrak™） | 支离破碎 (战痕累累),加利尔 AR（StatTrak™） | 支离破碎,军规级,战痕累累,282.66
加利尔 AR（StatTrak™） | 支离破碎 (略有磨损),加利尔 AR（StatTrak™） | 支离破碎,军规级,略有磨损,67.00
M249 | 翠绿箭毒蛙 (崭新出厂),M249 | 翠绿箭毒蛙,受限,崭新出厂,14.75
M249 | 翠绿箭毒蛙 (久经沙场),M249 | 翠绿箭毒蛙,受限,久经沙场,8.70
M249 | 翠绿箭毒蛙 (破损不堪),M249 | 翠绿箭毒蛙,受限,破损不堪,7.90
M249 | 翠绿箭毒蛙 (略有磨损),M249 | 翠绿箭毒蛙,受限,略有磨损,9.58
Tec-9 | 青竹伪装 (崭新出厂),Tec-9 | 青竹伪装,受限,崭新出厂,8.90
Tec-9 | 青竹伪装 (久经沙场),Tec-9 | 青竹伪装,受限,久经沙场,2.40
Tec-9 | 青竹伪装 (破损不堪),Tec-9 | 青竹伪装,受限,破损不堪,3.33
Tec-9 | 青竹伪装 (战痕累累),Tec-9 | 青竹伪装,受限,战痕累累,2.27
Tec-9 | 青竹伪装 (略有磨损),Tec-9 | 青竹伪装,受限,略有磨损,4.33
骷髅匕首（★ StatTrak™） | 人工染色 (崭新出厂),骷髅匕首（★ StatTrak™） | 人工染色,隐秘,崭新出厂,6400.00
骷髅匕首（★ StatTrak™） | 人工染色 (久经沙场),骷髅匕首（★ StatTrak™） | 人工染色,隐秘,久经沙场,3750.00
骷髅匕首（★ StatTrak™） | 人工染色 (破损不堪),骷髅匕首（★ StatTrak™） | 人工染色,隐秘,破损不堪,3300.00
骷髅匕首（★ StatTrak™） | 人工染色 (战痕累累),骷髅匕首（★ StatTrak™） | 人工染色,隐秘,战痕累累,
骷髅匕首（★ StatTrak™） | 人工染色 (略有磨损),骷髅匕首（★ StatTrak™） | 人工染色,隐秘,略有磨损,4100.00
MP9 | 生化泄漏 (崭新出厂),MP9 | 生化泄漏,军规级,崭新出厂,1.84
MP9 | 生化泄漏 (久经沙场),MP9 | 生化泄漏,军规级,久经沙场,0.47
MP9 | 生化泄漏 (破损不堪),MP9 | 生化泄漏,军规级,破损不堪,0.90
MP9 | 生化泄漏 (战痕累累),MP9 | 生化泄漏,军规级,战痕累累,0.98
MP9 | 生化泄漏 (略有磨损),MP9 | 生化泄漏,军规级,略有磨损,1.00
截短霰弹枪 | 刹车灯 (崭新出厂),截短霰弹枪 | 刹车灯,军规级,崭新出厂,9.49
截短霰弹枪 | 刹车灯 (略有磨损),截短霰弹枪 | 刹车灯,军规级,略有磨损,9.78
M9 刺刀（★） | 噩梦之夜 (崭新出厂),M9 刺刀（★） | 噩梦之夜,隐秘,崭新出厂,
M9 刺刀（★） | 噩梦之夜 (久经沙场),M9 刺刀（★） | 噩梦之夜,隐秘,久经沙场,3625.30
M9 刺刀（★） | 噩梦之夜 (破损不堪),M9 刺刀（★） | 噩梦之夜,隐秘,破损不堪,3596.00
M9 刺刀（★） | 噩梦之夜 (战痕累累),M9 刺刀（★） | 噩梦之夜,隐秘,战痕累累,3656.67
M9 刺刀（★） | 噩梦之夜 (略有磨损),M9 刺刀（★） | 噩梦之夜,隐秘,略有磨损,4640.00
MAC-10 | 海洋 (崭新出厂),MAC-10 | 海洋,军规级,崭新出厂,1.78
MAC-10 | 海洋 (久经沙场),MAC-10 | 海洋,军规级,久经沙场,0.58
MAC-10 | 海洋 (破损不堪),MAC-10 | 海洋,军规级,破损不堪,0.67
MAC-10 | 海洋 (战痕累累),MAC-10 | 海洋,军规级,战痕累累,0.36
MAC-10 | 海洋 (略有磨损),MAC-10 | 海洋,军规级,略有磨损,0.93
刺刀（★） | 深红之网 (崭新出厂),刺刀（★） | 深红之网,隐秘,崭新出厂,88888.88
刺刀（★） | 深红之网 (久经沙场),刺刀（★） | 深红之网,隐秘,久经沙场,2518.49
刺刀（★） | 深红之网 (破损不堪),刺刀（★） | 深红之网,隐秘,破损不堪,
刺刀（★） | 深红之网 (战痕累累),刺刀（★） | 深红之网,隐秘,战痕累累,2696.30
刺刀（★） | 深红之网 (略有磨损),刺刀（★） | 深红之网,隐秘,略有磨损,4149.00
双持贝瑞塔（StatTrak™） | 碎片 (崭新出厂),双持贝瑞塔（StatTrak™） | 碎片,军规级,崭新出厂,7.61
双持贝瑞塔（StatTrak™） | 碎片 (久经沙场),双持贝瑞塔（StatTrak™） | 碎片,军规级,久经沙场,3.22
双持贝瑞塔（StatTrak™） | 碎片 (破损不堪),双持贝瑞塔（StatTrak™） | 碎片,军规级,破损不堪,2.48
双持贝瑞塔（StatTrak™） | 碎片 (战痕累累),双持贝瑞塔（StatTrak™） | 碎片,军规级,战痕累累,2.10
双持贝瑞塔（StatTrak™） | 碎片 (略有磨损),双持贝瑞塔（StatTrak™） | 碎片,军规级,略有磨损,4.15
AK-47 | 蓝色层压板 (崭新出厂),AK-47 | 蓝色层压板,受限,崭新出厂,75.51
AK-47 | 蓝色层压板 (久经沙场),AK-47 | 蓝色层压板,受限,久经沙场,56.17
AK-47 | 蓝色层压板 (破损不堪),AK-47 | 蓝色层压板,受限,破损不堪,100.00
AK-47 | 蓝色层压板 (略有磨损),AK-47 | 蓝色层压板,受限,略有磨损,61.81
内格夫（StatTrak™） | 眩目 (久经沙场),内格夫（StatTrak™） | 眩目,军规级,久经沙场,1.33
内格夫（StatTrak™） | 眩目 (破损不堪),内格夫（StatTrak™） | 眩目,军规级,破损不堪,2.50
内格夫（StatTrak™） | 眩目 (战痕累累),内格夫（StatTrak™） | 眩目,军规级,战痕累累,0.90
内格夫（StatTrak™） | 眩目 (略有磨损),内格夫（StatTrak™） | 眩目,军规级,略有磨损,9.95
格洛克 18 型 | 城里的月光 (崭新出厂),格洛克 18 型 | 城里的月光,受限,崭新出厂,8.40
格洛克 18 型 | 城里的月光 (久经沙场),格洛克 18 型 | 城里的月光,受限,久经沙场,2.24
格洛克 18 型 | 城里的月光 (破损不堪),格洛克 18 型 | 城里的月光,受限,破损不堪,2.35
格洛克 18 型 | 城里的月光 (战痕累累),格洛克 18 型 | 城里的月光,受限,战痕累累,2.58
格洛克 18 型 | 城里的月光 (略有磨损),格洛克 18 型 | 城里的月光,受限,略有磨损,4.47
锯齿爪刀（★） | 表面淬火 (崭新出厂),锯齿爪刀（★） | 表面淬火,隐秘,崭新出厂,7500.00
锯齿爪刀（★） | 表面淬火 (久经沙场),锯齿爪刀（★） | 表面淬火,隐秘,久经沙场,4067.00
锯齿爪刀（★） | 表面淬火 (破损不堪),锯齿爪刀（★） | 表面淬火,隐秘,破损不堪,3589.70
锯齿爪刀（★） | 表面淬火 (战痕累累),锯齿爪刀（★） | 表面淬火,隐秘,战痕累累,3144.00
锯齿爪刀（★） | 表面淬火 (略有磨损),锯齿爪刀（★） | 表面淬火,隐秘,略有磨损,4450.00
PP-野牛 | 红苹果 (崭新出厂),PP-野牛 | 红苹果,工业级,崭新出厂,2.00
PP-野牛 | 红苹果 (久经沙场),PP-野牛 | 红苹果,工业级,久经沙场,0.88
PP-野牛 | 红苹果 (略有磨损),PP-野牛 | 红苹果,工业级,略有磨损,1.15
M9 刺刀（★ StatTrak™） | 森林 DDPAT (崭新出厂),M9 刺刀（★ StatTrak™） | 森林 DDPAT,隐秘,崭新出厂,
M9 刺刀（★ StatTrak™） | 森林 DDPAT (久经沙场),M9 刺刀（★ StatTrak™） | 森林 DDPAT,隐秘,久经沙场,3300.00
M9 刺刀（★ StatTrak™） | 森林 DDPAT (破损不堪),M9 刺刀（★ StatTrak™） | 森林 DDPAT,隐秘,破损不堪,
M9 刺刀（★ StatTrak™） | 森林 DDPAT (战痕累累),M9 刺刀（★ StatTrak™） | 森林 DDPAT,隐秘,战痕累累,3888.00
M9 刺刀（★ StatTrak™） | 森林 DDPAT (略有磨损),M9 刺刀（★ StatTrak™） | 森林 DDPAT,隐秘,略有磨损,3500.00
UMP-45 | 路障 (崭新出厂),UMP-45 | 路障,军规级,崭新出厂,2.64
UMP-45 | 路障 (久经沙场),UMP-45 | 路障,军规级,久经沙场,0.53
UMP-45 | 路障 (破损不堪),UMP-45 | 路障,军规级,破损不堪,0.45
UMP-45 | 路障 (战痕累累),UMP-45 | 路障,军规级,战痕累累,0.40
UMP-45 | 路障 (略有磨损),UMP-45 | 路障,军规级,略有磨损,1.28
Tec-9（StatTrak™） | 蛇-9 (崭新出厂),Tec-9（StatTrak™） | 蛇-9,军规级,崭新出厂,12.00
Tec-9（StatTrak™） | 蛇-9 (久经沙场),Tec-9（StatTrak™） | 蛇-9,军规级,久经沙场,2.05
Tec-9（StatTrak™） | 蛇-9 (破损不堪),Tec-9（StatTrak™） | 蛇-9,军规级,破损不堪,1.51
Tec-9（StatTrak™） | 蛇-9 (战痕累累),Tec-9（StatTrak™） | 蛇-9,军规级,战痕累累,1.52
Tec-9（StatTrak™） | 蛇-9 (略有磨损),Tec-9（StatTrak™） | 蛇-9,军规级,略有磨损,4.79
M249（StatTrak™） | 战隼 (崭新出厂),M249（StatTrak™） | 战隼,军规级,崭新出厂,
M249（StatTrak™） | 战隼 (久经沙场),M249（StatTrak™） | 战隼,军规级,久经沙场,4.79
M249（StatTrak™） | 战隼 (破损不堪),M249（StatTrak™） | 战隼,军规级,破损不堪,9.21
M249（StatTrak™） | 战隼 (战痕累累),M249（StatTrak™） | 战隼,军规级,战痕累累,7.73
M249（StatTrak™） | 战隼 (略有磨损),M249（StatTrak™） | 战隼,军规级,略有磨损,9.96
AUG | 孟加拉猛虎 (崭新出厂),AUG | 孟加拉猛虎,保密,崭新出厂,443.61
AUG | 孟加拉猛虎 (久经沙场),AUG | 孟加拉猛虎,保密,久经沙场,28.00
AUG | 孟加拉猛虎 (破损不堪),AUG | 孟加拉猛虎,保密,破损不堪,33.00
AUG | 孟加拉猛虎 (战痕累累),AUG | 孟加拉猛虎,保密,战痕累累,66.66
AUG | 孟加拉猛虎 (略有磨损),AUG | 孟加拉猛虎,保密,略有磨损,68.00
CZ75 | 红鹰 (崭新出厂),CZ75 | 红鹰,受限,崭新出厂,10.60
CZ75 | 红鹰 (久经沙场),CZ75 | 红鹰,受限,久经沙场,2.90
CZ75 | 红鹰 (破损不堪),CZ75 | 红鹰,受限,破损不堪,2.42
CZ75 | 红鹰 (战痕累累),CZ75 | 红鹰,受限,战痕累累,2.88
CZ75 | 红鹰 (略有磨损),CZ75 | 红鹰,受限,略有磨损,4.40
MP7 | 主板 (崭新出厂),MP7 | 主板,工业级,崭新出厂,1.66
MP7 | 主板 (久经沙场),MP7 | 主板,工业级,久经沙场,0.71
MP7 | 主板 (破损不堪),MP7 | 主板,工业级,破损不堪,0.87
MP7 | 主板 (战痕累累),MP7 | 主板,工业级,战痕累累,0.75
MP7 | 主板 (略有磨损),MP7 | 主板,工业级,略有磨损,0.95
折叠刀（★） | 深红之网 (崭新出厂),折叠刀（★） | 深红之网,隐秘,崭新出厂,15000.00
折叠刀（★） | 深红之网 (久经沙场),折叠刀（★） | 深红之网,隐秘,久经沙场,2636.24
折叠刀（★） | 深红之网 (破损不堪),折叠刀（★） | 深红之网,隐秘,破损不堪,2349.00
折叠刀（★） | 深红之网 (战痕累累),折叠刀（★） | 深红之网,隐秘,战痕累累,2019.98
折叠刀（★） | 深红之网 (略有磨损),折叠刀（★） | 深红之网,隐秘,略有磨损,4500.00
AWP（StatTrak™） | 亡灵之主 (崭新出厂),AWP（StatTrak™） | 亡灵之主,受限,崭新出厂,218.37
AWP（StatTrak™） | 亡灵之主 (久经沙场),AWP（StatTrak™） | 亡灵之主,受限,久经沙场,32.61
AWP（StatTrak™） | 亡灵之主 (破损不堪),AWP（StatTrak™） | 亡灵之主,受限,破损不堪,41.40
AWP（StatTrak™） | 亡灵之主 (战痕累累),AWP（StatTrak™） | 亡灵之主,受限,战痕累累,39.50
AWP（StatTrak™） | 亡灵之主 (略有磨损),AWP（StatTrak™） | 亡灵之主,受限,略有磨损,66.93
Tec-9 | 战火重燃 (崭新出厂),Tec-9 | 战火重燃,受限,崭新出厂,8.70
Tec-9 | 战火重燃 (久经沙场),Tec-9 | 战火重燃,受限,久经沙场,2.57
Tec-9 | 战火重燃 (破损不堪),Tec-9 | 战火重燃,受限,破损不堪,3.00
Tec-9 | 战火重燃 (略有磨损),Tec-9 | 战火重燃,受限,略有磨损,4.45
AWP | 浮生如梦 (崭新出厂),AWP | 浮生如梦,保密,崭新出厂,84.79
AWP | 浮生如梦 (久经沙场),AWP | 浮生如梦,保密,久经沙场,48.28
AWP | 浮生如梦 (破损不堪),AWP | 浮生如梦,保密,破损不堪,257.86
AWP | 浮生如梦 (战痕累累),AWP | 浮生如梦,保密,战痕累累,47.71
AWP | 浮生如梦 (略有磨损),AWP | 浮生如梦,保密,略有磨损,60.63
M9 刺刀（★） | 蓝钢 (崭新出厂),M9 刺刀（★） | 蓝钢,隐秘,崭新出厂,6300.00
M9 刺刀（★） | 蓝钢 (久经沙场),M9 刺刀（★） | 蓝钢,隐秘,久经沙场,4500.00
M9 刺刀（★） | 蓝钢 (破损不堪),M9 刺刀（★） | 蓝钢,隐秘,破损不堪,4210.00
M9 刺刀（★） | 蓝钢 (战痕累累),M9 刺刀（★） | 蓝钢,隐秘,战痕累累,4060.00
M9 刺刀（★） | 蓝钢 (略有磨损),M9 刺刀（★） | 蓝钢,隐秘,略有磨损,4638.00
MAC-10 | 萌猴迷彩 (崭新出厂),MAC-10 | 萌猴迷彩,军规级,崭新出厂,2.40
MAC-10 | 萌猴迷彩 (久经沙场),MAC-10 | 萌猴迷彩,军规级,久经沙场,0.58
MAC-10 | 萌猴迷彩 (破损不堪),MAC-10 | 萌猴迷彩,军规级,破损不堪,0.46
MAC-10 | 萌猴迷彩 (战痕累累),MAC-10 | 萌猴迷彩,军规级,战痕累累,0.43
MAC-10 | 萌猴迷彩 (略有磨损),MAC-10 | 萌猴迷彩,军规级,略有磨损,1.02
内格夫（纪念品） | 加州迷彩 (崭新出厂),内格夫（纪念品） | 加州迷彩,工业级,崭新出厂,18.59
内格夫（纪念品） | 加州迷彩 (久经沙场),内格夫（纪念品） | 加州迷彩,工业级,久经沙场,4.94
内格夫（纪念品） | 加州迷彩 (破损不堪),内格夫（纪念品） | 加州迷彩,工业级,破损不堪,21.33
内格夫（纪念品） | 加州迷彩 (战痕累累),内格夫（纪念品） | 加州迷彩,工业级,战痕累累,20.00
内格夫（纪念品） | 加州迷彩 (略有磨损),内格夫（纪念品） | 加州迷彩,工业级,略有磨损,7.43
CZ75 | 先驱 (崭新出厂),CZ75 | 先驱,受限,崭新出厂,11.34
CZ75 | 先驱 (久经沙场),CZ75 | 先驱,受限,久经沙场,3.06
CZ75 | 先驱 (破损不堪),CZ75 | 先驱,受限,破损不堪,4.50
CZ75 | 先驱 (战痕累累),CZ75 | 先驱,受限,战痕累累,2.88
CZ75 | 先驱 (略有磨损),CZ75 | 先驱,受限,略有磨损,4.84
UMP-45 | 动摇 (崭新出厂),UMP-45 | 动摇,军规级,崭新出厂,2.37
UMP-45 | 动摇 (久经沙场),UMP-45 | 动摇,军规级,久经沙场,0.67
UMP-45 | 动摇 (破损不堪),UMP-45 | 动摇,军规级,破损不堪,0.57
UMP-45 | 动摇 (战痕累累),UMP-45 | 动摇,军规级,战痕累累,0.59
UMP-45 | 动摇 (略有磨损),UMP-45 | 动摇,军规级,略有磨损,1.22
M4A1 消音型（StatTrak™） | 血虎 (崭新出厂),M4A1 消音型（StatTrak™） | 血虎,军规级,崭新出厂,115.66
M4A1 消音型（StatTrak™） | 血虎 (久经沙场),M4A1 消音型（StatTrak™） | 血虎,军规级,久经沙场,260.00
M4A1 消音型（StatTrak™） | 血虎 (略有磨损),M4A1 消音型（StatTrak™） | 血虎,军规级,略有磨损,70.00
折叠刀（★ StatTrak™） | 深红之网 (崭新出厂),折叠刀（★ StatTrak™） | 深红之网,隐秘,崭新出厂,
折叠刀（★ StatTrak™） | 深红之网 (久经沙场),折叠刀（★ StatTrak™） | 深红之网,隐秘,久经沙场,2880.00
折叠刀（★ StatTrak™） | 深红之网 (破损不堪),折叠刀（★ StatTrak™） | 深红之网,隐秘,破损不堪,
折叠刀（★ StatTrak™） | 深红之网 (战痕累累),折叠刀（★ StatTrak™） | 深红之网,隐秘,战痕累累,1900.00
折叠刀（★ StatTrak™） | 深红之网 (略有磨损),折叠刀（★ StatTrak™） | 深红之网,隐秘,略有磨损,4888.00
M249 | 冲击钻 (崭新出厂),M249 | 冲击钻,消费级,崭新出厂,21.64
M249 | 冲击钻 (久经沙场),M249 | 冲击钻,消费级,久经沙场,9.79
M249 | 冲击钻 (破损不堪),M249 | 冲击钻,消费级,破损不堪,10.00
M249 | 冲击钻 (战痕累累),M249 | 冲击钻,消费级,战痕累累,8.97
M249 | 冲击钻 (略有磨损),M249 | 冲击钻,消费级,略有磨损,9.66
加利尔 AR | 废墟黄昏 (崭新出厂),加利尔 AR | 废墟黄昏,军规级,崭新出厂,81.09
加利尔 AR | 废墟黄昏 (久经沙场),加利尔 AR | 废墟黄昏,军规级,久经沙场,62.90
加利尔 AR | 废墟黄昏 (破损不堪),加利尔 AR | 废墟黄昏,军规级,破损不堪,
加利尔 AR | 废墟黄昏 (战痕累累),加利尔 AR | 废墟黄昏,军规级,战痕累累,
加利尔 AR | 废墟黄昏 (略有磨损),加利尔 AR | 废墟黄昏,军规级,略有磨损,69.90
MP5-SD | 沙漠精英 (崭新出厂),MP5-SD | 沙漠精英,军规级,崭新出厂,2.80
MP5-SD | 沙漠精英 (久经沙场),MP5-SD | 沙漠精英,军规级,久经沙场,0.40
MP5-SD | 沙漠精英 (破损不堪),MP5-SD | 沙漠精英,军规级,破损不堪,0.35
MP5-SD | 沙漠精英 (战痕累累),MP5-SD | 沙漠精英,军规级,战痕累累,0.34
MP5-SD | 沙漠精英 (略有磨损),MP5-SD | 沙漠精英,军规级,略有磨损,0.77
CZ75 | 战术高手 (崭新出厂),CZ75 | 战术高手,受限,崭新出厂,10.35
CZ75 | 战术高手 (久经沙场),CZ75 | 战术高手,受限,久经沙场,2.78
CZ75 | 战术高手 (破损不堪),CZ75 | 战术高手,受限,破损不堪,3.90
CZ75 | 战术高手 (战痕累累),CZ75 | 战术高手,受限,战痕累累,3.95
CZ75 | 战术高手 (略有磨损),CZ75 | 战术高手,受限,略有磨损,5.52
蝴蝶刀（★） | 狩猎网格 (崭新出厂),蝴蝶刀（★） | 狩猎网格,隐秘,崭新出厂,6666.00
蝴蝶刀（★） | 狩猎网格 (久经沙场),蝴蝶刀（★） | 狩猎网格,隐秘,久经沙场,4278.00
蝴蝶刀（★） | 狩猎网格 (破损不堪),蝴蝶刀（★） | 狩猎网格,隐秘,破损不堪,4229.53
蝴蝶刀（★） | 狩猎网格 (战痕累累),蝴蝶刀（★） | 狩猎网格,隐秘,战痕累累,4195.00
蝴蝶刀（★） | 狩猎网格 (略有磨损),蝴蝶刀（★） | 狩猎网格,隐秘,略有磨损,4619.70
新星（StatTrak™） | 风卷残云 (崭新出厂),新星（StatTrak™） | 风卷残云,军规级,崭新出厂,20.00
新星（StatTrak™） | 风卷残云 (久经沙场),新星（StatTrak™） | 风卷残云,军规级,久经沙场,5.40
新星（StatTrak™） | 风卷残云 (破损不堪),新星（StatTrak™） | 风卷残云,军规级,破损不堪,8.14
新星（StatTrak™） | 风卷残云 (战痕累累),新星（StatTrak™） | 风卷残云,军规级,战痕累累,8.90
新星（StatTrak™） | 风卷残云 (略有磨损),新星（StatTrak™） | 风卷残云,军规级,略有磨损,10.79
SSG 08 | 鬼脸天蛾 (崭新出厂),SSG 08 | 鬼脸天蛾,受限,崭新出厂,82.07
SSG 08 | 鬼脸天蛾 (久经沙场),SSG 08 | 鬼脸天蛾,受限,久经沙场,54.00
SSG 08 | 鬼脸天蛾 (破损不堪),SSG 08 | 鬼脸天蛾,受限,破损不堪,45.00
SSG 08 | 鬼脸天蛾 (战痕累累),SSG 08 | 鬼脸天蛾,受限,战痕累累,53.00
SSG 08 | 鬼脸天蛾 (略有磨损),SSG 08 | 鬼脸天蛾,受限,略有磨损,70.00
MP9（纪念品） | 滑移 (崭新出厂),MP9（纪念品） | 滑移,消费级,崭新出厂,25.80
MP9（纪念品） | 滑移 (久经沙场),MP9（纪念品） | 滑移,消费级,久经沙场,0.20
MP9（纪念品） | 滑移 (破损不堪),MP9（纪念品） | 滑移,消费级,破损不堪,0.27
MP9（纪念品） | 滑移 (战痕累累),MP9（纪念品） | 滑移,消费级,战痕累累,0.31
MP9（纪念品） | 滑移 (略有磨损),MP9（纪念品） | 滑移,消费级,略有磨损,1.02
MP9 | 中度威胁 (崭新出厂),MP9 | 中度威胁,军规级,崭新出厂,2.50
MP9 | 中度威胁 (久经沙场),MP9 | 中度威胁,军规级,久经沙场,0.48
MP9 | 中度威胁 (破损不堪),MP9 | 中度威胁,军规级,破损不堪,0.59
MP9 | 中度威胁 (战痕累累),MP9 | 中度威胁,军规级,战痕累累,0.39
MP9 | 中度威胁 (略有磨损),MP9 | 中度威胁,军规级,略有磨损,1.12
格洛克 18 型（StatTrak™） | 战鹰 (崭新出厂),格洛克 18 型（StatTrak™） | 战鹰,军规级,崭新出厂,28.68
格洛克 18 型（StatTrak™） | 战鹰 (久经沙场),格洛克 18 型（StatTrak™） | 战鹰,军规级,久经沙场,2.00
格洛克 18 型（StatTrak™） | 战鹰 (破损不堪),格洛克 18 型（StatTrak™） | 战鹰,军规级,破损不堪,1.59
格洛克 18 型（StatTrak™） | 战鹰 (战痕累累),格洛克 18 型（StatTrak™） | 战鹰,军规级,战痕累累,1.67
格洛克 18 型（StatTrak™） | 战鹰 (略有磨损),格洛克 18 型（StatTrak™） | 战鹰,军规级,略有磨损,7.00
XM1014 | 四季 (崭新出厂),XM1014 | 四季,受限,崭新出厂,14.69
XM1014 | 四季 (久经沙场),XM1014 | 四季,受限,久经沙场,9.20
XM1014 | 四季 (破损不堪),XM1014 | 四季,受限,破损不堪,9.00
XM1014 | 四季 (战痕累累),XM1014 | 四季,受限,战痕累累,7.71
XM1014 | 四季 (略有磨损),XM1014 | 四季,受限,略有磨损,10.39
求生匕首（★） | 渐变之色 (崭新出厂),求生匕首（★） | 渐变之色,隐秘,崭新出厂,4560.41
求生匕首（★） | 渐变之色 (略有磨损),求生匕首（★） | 渐变之色,隐秘,略有磨损,5700.00
法玛斯 | 黑水 (久经沙场),法玛斯 | 黑水,军规级,久经沙场,
法玛斯 | 黑水 (略有磨损),法玛斯 | 黑水,军规级,略有磨损,66.79
M9 刺刀（★） | 自由之手 (崭新出厂),M9 刺刀（★） | 自由之手,隐秘,崭新出厂,5188.00
M9 刺刀（★） | 自由之手 (久经沙场),M9 刺刀（★） | 自由之手,隐秘,久经沙场,4284.11
M9 刺刀（★） | 自由之手 (破损不堪),M9 刺刀（★） | 自由之手,隐秘,破损不堪,
M9 刺刀（★） | 自由之手 (战痕累累),M9 刺刀（★） | 自由之手,隐秘,战痕累累,3450.00
M9 刺刀（★） | 自由之手 (略有磨损),M9 刺刀（★） | 自由之手,隐秘,略有磨损,4644.35
MAC-10 | 小牛皮 (崭新出厂),MAC-10 | 小牛皮,工业级,崭新出厂,4.75
MAC-10 | 小牛皮 (久经沙场),MAC-10 | 小牛皮,工业级,久经沙场,0.70
MAC-10 | 小牛皮 (破损不堪),MAC-10 | 小牛皮,工业级,破损不堪,0.74
MAC-10 | 小牛皮 (战痕累累),MAC-10 | 小牛皮,工业级,战痕累累,0.72
MAC-10 | 小牛皮 (略有磨损),MAC-10 | 小牛皮,工业级,略有磨损,1.18
格洛克 18 型 | 鼬鼠 (崭新出厂),格洛克 18 型 | 鼬鼠,受限,崭新出厂,17.20
格洛克 18 型 | 鼬鼠 (久经沙场),格洛克 18 型 | 鼬鼠,受限,久经沙场,2.20
格洛克 18 型 | 鼬鼠 (破损不堪),格洛克 18 型 | 鼬鼠,受限,破损不堪,2.35
格洛克 18 型 | 鼬鼠 (战痕累累),格洛克 18 型 | 鼬鼠,受限,战痕累累,2.00
格洛克 18 型 | 鼬鼠 (略有磨损),格洛克 18 型 | 鼬鼠,受限,略有磨损,4.54
截短霰弹枪（StatTrak™） | 启示录 (崭新出厂),截短霰弹枪（StatTrak™） | 启示录,受限,崭新出厂,35.99
截短霰弹枪（StatTrak™） | 启示录 (久经沙场),截短霰弹枪（StatTrak™） | 启示录,受限,久经沙场,7.45
截短霰弹枪（StatTrak™） | 启示录 (破损不堪),截短霰弹枪（StatTrak™） | 启示录,受限,破损不堪,6.00
截短霰弹枪（StatTrak™） | 启示录 (战痕累累),截短霰弹枪（StatTrak™） | 启示录,受限,战痕累累,5.49
截短霰弹枪（StatTrak™） | 启示录 (略有磨损),截短霰弹枪（StatTrak™） | 启示录,受限,略有磨损,13.48
M4A4（纪念品） | 红色 DDPAT (崭新出厂),M4A4（纪念品） | 红色 DDPAT,受限,崭新出厂,164.15
M4A4（纪念品） | 红色 DDPAT (久经沙场),M4A4（纪念品） | 红色 DDPAT,受限,久经沙场,27.22
M4A4（纪念品） | 红色 DDPAT (破损不堪),M4A4（纪念品） | 红色 DDPAT,受限,破损不堪,39.99
M4A4（纪念品） | 红色 DDPAT (战痕累累),M4A4（纪念品） | 红色 DDPAT,受限,战痕累累,
M4A4（纪念品） | 红色 DDPAT (略有磨损),M4A4（纪念品） | 红色 DDPAT,受限,略有磨损,70.00
USP 消音版 | 闪回 (崭新出厂),USP 消音版 | 闪回,受限,崭新出厂,9.61
USP 消音版 | 闪回 (久经沙场),USP 消音版 | 闪回,受限,久经沙场,3.35
USP 消音版 | 闪回 (破损不堪),USP 消音版 | 闪回,受限,破损不堪,3.96
USP 消音版 | 闪回 (战痕累累),USP 消音版 | 闪回,受限,战痕累累,8.80
USP 消音版 | 闪回 (略有磨损),USP 消音版 | 闪回,受限,略有磨损,4.97
蝴蝶刀（★） | 枯焦之色 (崭新出厂),蝴蝶刀（★） | 枯焦之色,隐秘,崭新出厂,8888.88
蝴蝶刀（★） | 枯焦之色 (久经沙场),蝴蝶刀（★） | 枯焦之色,隐秘,久经沙场,4292.58
蝴蝶刀（★） | 枯焦之色 (破损不堪),蝴蝶刀（★） | 枯焦之色,隐秘,破损不堪,4250.00
蝴蝶刀（★） | 枯焦之色 (战痕累累),蝴蝶刀（★） | 枯焦之色,隐秘,战痕累累,4220.00
蝴蝶刀（★） | 枯焦之色 (略有磨损),蝴蝶刀（★） | 枯焦之色,隐秘,略有磨损,4520.00
PP-野牛 | 安乐蜥 (崭新出厂),PP-野牛 | 安乐蜥,消费级,崭新出厂,1.69
PP-野牛 | 安乐蜥 (久经沙场),PP-野牛 | 安乐蜥,消费级,久经沙场,1.10
PP-野牛 | 安乐蜥 (破损不堪),PP-野牛 | 安乐蜥,消费级,破损不堪,1.28
PP-野牛 | 安乐蜥 (战痕累累),PP-野牛 | 安乐蜥,消费级,战痕累累,2.45
PP-野牛 | 安乐蜥 (略有磨损),PP-野牛 | 安乐蜥,消费级,略有磨损,1.23
MAG-7 | 碳素纤维 (崭新出厂),MAG-7 | 碳素纤维,工业级,崭新出厂,11.18
MAG-7 | 碳素纤维 (略有磨损),MAG-7 | 碳素纤维,工业级,略有磨损,12.00
短剑（★） | 多普勒 (崭新出厂),短剑（★） | 多普勒,隐秘,崭新出厂,4559.96
短剑（★） | 多普勒 (略有磨损),短剑（★） | 多普勒,隐秘,略有磨损,4395.60
AK-47 | 卡特尔 (崭新出厂),AK-47 | 卡特尔,保密,崭新出厂,184.80
AK-47 | 卡特尔 (久经沙场),AK-47 | 卡特尔,保密,久经沙场,50.39
AK-47 | 卡特尔 (破损不堪),AK-47 | 卡特尔,保密,破损不堪,79.97
AK-47 | 卡特尔 (战痕累累),AK-47 | 卡特尔,保密,战痕累累,59.00
AK-47 | 卡特尔 (略有磨损),AK-47 | 卡特尔,保密,略有磨损,72.30
MP7 | 都市危机 (崭新出厂),MP7 | 都市危机,军规级,崭新出厂,2.00
MP7 | 都市危机 (久经沙场),MP7 | 都市危机,军规级,久经沙场,0.48
MP7 | 都市危机 (破损不堪),MP7 | 都市危机,军规级,破损不堪,2.50
MP7 | 都市危机 (战痕累累),MP7 | 都市危机,军规级,战痕累累,1.91
MP7 | 都市危机 (略有磨损),MP7 | 都市危机,军规级,略有磨损,1.04
P2000（StatTrak™） | 草皮 (崭新出厂),P2000（StatTrak™） | 草皮,军规级,崭新出厂,21.00
P2000（StatTrak™） | 草皮 (久经沙场),P2000（StatTrak™） | 草皮,军规级,久经沙场,2.93
P2000（StatTrak™） | 草皮 (破损不堪),P2000（StatTrak™） | 草皮,军规级,破损不堪,1.86
P2000（StatTrak™） | 草皮 (战痕累累),P2000（StatTrak™） | 草皮,军规级,战痕累累,1.56
P2000（StatTrak™） | 草皮 (略有磨损),P2000（StatTrak™） | 草皮,军规级,略有磨损,4.90
MAG-7（StatTrak™） | 灼烧之痕 (崭新出厂),MAG-7（StatTrak™） | 灼烧之痕,军规级,崭新出厂,98.00
MAG-7（StatTrak™） | 灼烧之痕 (久经沙场),MAG-7（StatTrak™） | 灼烧之痕,军规级,久经沙场,6.45
MAG-7（StatTrak™） | 灼烧之痕 (破损不堪),MAG-7（StatTrak™） | 灼烧之痕,军规级,破损不堪,20.00
MAG-7（StatTrak™） | 灼烧之痕 (战痕累累),MAG-7（StatTrak™） | 灼烧之痕,军规级,战痕累累,59.99
MAG-7（StatTrak™） | 灼烧之痕 (略有磨损),MAG-7（StatTrak™） | 灼烧之痕,军规级,略有磨损,10.79
M9 刺刀（★ StatTrak™） | 蓝钢 (崭新出厂),M9 刺刀（★ StatTrak™） | 蓝钢,隐秘,崭新出厂,
M9 刺刀（★ StatTrak™） | 蓝钢 (久经沙场),M9 刺刀（★ StatTrak™） | 蓝钢,隐秘,久经沙场,4500.00
M9 刺刀（★ StatTrak™） | 蓝钢 (破损不堪),M9 刺刀（★ StatTrak™） | 蓝钢,隐秘,破损不堪,3900.00
M9 刺刀（★ StatTrak™） | 蓝钢 (战痕累累),M9 刺刀（★ StatTrak™） | 蓝钢,隐秘,战痕累累,3998.00
M9 刺刀（★ StatTrak™） | 蓝钢 (略有磨损),M9 刺刀（★ StatTrak™） | 蓝钢,隐秘,略有磨损,4700.00
M4A4（StatTrak™） | 齿仙 (崭新出厂),M4A4（StatTrak™） | 齿仙,保密,崭新出厂,150.00
M4A4（StatTrak™） | 齿仙 (久经沙场),M4A4（StatTrak™） | 齿仙,保密,久经沙场,41.50
M4A4（StatTrak™） | 齿仙 (破损不堪),M4A4（StatTrak™） | 齿仙,保密,破损不堪,38.40
M4A4（StatTrak™） | 齿仙 (战痕累累),M4A4（StatTrak™） | 齿仙,保密,战痕累累,35.54
M4A4（StatTrak™） | 齿仙 (略有磨损),M4A4（StatTrak™） | 齿仙,保密,略有磨损,72.00
PP-野牛 | 丛林滑流 (崭新出厂),PP-野牛 | 丛林滑流,军规级,崭新出厂,1.95
PP-野牛 | 丛林滑流 (久经沙场),PP-野牛 | 丛林滑流,军规级,久经沙场,0.86
PP-野牛 | 丛林滑流 (破损不堪),PP-野牛 | 丛林滑流,军规级,破损不堪,0.85
PP-野牛 | 丛林滑流 (战痕累累),PP-野牛 | 丛林滑流,军规级,战痕累累,1.94
PP-野牛 | 丛林滑流 (略有磨损),PP-野牛 | 丛林滑流,军规级,略有磨损,1.45
Tec-9（StatTrak™） | 叛逆 (崭新出厂),Tec-9（StatTrak™） | 叛逆,军规级,崭新出厂,13.99
Tec-9（StatTrak™） | 叛逆 (久经沙场),Tec-9（StatTrak™） | 叛逆,军规级,久经沙场,2.77
Tec-9（StatTrak™） | 叛逆 (破损不堪),Tec-9（StatTrak™） | 叛逆,军规级,破损不堪,1.93
Tec-9（StatTrak™） | 叛逆 (战痕累累),Tec-9（StatTrak™） | 叛逆,军规级,战痕累累,1.82
Tec-9（StatTrak™） | 叛逆 (略有磨损),Tec-9（StatTrak™） | 叛逆,军规级,略有磨损,4.94
MAG-7（StatTrak™） | 北冥有鱼 (崭新出厂),MAG-7（StatTrak™） | 北冥有鱼,受限,崭新出厂,34.14
MAG-7（StatTrak™） | 北冥有鱼 (久经沙场),MAG-7（StatTrak™） | 北冥有鱼,受限,久经沙场,5.56
MAG-7（StatTrak™） | 北冥有鱼 (破损不堪),MAG-7（StatTrak™） | 北冥有鱼,受限,破损不堪,4.37
MAG-7（StatTrak™） | 北冥有鱼 (战痕累累),MAG-7（StatTrak™） | 北冥有鱼,受限,战痕累累,4.01
MAG-7（StatTrak™） | 北冥有鱼 (略有磨损),MAG-7（StatTrak™） | 北冥有鱼,受限,略有磨损,11.11
折叠刀（★） | 渐变大理石 (崭新出厂),折叠刀（★） | 渐变大理石,隐秘,崭新出厂,4645.00
折叠刀（★） | 渐变大理石 (略有磨损),折叠刀（★） | 渐变大理石,隐秘,略有磨损,4894.10
法玛斯（StatTrak™） | 灯神 (崭新出厂),法玛斯（StatTrak™） | 灯神,保密,崭新出厂,250.00
法玛斯（StatTrak™） | 灯神 (久经沙场),法玛斯（StatTrak™） | 灯神,保密,久经沙场,35.20
法玛斯（StatTrak™） | 灯神 (破损不堪),法玛斯（StatTrak™） | 灯神,保密,破损不堪,32.14
法玛斯（StatTrak™） | 灯神 (战痕累累),法玛斯（StatTrak™） | 灯神,保密,战痕累累,49.20
法玛斯（StatTrak™） | 灯神 (略有磨损),法玛斯（StatTrak™） | 灯神,保密,略有磨损,76.13
MP9 | 军队之辉 (崭新出厂),MP9 | 军队之辉,消费级,崭新出厂,2.60
MP9 | 军队之辉 (久经沙场),MP9 | 军队之辉,消费级,久经沙场,1.27
MP9 | 军队之辉 (略有磨损),MP9 | 军队之辉,消费级,略有磨损,1.75
P250 | 影魔 (崭新出厂),P250 | 影魔,受限,崭新出厂,9.17
P250 | 影魔 (久经沙场),P250 | 影魔,受限,久经沙场,3.40
P250 | 影魔 (破损不堪),P250 | 影魔,受限,破损不堪,5.27
P250 | 影魔 (略有磨损),P250 | 影魔,受限,略有磨损,4.88
内格夫 | 核子废渣 (崭新出厂),内格夫 | 核子废渣,工业级,崭新出厂,15.71
内格夫 | 核子废渣 (久经沙场),内格夫 | 核子废渣,工业级,久经沙场,
内格夫 | 核子废渣 (破损不堪),内格夫 | 核子废渣,工业级,破损不堪,19.70
内格夫 | 核子废渣 (略有磨损),内格夫 | 核子废渣,工业级,略有磨损,9.82
双持贝瑞塔（StatTrak™） | 卡特尔 (崭新出厂),双持贝瑞塔（StatTrak™） | 卡特尔,军规级,崭新出厂,29.40
双持贝瑞塔（StatTrak™） | 卡特尔 (久经沙场),双持贝瑞塔（StatTrak™） | 卡特尔,军规级,久经沙场,3.95
双持贝瑞塔（StatTrak™） | 卡特尔 (破损不堪),双持贝瑞塔（StatTrak™） | 卡特尔,军规级,破损不堪,4.35
双持贝瑞塔（StatTrak™） | 卡特尔 (战痕累累),双持贝瑞塔（StatTrak™） | 卡特尔,军规级,战痕累累,2.48
双持贝瑞塔（StatTrak™） | 卡特尔 (略有磨损),双持贝瑞塔（StatTrak™） | 卡特尔,军规级,略有磨损,6.40
内格夫（纪念品） | 基础建设 (崭新出厂),内格夫（纪念品） | 基础建设,军规级,崭新出厂,18.80
内格夫（纪念品） | 基础建设 (久经沙场),内格夫（纪念品） | 基础建设,军规级,久经沙场,8.11
内格夫（纪念品） | 基础建设 (破损不堪),内格夫（纪念品） | 基础建设,军规级,破损不堪,300.00
内格夫（纪念品） | 基础建设 (战痕累累),内格夫（纪念品） | 基础建设,军规级,战痕累累,
内格夫（纪念品） | 基础建设 (略有磨损),内格夫（纪念品） | 基础建设,军规级,略有磨损,11.34
AK-47（纪念品） | 钢铁三角洲 (崭新出厂),AK-47（纪念品） | 钢铁三角洲,军规级,崭新出厂,195.00
AK-47（纪念品） | 钢铁三角洲 (久经沙场),AK-47（纪念品） | 钢铁三角洲,军规级,久经沙场,40.00
AK-47（纪念品） | 钢铁三角洲 (破损不堪),AK-47（纪念品） | 钢铁三角洲,军规级,破损不堪,89.99
AK-47（纪念品） | 钢铁三角洲 (战痕累累),AK-47（纪念品） | 钢铁三角洲,军规级,战痕累累,74.00
AK-47（纪念品） | 钢铁三角洲 (略有磨损),AK-47（纪念品） | 钢铁三角洲,军规级,略有磨损,64.50
MP7 | 非洲部落 (崭新出厂),MP7 | 非洲部落,军规级,崭新出厂,2.16
MP7 | 非洲部落 (久经沙场),MP7 | 非洲部落,军规级,久经沙场,0.84
MP7 | 非洲部落 (破损不堪),MP7 | 非洲部落,军规级,破损不堪,1.78
MP7 | 非洲部落 (战痕累累),MP7 | 非洲部落,军规级,战痕累累,1.08
MP7 | 非洲部落 (略有磨损),MP7 | 非洲部落,军规级,略有磨损,1.48
M9 刺刀（★） | 大马士革钢 (崭新出厂),M9 刺刀（★） | 大马士革钢,隐秘,崭新出厂,5192.00
M9 刺刀（★） | 大马士革钢 (久经沙场),M9 刺刀（★） | 大马士革钢,隐秘,久经沙场,4292.00
M9 刺刀（★） | 大马士革钢 (破损不堪),M9 刺刀（★） | 大马士革钢,隐秘,破损不堪,
M9 刺刀（★） | 大马士革钢 (战痕累累),M9 刺刀（★） | 大马士革钢,隐秘,战痕累累,3970.06
M9 刺刀（★） | 大马士革钢 (略有磨损),M9 刺刀（★） | 大马士革钢,隐秘,略有磨损,4777.77
MP9 | 毛细血管 (崭新出厂),MP9 | 毛细血管,军规级,崭新出厂,3.06
MP9 | 毛细血管 (久经沙场),MP9 | 毛细血管,军规级,久经沙场,0.85
MP9 | 毛细血管 (破损不堪),MP9 | 毛细血管,军规级,破损不堪,1.31
MP9 | 毛细血管 (战痕累累),MP9 | 毛细血管,军规级,战痕累累,0.80
MP9 | 毛细血管 (略有磨损),MP9 | 毛细血管,军规级,略有磨损,1.47
P250（StatTrak™） | 重构 (崭新出厂),P250（StatTrak™） | 重构,军规级,崭新出厂,14.99
P250（StatTrak™） | 重构 (久经沙场),P250（StatTrak™） | 重构,军规级,久经沙场,3.69
P250（StatTrak™） | 重构 (破损不堪),P250（StatTrak™） | 重构,军规级,破损不堪,2.27
P250（StatTrak™） | 重构 (战痕累累),P250（StatTrak™） | 重构,军规级,战痕累累,2.37
P250（StatTrak™） | 重构 (略有磨损),P250（StatTrak™） | 重构,军规级,略有磨损,5.44
XM1014（StatTrak™） | 五彩斑驳 (崭新出厂),XM1014（StatTrak™） | 五彩斑驳,受限,崭新出厂,26.23
XM1014（StatTrak™） | 五彩斑驳 (久经沙场),XM1014（StatTrak™） | 五彩斑驳,受限,久经沙场,5.66
XM1014（StatTrak™） | 五彩斑驳 (破损不堪),XM1014（StatTrak™） | 五彩斑驳,受限,破损不堪,8.01
XM1014（StatTrak™） | 五彩斑驳 (战痕累累),XM1014（StatTrak™） | 五彩斑驳,受限,战痕累累,5.40
XM1014（StatTrak™） | 五彩斑驳 (略有磨损),XM1014（StatTrak™） | 五彩斑驳,受限,略有磨损,12.36
SG 553 | 沙漠之花 (崭新出厂),SG 553 | 沙漠之花,军规级,崭新出厂,81.08
SG 553 | 沙漠之花 (久经沙场),SG 553 | 沙漠之花,军规级,久经沙场,71.51
SG 553 | 沙漠之花 (破损不堪),SG 553 | 沙漠之花,军规级,破损不堪,88.00
SG 553 | 沙漠之花 (战痕累累),SG 553 | 沙漠之花,军规级,战痕累累,98.88
SG 553 | 沙漠之花 (略有磨损),SG 553 | 沙漠之花,军规级,略有磨损,76.16
M9 刺刀（★ StatTrak™） | 澄澈之水 (崭新出厂),M9 刺刀（★ StatTrak™） | 澄澈之水,隐秘,崭新出厂,5393.60
M9 刺刀（★ StatTrak™） | 澄澈之水 (久经沙场),M9 刺刀（★ StatTrak™） | 澄澈之水,隐秘,久经沙场,4500.00
M9 刺刀（★ StatTrak™） | 澄澈之水 (破损不堪),M9 刺刀（★ StatTrak™） | 澄澈之水,隐秘,破损不堪,4050.00
M9 刺刀（★ StatTrak™） | 澄澈之水 (战痕累累),M9 刺刀（★ StatTrak™） | 澄澈之水,隐秘,战痕累累,8000.00
M9 刺刀（★ StatTrak™） | 澄澈之水 (略有磨损),M9 刺刀（★ StatTrak™） | 澄澈之水,隐秘,略有磨损,4700.00
MP7 | 装甲核心 (崭新出厂),MP7 | 装甲核心,军规级,崭新出厂,1.75
MP7 | 装甲核心 (久经沙场),MP7 | 装甲核心,军规级,久经沙场,0.57
MP7 | 装甲核心 (破损不堪),MP7 | 装甲核心,军规级,破损不堪,1.43
MP7 | 装甲核心 (战痕累累),MP7 | 装甲核心,军规级,战痕累累,2.55
MP7 | 装甲核心 (略有磨损),MP7 | 装甲核心,军规级,略有磨损,1.47
FN57（StatTrak™） | 霸意大名 (崭新出厂),FN57（StatTrak™） | 霸意大名,军规级,崭新出厂,19.28
FN57（StatTrak™） | 霸意大名 (久经沙场),FN57（StatTrak™） | 霸意大名,军规级,久经沙场,3.94
FN57（StatTrak™） | 霸意大名 (破损不堪),FN57（StatTrak™） | 霸意大名,军规级,破损不堪,5.91
FN57（StatTrak™） | 霸意大名 (战痕累累),FN57（StatTrak™） | 霸意大名,军规级,战痕累累,2.53
FN57（StatTrak™） | 霸意大名 (略有磨损),FN57（StatTrak™） | 霸意大名,军规级,略有磨损,5.91
截短霰弹枪 | 灌木丛 (崭新出厂),截短霰弹枪 | 灌木丛,消费级,崭新出厂,16.00
截短霰弹枪 | 灌木丛 (久经沙场),截短霰弹枪 | 灌木丛,消费级,久经沙场,13.76
截短霰弹枪 | 灌木丛 (破损不堪),截短霰弹枪 | 灌木丛,消费级,破损不堪,18.52
截短霰弹枪 | 灌木丛 (战痕累累),截短霰弹枪 | 灌木丛,消费级,战痕累累,14.40
截短霰弹枪 | 灌木丛 (略有磨损),截短霰弹枪 | 灌木丛,消费级,略有磨损,12.00
R8 左轮手枪 | 记忆碎片 (崭新出厂),R8 左轮手枪 | 记忆碎片,军规级,崭新出厂,9.10
R8 左轮手枪 | 记忆碎片 (久经沙场),R8 左轮手枪 | 记忆碎片,军规级,久经沙场,6.75
R8 左轮手枪 | 记忆碎片 (破损不堪),R8 左轮手枪 | 记忆碎片,军规级,破损不堪,7.82
R8 左轮手枪 | 记忆碎片 (战痕累累),R8 左轮手枪 | 记忆碎片,军规级,战痕累累,9.66
R8 左轮手枪 | 记忆碎片 (略有磨损),R8 左轮手枪 | 记忆碎片,军规级,略有磨损,7.30
SSG 08 | 侦测 (崭新出厂),SSG 08 | 侦测,军规级,崭新出厂,85.00
SSG 08 | 侦测 (久经沙场),SSG 08 | 侦测,军规级,久经沙场,98.90
SSG 08 | 侦测 (破损不堪),SSG 08 | 侦测,军规级,破损不堪,
SSG 08 | 侦测 (战痕累累),SSG 08 | 侦测,军规级,战痕累累,
SSG 08 | 侦测 (略有磨损),SSG 08 | 侦测,军规级,略有磨损,81.40
蝴蝶刀（★ StatTrak™） | 狩猎网格 (崭新出厂),蝴蝶刀（★ StatTrak™） | 狩猎网格,隐秘,崭新出厂,
蝴蝶刀（★ StatTrak™） | 狩猎网格 (久经沙场),蝴蝶刀（★ StatTrak™） | 狩猎网格,隐秘,久经沙场,4594.40
蝴蝶刀（★ StatTrak™） | 狩猎网格 (破损不堪),蝴蝶刀（★ StatTrak™） | 狩猎网格,隐秘,破损不堪,5000.00
蝴蝶刀（★ StatTrak™） | 狩猎网格 (战痕累累),蝴蝶刀（★ StatTrak™） | 狩猎网格,隐秘,战痕累累,4180.00
蝴蝶刀（★ StatTrak™） | 狩猎网格 (略有磨损),蝴蝶刀（★ StatTrak™） | 狩猎网格,隐秘,略有磨损,4800.00
PP-野牛 | 收割机 (崭新出厂),PP-野牛 | 收割机,军规级,崭新出厂,3.75
PP-野牛 | 收割机 (久经沙场),PP-野牛 | 收割机,军规级,久经沙场,0.76
PP-野牛 | 收割机 (破损不堪),PP-野牛 | 收割机,军规级,破损不堪,1.28
PP-野牛 | 收割机 (战痕累累),PP-野牛 | 收割机,军规级,战痕累累,2.35
PP-野牛 | 收割机 (略有磨损),PP-野牛 | 收割机,军规级,略有磨损,1.32
MAG-7（StatTrak™） | 炽热 (崭新出厂),MAG-7（StatTrak™） | 炽热,受限,崭新出厂,68.84
MAG-7（StatTrak™） | 炽热 (久经沙场),MAG-7（StatTrak™） | 炽热,受限,久经沙场,5.62
MAG-7（StatTrak™） | 炽热 (破损不堪),MAG-7（StatTrak™） | 炽热,受限,破损不堪,4.52
MAG-7（StatTrak™） | 炽热 (战痕累累),MAG-7（StatTrak™） | 炽热,受限,战痕累累,5.50
MAG-7（StatTrak™） | 炽热 (略有磨损),MAG-7（StatTrak™） | 炽热,受限,略有磨损,13.08
AK-47 | 绿色层压板 (崭新出厂),AK-47 | 绿色层压板,军规级,崭新出厂,114.50
AK-47 | 绿色层压板 (久经沙场),AK-47 | 绿色层压板,军规级,久经沙场,103.00
AK-47 | 绿色层压板 (破损不堪),AK-47 | 绿色层压板,军规级,破损不堪,200.00
AK-47 | 绿色层压板 (略有磨损),AK-47 | 绿色层压板,军规级,略有磨损,85.05
P250（StatTrak™） | 铜绿 (崭新出厂),P250（StatTrak™） | 铜绿,军规级,崭新出厂,10.19
P250（StatTrak™） | 铜绿 (久经沙场),P250（StatTrak™） | 铜绿,军规级,久经沙场,2.03
P250（StatTrak™） | 铜绿 (破损不堪),P250（StatTrak™） | 铜绿,军规级,破损不堪,4.82
P250（StatTrak™） | 铜绿 (战痕累累),P250（StatTrak™） | 铜绿,军规级,战痕累累,3.00
P250（StatTrak™） | 铜绿 (略有磨损),P250（StatTrak™） | 铜绿,军规级,略有磨损,5.55
UMP-45 | 碳素纤维 (崭新出厂),UMP-45 | 碳素纤维,工业级,崭新出厂,1.75
UMP-45 | 碳素纤维 (略有磨损),UMP-45 | 碳素纤维,工业级,略有磨损,1.39
M9 刺刀（★） | 澄澈之水 (崭新出厂),M9 刺刀（★） | 澄澈之水,隐秘,崭新出厂,5397.60
M9 刺刀（★） | 澄澈之水 (久经沙场),M9 刺刀（★） | 澄澈之水,隐秘,久经沙场,4254.74
M9 刺刀（★） | 澄澈之水 (破损不堪),M9 刺刀（★） | 澄澈之水,隐秘,破损不堪,3894.10
M9 刺刀（★） | 澄澈之水 (战痕累累),M9 刺刀（★） | 澄澈之水,隐秘,战痕累累,3540.00
M9 刺刀（★） | 澄澈之水 (略有磨损),M9 刺刀（★） | 澄澈之水,隐秘,略有磨损,4797.05
M249（StatTrak™） | 岩浆 (崭新出厂),M249（StatTrak™） | 岩浆,军规级,崭新出厂,24.11
M249（StatTrak™） | 岩浆 (久经沙场),M249（StatTrak™） | 岩浆,军规级,久经沙场,12.50
M249（StatTrak™） | 岩浆 (破损不堪),M249（StatTrak™） | 岩浆,军规级,破损不堪,666.00
M249（StatTrak™） | 岩浆 (战痕累累),M249（StatTrak™） | 岩浆,军规级,战痕累累,120.00
M249（StatTrak™） | 岩浆 (略有磨损),M249（StatTrak™） | 岩浆,军规级,略有磨损,11.60
沙漠之鹰 | 人造卫星 (崭新出厂),沙漠之鹰 | 人造卫星,军规级,崭新出厂,10.51
沙漠之鹰 | 人造卫星 (久经沙场),沙漠之鹰 | 人造卫星,军规级,久经沙场,2.85
沙漠之鹰 | 人造卫星 (破损不堪),沙漠之鹰 | 人造卫星,军规级,破损不堪,4.50
沙漠之鹰 | 人造卫星 (战痕累累),沙漠之鹰 | 人造卫星,军规级,战痕累累,3.90
沙漠之鹰 | 人造卫星 (略有磨损),沙漠之鹰 | 人造卫星,军规级,略有磨损,4.84
新星（纪念品） | 胡桃木 (崭新出厂),新星（纪念品） | 胡桃木,消费级,崭新出厂,131.00
新星（纪念品） | 胡桃木 (久经沙场),新星（纪念品） | 胡桃木,消费级,久经沙场,5.50
新星（纪念品） | 胡桃木 (破损不堪),新星（纪念品） | 胡桃木,消费级,破损不堪,7.25
新星（纪念品） | 胡桃木 (战痕累累),新星（纪念品） | 胡桃木,消费级,战痕累累,6.64
新星（纪念品） | 胡桃木 (略有磨损),新星（纪念品） | 胡桃木,消费级,略有磨损,17.16
M9 刺刀（★ StatTrak™） | 大马士革钢 (崭新出厂),M9 刺刀（★ StatTrak™） | 大马士革钢,隐秘,崭新出厂,
M9 刺刀（★ StatTrak™） | 大马士革钢 (久经沙场),M9 刺刀（★ StatTrak™） | 大马士革钢,隐秘,久经沙场,4300.00
M9 刺刀（★ StatTrak™） | 大马士革钢 (破损不堪),M9 刺刀（★ StatTrak™） | 大马士革钢,隐秘,破损不堪,
M9 刺刀（★ StatTrak™） | 大马士革钢 (战痕累累),M9 刺刀（★ StatTrak™） | 大马士革钢,隐秘,战痕累累,
M9 刺刀（★ StatTrak™） | 大马士革钢 (略有磨损),M9 刺刀（★ StatTrak™） | 大马士革钢,隐秘,略有磨损,4687.00
UMP-45 | 简报 (崭新出厂),UMP-45 | 简报,军规级,崭新出厂,3.95
UMP-45 | 简报 (久经沙场),UMP-45 | 简报,军规级,久经沙场,0.96
UMP-45 | 简报 (破损不堪),UMP-45 | 简报,军规级,破损不堪,0.62
UMP-45 | 简报 (战痕累累),UMP-45 | 简报,军规级,战痕累累,0.41
UMP-45 | 简报 (略有磨损),UMP-45 | 简报,军规级,略有磨损,1.36
SSG 08 | 巨铁 (崭新出厂),SSG 08 | 巨铁,保密,崭新出厂,171.00
SSG 08 | 巨铁 (久经沙场),SSG 08 | 巨铁,保密,久经沙场,47.99
SSG 08 | 巨铁 (破损不堪),SSG 08 | 巨铁,保密,破损不堪,49.38
SSG 08 | 巨铁 (战痕累累),SSG 08 | 巨铁,保密,战痕累累,
SSG 08 | 巨铁 (略有磨损),SSG 08 | 巨铁,保密,略有磨损,81.39
截短霰弹枪 | 祥和之翼 (崭新出厂),截短霰弹枪 | 祥和之翼,受限,崭新出厂,20.90
截短霰弹枪 | 祥和之翼 (久经沙场),截短霰弹枪 | 祥和之翼,受限,久经沙场,8.11
截短霰弹枪 | 祥和之翼 (破损不堪),截短霰弹枪 | 祥和之翼,受限,破损不堪,97.81
截短霰弹枪 | 祥和之翼 (战痕累累),截短霰弹枪 | 祥和之翼,受限,战痕累累,
截短霰弹枪 | 祥和之翼 (略有磨损),截短霰弹枪 | 祥和之翼,受限,略有磨损,13.60
P250（纪念品） | 骸骨外罩 (崭新出厂),P250（纪念品） | 骸骨外罩,消费级,崭新出厂,50.00
P250（纪念品） | 骸骨外罩 (久经沙场),P250（纪念品） | 骸骨外罩,消费级,久经沙场,1.54
P250（纪念品） | 骸骨外罩 (破损不堪),P250（纪念品） | 骸骨外罩,消费级,破损不堪,4.10
P250（纪念品） | 骸骨外罩 (战痕累累),P250（纪念品） | 骸骨外罩,消费级,战痕累累,3.33
P250（纪念品） | 骸骨外罩 (略有磨损),P250（纪念品） | 骸骨外罩,消费级,略有磨损,4.23
M4A4 | 龙王 (崭新出厂),M4A4 | 龙王,保密,崭新出厂,189.46
M4A4 | 龙王 (久经沙场),M4A4 | 龙王,保密,久经沙场,37.59
M4A4 | 龙王 (破损不堪),M4A4 | 龙王,保密,破损不堪,96.83
M4A4 | 龙王 (战痕累累),M4A4 | 龙王,保密,战痕累累,43.91
M4A4 | 龙王 (略有磨损),M4A4 | 龙王,保密,略有磨损,79.48
P90 | 牵引力 (崭新出厂),P90 | 牵引力,军规级,崭新出厂,5.20
P90 | 牵引力 (久经沙场),P90 | 牵引力,军规级,久经沙场,0.80
P90 | 牵引力 (破损不堪),P90 | 牵引力,军规级,破损不堪,0.60
P90 | 牵引力 (战痕累累),P90 | 牵引力,军规级,战痕累累,0.40
P90 | 牵引力 (略有磨损),P90 | 牵引力,军规级,略有磨损,1.44
短剑（★） | 渐变大理石 (崭新出厂),短剑（★） | 渐变大理石,隐秘,崭新出厂,4650.00
短剑（★） | 渐变大理石 (略有磨损),短剑（★） | 渐变大理石,隐秘,略有磨损,4840.00
P2000 | 酸蚀 (崭新出厂),P2000 | 酸蚀,受限,崭新出厂,12.64
P2000 | 酸蚀 (久经沙场),P2000 | 酸蚀,受限,久经沙场,2.82
P2000 | 酸蚀 (破损不堪),P2000 | 酸蚀,受限,破损不堪,3.20
P2000 | 酸蚀 (战痕累累),P2000 | 酸蚀,受限,战痕累累,2.47
P2000 | 酸蚀 (略有磨损),P2000 | 酸蚀,受限,略有磨损,5.14
新星（StatTrak™） | 狂野六号 (崭新出厂),新星（StatTrak™） | 狂野六号,受限,崭新出厂,23.88
新星（StatTrak™） | 狂野六号 (久经沙场),新星（StatTrak™） | 狂野六号,受限,久经沙场,3.75
新星（StatTrak™） | 狂野六号 (破损不堪),新星（StatTrak™） | 狂野六号,受限,破损不堪,4.31
新星（StatTrak™） | 狂野六号 (战痕累累),新星（StatTrak™） | 狂野六号,受限,战痕累累,2.80
新星（StatTrak™） | 狂野六号 (略有磨损),新星（StatTrak™） | 狂野六号,受限,略有磨损,9.89
内格夫 | 动力装载机 (崭新出厂),内格夫 | 动力装载机,受限,崭新出厂,37.00
内格夫 | 动力装载机 (久经沙场),内格夫 | 动力装载机,受限,久经沙场,6.12
内格夫 | 动力装载机 (破损不堪),内格夫 | 动力装载机,受限,破损不堪,4.35
内格夫 | 动力装载机 (战痕累累),内格夫 | 动力装载机,受限,战痕累累,3.27
内格夫 | 动力装载机 (略有磨损),内格夫 | 动力装载机,受限,略有磨损,14.42
CZ75（纪念品） | 银质 (崭新出厂),CZ75（纪念品） | 银质,工业级,崭新出厂,2.75
CZ75（纪念品） | 银质 (略有磨损),CZ75（纪念品） | 银质,工业级,略有磨损,7.26
法玛斯（StatTrak™） | 电子脉冲 (崭新出厂),法玛斯（StatTrak™） | 电子脉冲,受限,崭新出厂,116.00
法玛斯（StatTrak™） | 电子脉冲 (久经沙场),法玛斯（StatTrak™） | 电子脉冲,受限,久经沙场,96.90
法玛斯（StatTrak™） | 电子脉冲 (破损不堪),法玛斯（StatTrak™） | 电子脉冲,受限,破损不堪,150.00
法玛斯（StatTrak™） | 电子脉冲 (略有磨损),法玛斯（StatTrak™） | 电子脉冲,受限,略有磨损,125.25
蝴蝶刀（★） | 森林 DDPAT (崭新出厂),蝴蝶刀（★） | 森林 DDPAT,隐秘,崭新出厂,7589.00
蝴蝶刀（★） | 森林 DDPAT (久经沙场),蝴蝶刀（★） | 森林 DDPAT,隐秘,久经沙场,4373.62
蝴蝶刀（★） | 森林 DDPAT (破损不堪),蝴蝶刀（★） | 森林 DDPAT,隐秘,破损不堪,4250.00
蝴蝶刀（★） | 森林 DDPAT (战痕累累),蝴蝶刀（★） | 森林 DDPAT,隐秘,战痕累累,4345.00
蝴蝶刀（★） | 森林 DDPAT (略有磨损),蝴蝶刀（★） | 森林 DDPAT,隐秘,略有磨损,4999.00
UMP-45 | 迷之宫 (崭新出厂),UMP-45 | 迷之宫,军规级,崭新出厂,2.21
UMP-45 | 迷之宫 (久经沙场),UMP-45 | 迷之宫,军规级,久经沙场,0.81
UMP-45 | 迷之宫 (破损不堪),UMP-45 | 迷之宫,军规级,破损不堪,28.42
UMP-45 | 迷之宫 (略有磨损),UMP-45 | 迷之宫,军规级,略有磨损,1.44
爪子刀（★ StatTrak™） | 都市伪装 (久经沙场),爪子刀（★ StatTrak™） | 都市伪装,隐秘,久经沙场,3666.00
爪子刀（★ StatTrak™） | 都市伪装 (破损不堪),爪子刀（★ StatTrak™） | 都市伪装,隐秘,破损不堪,
爪子刀（★ StatTrak™） | 都市伪装 (战痕累累),爪子刀（★ StatTrak™） | 都市伪装,隐秘,战痕累累,4200.00
爪子刀（★ StatTrak™） | 都市伪装 (略有磨损),爪子刀（★ StatTrak™） | 都市伪装,隐秘,略有磨损,4500.00
P90 | 异星世界 (崭新出厂),P90 | 异星世界,军规级,崭新出厂,3.44
P90 | 异星世界 (久经沙场),P90 | 异星世界,军规级,久经沙场,0.93
P90 | 异星世界 (破损不堪),P90 | 异星世界,军规级,破损不堪,1.39
P90 | 异星世界 (战痕累累),P90 | 异星世界,军规级,战痕累累,1.29
P90 | 异星世界 (略有磨损),P90 | 异星世界,军规级,略有磨损,1.82
AUG | 璞玉 (崭新出厂),AUG | 璞玉,军规级,崭新出厂,165.00
AUG | 璞玉 (久经沙场),AUG | 璞玉,军规级,久经沙场,68.94
AUG | 璞玉 (略有磨损),AUG | 璞玉,军规级,略有磨损,85.04
P250（StatTrak™） | 污染物 (崭新出厂),P250（StatTrak™） | 污染物,军规级,崭新出厂,14.00
P250（StatTrak™） | 污染物 (久经沙场),P250（StatTrak™） | 污染物,军规级,久经沙场,3.88
P250（StatTrak™） | 污染物 (破损不堪),P250（StatTrak™） | 污染物,军规级,破损不堪,21.68
P250（StatTrak™） | 污染物 (战痕累累),P250（StatTrak™） | 污染物,军规级,战痕累累,2.52
P250（StatTrak™） | 污染物 (略有磨损),P250（StatTrak™） | 污染物,军规级,略有磨损,5.98
M249 | 狂野丛林 (崭新出厂),M249 | 狂野丛林,消费级,崭新出厂,27.00
M249 | 狂野丛林 (久经沙场),M249 | 狂野丛林,消费级,久经沙场,13.34
M249 | 狂野丛林 (破损不堪),M249 | 狂野丛林,消费级,破损不堪,18.00
M249 | 狂野丛林 (战痕累累),M249 | 狂野丛林,消费级,战痕累累,13.00
M249 | 狂野丛林 (略有磨损),M249 | 狂野丛林,消费级,略有磨损,13.00
骷髅匕首（★） | 蓝钢 (崭新出厂),骷髅匕首（★） | 蓝钢,隐秘,崭新出厂,19888.00
骷髅匕首（★） | 蓝钢 (久经沙场),骷髅匕首（★） | 蓝钢,隐秘,久经沙场,3950.00
骷髅匕首（★） | 蓝钢 (破损不堪),骷髅匕首（★） | 蓝钢,隐秘,破损不堪,3450.00
骷髅匕首（★） | 蓝钢 (战痕累累),骷髅匕首（★） | 蓝钢,隐秘,战痕累累,3333.00
骷髅匕首（★） | 蓝钢 (略有磨损),骷髅匕首（★） | 蓝钢,隐秘,略有磨损,4471.52
USP 消音版 | 午夜行动 (崭新出厂),USP 消音版 | 午夜行动,军规级,崭新出厂,8.47
USP 消音版 | 午夜行动 (久经沙场),USP 消音版 | 午夜行动,军规级,久经沙场,4.62
USP 消音版 | 午夜行动 (破损不堪),USP 消音版 | 午夜行动,军规级,破损不堪,5.49
USP 消音版 | 午夜行动 (战痕累累),USP 消音版 | 午夜行动,军规级,战痕累累,4.48
USP 消音版 | 午夜行动 (略有磨损),USP 消音版 | 午夜行动,军规级,略有磨损,5.76
AUG（StatTrak™） | 变色龙 (崭新出厂),AUG（StatTrak™） | 变色龙,隐秘,崭新出厂,187.99
AUG（StatTrak™） | 变色龙 (久经沙场),AUG（StatTrak™） | 变色龙,隐秘,久经沙场,75.00
AUG（StatTrak™） | 变色龙 (破损不堪),AUG（StatTrak™） | 变色龙,隐秘,破损不堪,
AUG（StatTrak™） | 变色龙 (战痕累累),AUG（StatTrak™） | 变色龙,隐秘,战痕累累,
AUG（StatTrak™） | 变色龙 (略有磨损),AUG（StatTrak™） | 变色龙,隐秘,略有磨损,95.00
PP-野牛 | 夺命撼响 (久经沙场),PP-野牛 | 夺命撼响,消费级,久经沙场,0.97
PP-野牛 | 夺命撼响 (破损不堪),PP-野牛 | 夺命撼响,消费级,破损不堪,8.78
PP-野牛 | 夺命撼响 (战痕累累),PP-野牛 | 夺命撼响,消费级,战痕累累,1.77
PP-野牛 | 夺命撼响 (略有磨损),PP-野牛 | 夺命撼响,消费级,略有磨损,1.48
截短霰弹枪（纪念品） | 蝮蛇迷彩 (崭新出厂),截短霰弹枪（纪念品） | 蝮蛇迷彩,工业级,崭新出厂,500.00
截短霰弹枪（纪念品） | 蝮蛇迷彩 (久经沙场),截短霰弹枪（纪念品） | 蝮蛇迷彩,工业级,久经沙场,1.75
截短霰弹枪（纪念品） | 蝮蛇迷彩 (破损不堪),截短霰弹枪（纪念品） | 蝮蛇迷彩,工业级,破损不堪,4.43
截短霰弹枪（纪念品） | 蝮蛇迷彩 (战痕累累),截短霰弹枪（纪念品） | 蝮蛇迷彩,工业级,战痕累累,2.99
截短霰弹枪（纪念品） | 蝮蛇迷彩 (略有磨损),截短霰弹枪（纪念品） | 蝮蛇迷彩,工业级,略有磨损,15.00
锯齿爪刀（★） | 屠夫 (崭新出厂),锯齿爪刀（★） | 屠夫,隐秘,崭新出厂,6379.00
锯齿爪刀（★） | 屠夫 (久经沙场),锯齿爪刀（★） | 屠夫,隐秘,久经沙场,4988.00
锯齿爪刀（★） | 屠夫 (略有磨损),锯齿爪刀（★） | 屠夫,隐秘,略有磨损,5043.00
M4A4 | 黑色魅影 (崭新出厂),M4A4 | 黑色魅影,隐秘,崭新出厂,240.00
M4A4 | 黑色魅影 (久经沙场),M4A4 | 黑色魅影,隐秘,久经沙场,36.19
M4A4 | 黑色魅影 (破损不堪),M4A4 | 黑色魅影,隐秘,破损不堪,28.00
M4A4 | 黑色魅影 (战痕累累),M4A4 | 黑色魅影,隐秘,战痕累累,23.69
M4A4 | 黑色魅影 (略有磨损),M4A4 | 黑色魅影,隐秘,略有磨损,78.70
M249 | 星云十字军 (崭新出厂),M249 | 星云十字军,受限,崭新出厂,25.90
M249 | 星云十字军 (久经沙场),M249 | 星云十字军,受限,久经沙场,9.89
M249 | 星云十字军 (破损不堪),M249 | 星云十字军,受限,破损不堪,9.00
M249 | 星云十字军 (战痕累累),M249 | 星云十字军,受限,战痕累累,11.52
M249 | 星云十字军 (略有磨损),M249 | 星云十字军,受限,略有磨损,15.09
锯齿爪刀（★ StatTrak™） | 表面淬火 (崭新出厂),锯齿爪刀（★ StatTrak™） | 表面淬火,隐秘,崭新出厂,6999.00
锯齿爪刀（★ StatTrak™） | 表面淬火 (久经沙场),锯齿爪刀（★ StatTrak™） | 表面淬火,隐秘,久经沙场,5050.00
锯齿爪刀（★ StatTrak™） | 表面淬火 (破损不堪),锯齿爪刀（★ StatTrak™） | 表面淬火,隐秘,破损不堪,8500.00
锯齿爪刀（★ StatTrak™） | 表面淬火 (战痕累累),锯齿爪刀（★ StatTrak™） | 表面淬火,隐秘,战痕累累,35000.00
锯齿爪刀（★ StatTrak™） | 表面淬火 (略有磨损),锯齿爪刀（★ StatTrak™） | 表面淬火,隐秘,略有磨损,4700.00
FN57 | 都市危机 (崭新出厂),FN57 | 都市危机,军规级,崭新出厂,9.75
FN57 | 都市危机 (久经沙场),FN57 | 都市危机,军规级,久经沙场,8.60
FN57 | 都市危机 (略有磨损),FN57 | 都市危机,军规级,略有磨损,7.33
M4A4 | 全球攻势 (崭新出厂),M4A4 | 全球攻势,军规级,崭新出厂,83.75
M4A4 | 全球攻势 (久经沙场),M4A4 | 全球攻势,军规级,久经沙场,96.83
M4A4 | 全球攻势 (破损不堪),M4A4 | 全球攻势,军规级,破损不堪,
M4A4 | 全球攻势 (战痕累累),M4A4 | 全球攻势,军规级,战痕累累,
M4A4 | 全球攻势 (略有磨损),M4A4 | 全球攻势,军规级,略有磨损,84.17
MAG-7 | 沙丘之黄 (崭新出厂),MAG-7 | 沙丘之黄,消费级,崭新出厂,499.99
MAG-7 | 沙丘之黄 (久经沙场),MAG-7 | 沙丘之黄,消费级,久经沙场,13.76
MAG-7 | 沙丘之黄 (破损不堪),MAG-7 | 沙丘之黄,消费级,破损不堪,
MAG-7 | 沙丘之黄 (战痕累累),MAG-7 | 沙丘之黄,消费级,战痕累累,
MAG-7 | 沙丘之黄 (略有磨损),MAG-7 | 沙丘之黄,消费级,略有磨损,15.00
MAC-10（纪念品） | 策略 (崭新出厂),MAC-10（纪念品） | 策略,消费级,崭新出厂,2.37
MAC-10（纪念品） | 策略 (久经沙场),MAC-10（纪念品） | 策略,消费级,久经沙场,0.40
MAC-10（纪念品） | 策略 (破损不堪),MAC-10（纪念品） | 策略,消费级,破损不堪,1.51
MAC-10（纪念品） | 策略 (战痕累累),MAC-10（纪念品） | 策略,消费级,战痕累累,1.63
MAC-10（纪念品） | 策略 (略有磨损),MAC-10（纪念品） | 策略,消费级,略有磨损,1.10
系绳匕首（★） | 渐变之色 (崭新出厂),系绳匕首（★） | 渐变之色,隐秘,崭新出厂,5050.00
系绳匕首（★） | 渐变之色 (略有磨损),系绳匕首（★） | 渐变之色,隐秘,略有磨损,4999.00
AK-47 | 轨道 Mk01 (崭新出厂),AK-47 | 轨道 Mk01,受限,崭新出厂,134.11
AK-47 | 轨道 Mk01 (久经沙场),AK-47 | 轨道 Mk01,受限,久经沙场,69.00
AK-47 | 轨道 Mk01 (破损不堪),AK-47 | 轨道 Mk01,受限,破损不堪,
AK-47 | 轨道 Mk01 (战痕累累),AK-47 | 轨道 Mk01,受限,战痕累累,121.26
AK-47 | 轨道 Mk01 (略有磨损),AK-47 | 轨道 Mk01,受限,略有磨损,84.33
Tec-9 | 兄弟连 (崭新出厂),Tec-9 | 兄弟连,受限,崭新出厂,10.09
Tec-9 | 兄弟连 (久经沙场),Tec-9 | 兄弟连,受限,久经沙场,3.16
Tec-9 | 兄弟连 (破损不堪),Tec-9 | 兄弟连,受限,破损不堪,2.96
Tec-9 | 兄弟连 (战痕累累),Tec-9 | 兄弟连,受限,战痕累累,2.47
Tec-9 | 兄弟连 (略有磨损),Tec-9 | 兄弟连,受限,略有磨损,5.80
MP9（StatTrak™） | 黑砂 (崭新出厂),MP9（StatTrak™） | 黑砂,军规级,崭新出厂,7.00
MP9（StatTrak™） | 黑砂 (久经沙场),MP9（StatTrak™） | 黑砂,军规级,久经沙场,0.75
MP9（StatTrak™） | 黑砂 (破损不堪),MP9（StatTrak™） | 黑砂,军规级,破损不堪,0.84
MP9（StatTrak™） | 黑砂 (战痕累累),MP9（StatTrak™） | 黑砂,军规级,战痕累累,0.84
MP9（StatTrak™） | 黑砂 (略有磨损),MP9（StatTrak™） | 黑砂,军规级,略有磨损,2.14
M4A4 | 暗之绽放 (崭新出厂),M4A4 | 暗之绽放,工业级,崭新出厂,97.00
M4A4 | 暗之绽放 (久经沙场),M4A4 | 暗之绽放,工业级,久经沙场,84.05
M4A4 | 暗之绽放 (破损不堪),M4A4 | 暗之绽放,工业级,破损不堪,85.90
M4A4 | 暗之绽放 (战痕累累),M4A4 | 暗之绽放,工业级,战痕累累,
M4A4 | 暗之绽放 (略有磨损),M4A4 | 暗之绽放,工业级,略有磨损,89.99
XM1014 | 血红巨蟒 (久经沙场),XM1014 | 血红巨蟒,军规级,久经沙场,12.99
XM1014 | 血红巨蟒 (破损不堪),XM1014 | 血红巨蟒,军规级,破损不堪,
XM1014 | 血红巨蟒 (战痕累累),XM1014 | 血红巨蟒,军规级,战痕累累,19.70
XM1014 | 血红巨蟒 (略有磨损),XM1014 | 血红巨蟒,军规级,略有磨损,12.00
P250（StatTrak™） | 元素轮廓 (崭新出厂),P250（StatTrak™） | 元素轮廓,军规级,崭新出厂,19.50
P250（StatTrak™） | 元素轮廓 (久经沙场),P250（StatTrak™） | 元素轮廓,军规级,久经沙场,1.86
P250（StatTrak™） | 元素轮廓 (破损不堪),P250（StatTrak™） | 元素轮廓,军规级,破损不堪,11.56
P250（StatTrak™） | 元素轮廓 (战痕累累),P250（StatTrak™） | 元素轮廓,军规级,战痕累累,2.62
P250（StatTrak™） | 元素轮廓 (略有磨损),P250（StatTrak™） | 元素轮廓,军规级,略有磨损,5.73
爪子刀（★ StatTrak™） | 澄澈之水 (崭新出厂),爪子刀（★ StatTrak™） | 澄澈之水,隐秘,崭新出厂,7949.99
爪子刀（★ StatTrak™） | 澄澈之水 (久经沙场),爪子刀（★ StatTrak™） | 澄澈之水,隐秘,久经沙场,4604.25
爪子刀（★ StatTrak™） | 澄澈之水 (破损不堪),爪子刀（★ StatTrak™） | 澄澈之水,隐秘,破损不堪,
爪子刀（★ StatTrak™） | 澄澈之水 (战痕累累),爪子刀（★ StatTrak™） | 澄澈之水,隐秘,战痕累累,
爪子刀（★ StatTrak™） | 澄澈之水 (略有磨损),爪子刀（★ StatTrak™） | 澄澈之水,隐秘,略有磨损,5131.98
MAC-10 | 赭色大马士革 (崭新出厂),MAC-10 | 赭色大马士革,消费级,崭新出厂,1.76
MAC-10 | 赭色大马士革 (久经沙场),MAC-10 | 赭色大马士革,消费级,久经沙场,1.33
MAC-10 | 赭色大马士革 (破损不堪),MAC-10 | 赭色大马士革,消费级,破损不堪,1.91
MAC-10 | 赭色大马士革 (战痕累累),MAC-10 | 赭色大马士革,消费级,战痕累累,1.35
MAC-10 | 赭色大马士革 (略有磨损),MAC-10 | 赭色大马士革,消费级,略有磨损,1.73
M4A4（StatTrak™） | 彼岸花 (崭新出厂),M4A4（StatTrak™） | 彼岸花,受限,崭新出厂,298.90
M4A4（StatTrak™） | 彼岸花 (久经沙场),M4A4（StatTrak™） | 彼岸花,受限,久经沙场,34.90
M4A4（StatTrak™） | 彼岸花 (破损不堪),M4A4（StatTrak™） | 彼岸花,受限,破损不堪,29.60
M4A4（StatTrak™） | 彼岸花 (战痕累累),M4A4（StatTrak™） | 彼岸花,受限,战痕累累,29.20
M4A4（StatTrak™） | 彼岸花 (略有磨损),M4A4（StatTrak™） | 彼岸花,受限,略有磨损,85.00
内格夫（纪念品） | 核子废渣 (崭新出厂),内格夫（纪念品） | 核子废渣,工业级,崭新出厂,21.97
内格夫（纪念品） | 核子废渣 (久经沙场),内格夫（纪念品） | 核子废渣,工业级,久经沙场,7.50
内格夫（纪念品） | 核子废渣 (破损不堪),内格夫（纪念品） | 核子废渣,工业级,破损不堪,39.00
内格夫（纪念品） | 核子废渣 (略有磨损),内格夫（纪念品） | 核子废渣,工业级,略有磨损,13.76
格洛克 18 型 | 红苹果 (崭新出厂),格洛克 18 型 | 红苹果,军规级,崭新出厂,10.20
格洛克 18 型 | 红苹果 (久经沙场),格洛克 18 型 | 红苹果,军规级,久经沙场,4.84
格洛克 18 型 | 红苹果 (略有磨损),格洛克 18 型 | 红苹果,军规级,略有磨损,5.99
M9 刺刀（★） | 表面淬火 (崭新出厂),M9 刺刀（★） | 表面淬火,隐秘,崭新出厂,15000.00
M9 刺刀（★） | 表面淬火 (久经沙场),M9 刺刀（★） | 表面淬火,隐秘,久经沙场,4399.36
M9 刺刀（★） | 表面淬火 (破损不堪),M9 刺刀（★） | 表面淬火,隐秘,破损不堪,4177.00
M9 刺刀（★） | 表面淬火 (战痕累累),M9 刺刀（★） | 表面淬火,隐秘,战痕累累,3950.00
M9 刺刀（★） | 表面淬火 (略有磨损),M9 刺刀（★） | 表面淬火,隐秘,略有磨损,5195.00
折叠刀（★） | 伽玛多普勒 (崭新出厂),折叠刀（★） | 伽玛多普勒,隐秘,崭新出厂,4369.14
折叠刀（★） | 伽玛多普勒 (略有磨损),折叠刀（★） | 伽玛多普勒,隐秘,略有磨损,5099.00
M249 | 夜半棕榈 (崭新出厂),M249 | 夜半棕榈,工业级,崭新出厂,19.20
M249 | 夜半棕榈 (久经沙场),M249 | 夜半棕榈,工业级,久经沙场,16.30
M249 | 夜半棕榈 (破损不堪),M249 | 夜半棕榈,工业级,破损不堪,18.00
M249 | 夜半棕榈 (战痕累累),M249 | 夜半棕榈,工业级,战痕累累,28.81
M249 | 夜半棕榈 (略有磨损),M249 | 夜半棕榈,工业级,略有磨损,18.00
法玛斯（StatTrak™） | 中士 (久经沙场),法玛斯（StatTrak™） | 中士,受限,久经沙场,25.10
法玛斯（StatTrak™） | 中士 (破损不堪),法玛斯（StatTrak™） | 中士,受限,破损不堪,47.00
法玛斯（StatTrak™） | 中士 (战痕累累),法玛斯（StatTrak™） | 中士,受限,战痕累累,21.68
法玛斯（StatTrak™） | 中士 (略有磨损),法玛斯（StatTrak™） | 中士,受限,略有磨损,88.11
P90 | 冷血无情 (崭新出厂),P90 | 冷血无情,军规级,崭新出厂,5.50
P90 | 冷血无情 (久经沙场),P90 | 冷血无情,军规级,久经沙场,0.50
P90 | 冷血无情 (破损不堪),P90 | 冷血无情,军规级,破损不堪,1.97
P90 | 冷血无情 (战痕累累),P90 | 冷血无情,军规级,战痕累累,0.48
P90 | 冷血无情 (略有磨损),P90 | 冷血无情,军规级,略有磨损,1.30
USP 消音版 | 地狱门票 (崭新出厂),USP 消音版 | 地狱门票,受限,崭新出厂,13.52
USP 消音版 | 地狱门票 (久经沙场),USP 消音版 | 地狱门票,受限,久经沙场,3.18
USP 消音版 | 地狱门票 (破损不堪),USP 消音版 | 地狱门票,受限,破损不堪,4.87
USP 消音版 | 地狱门票 (战痕累累),USP 消音版 | 地狱门票,受限,战痕累累,1.83
USP 消音版 | 地狱门票 (略有磨损),USP 消音版 | 地狱门票,受限,略有磨损,6.05
猎杀者匕首（★） | 渐变之色 (崭新出厂),猎杀者匕首（★） | 渐变之色,隐秘,崭新出厂,4040.40
猎杀者匕首（★） | 渐变之色 (略有磨损),猎杀者匕首（★） | 渐变之色,隐秘,略有磨损,5200.00
MAG-7 | 禁卫军 (崭新出厂),MAG-7 | 禁卫军,受限,崭新出厂,37.50
MAG-7 | 禁卫军 (久经沙场),MAG-7 | 禁卫军,受限,久经沙场,13.38
MAG-7 | 禁卫军 (破损不堪),MAG-7 | 禁卫军,受限,破损不堪,13.00
MAG-7 | 禁卫军 (略有磨损),MAG-7 | 禁卫军,受限,略有磨损,16.44
UMP-45 | 硝烟 (崭新出厂),UMP-45 | 硝烟,工业级,崭新出厂,8.23
UMP-45 | 硝烟 (久经沙场),UMP-45 | 硝烟,工业级,久经沙场,0.98
UMP-45 | 硝烟 (破损不堪),UMP-45 | 硝烟,工业级,破损不堪,0.73
UMP-45 | 硝烟 (战痕累累),UMP-45 | 硝烟,工业级,战痕累累,0.73
UMP-45 | 硝烟 (略有磨损),UMP-45 | 硝烟,工业级,略有磨损,1.56
G3SG1 | 弗卢克斯 (崭新出厂),G3SG1 | 弗卢克斯,保密,崭新出厂,193.00
G3SG1 | 弗卢克斯 (久经沙场),G3SG1 | 弗卢克斯,保密,久经沙场,46.96
G3SG1 | 弗卢克斯 (破损不堪),G3SG1 | 弗卢克斯,保密,破损不堪,44.95
G3SG1 | 弗卢克斯 (战痕累累),G3SG1 | 弗卢克斯,保密,战痕累累,34.55
G3SG1 | 弗卢克斯 (略有磨损),G3SG1 | 弗卢克斯,保密,略有磨损,82.96
P250 | 超新星 (崭新出厂),P250 | 超新星,受限,崭新出厂,13.29
P250 | 超新星 (久经沙场),P250 | 超新星,受限,久经沙场,4.00
P250 | 超新星 (破损不堪),P250 | 超新星,受限,破损不堪,6.07
P250 | 超新星 (略有磨损),P250 | 超新星,受限,略有磨损,6.55
M9 刺刀（★） | 致命紫罗兰 (崭新出厂),M9 刺刀（★） | 致命紫罗兰,隐秘,崭新出厂,
M9 刺刀（★） | 致命紫罗兰 (久经沙场),M9 刺刀（★） | 致命紫罗兰,隐秘,久经沙场,3680.00
M9 刺刀（★） | 致命紫罗兰 (破损不堪),M9 刺刀（★） | 致命紫罗兰,隐秘,破损不堪,3349.89
M9 刺刀（★） | 致命紫罗兰 (战痕累累),M9 刺刀（★） | 致命紫罗兰,隐秘,战痕累累,3480.00
M9 刺刀（★） | 致命紫罗兰 (略有磨损),M9 刺刀（★） | 致命紫罗兰,隐秘,略有磨损,5140.00
新星 | 幽灵迷彩 (崭新出厂),新星 | 幽灵迷彩,军规级,崭新出厂,20.00
新星 | 幽灵迷彩 (久经沙场),新星 | 幽灵迷彩,军规级,久经沙场,10.00
新星 | 幽灵迷彩 (破损不堪),新星 | 幽灵迷彩,军规级,破损不堪,
新星 | 幽灵迷彩 (略有磨损),新星 | 幽灵迷彩,军规级,略有磨损,17.40
P90（StatTrak™） | 集装箱 (崭新出厂),P90（StatTrak™） | 集装箱,军规级,崭新出厂,7.20
P90（StatTrak™） | 集装箱 (久经沙场),P90（StatTrak™） | 集装箱,军规级,久经沙场,0.93
P90（StatTrak™） | 集装箱 (破损不堪),P90（StatTrak™） | 集装箱,军规级,破损不堪,0.55
P90（StatTrak™） | 集装箱 (战痕累累),P90（StatTrak™） | 集装箱,军规级,战痕累累,0.64
P90（StatTrak™） | 集装箱 (略有磨损),P90（StatTrak™） | 集装箱,军规级,略有磨损,1.82
SCAR-20 | 大宪章 (崭新出厂),SCAR-20 | 大宪章,军规级,崭新出厂,85.00
SCAR-20 | 大宪章 (久经沙场),SCAR-20 | 大宪章,军规级,久经沙场,89.00
SCAR-20 | 大宪章 (破损不堪),SCAR-20 | 大宪章,军规级,破损不堪,
SCAR-20 | 大宪章 (战痕累累),SCAR-20 | 大宪章,军规级,战痕累累,
SCAR-20 | 大宪章 (略有磨损),SCAR-20 | 大宪章,军规级,略有磨损,100.00
FN57 | 银白石英 (崭新出厂),FN57 | 银白石英,军规级,崭新出厂,8.41
FN57 | 银白石英 (久经沙场),FN57 | 银白石英,军规级,久经沙场,4.61
FN57 | 银白石英 (破损不堪),FN57 | 银白石英,军规级,破损不堪,5.31
FN57 | 银白石英 (略有磨损),FN57 | 银白石英,军规级,略有磨损,6.10
刺刀（★） | 自动化 (崭新出厂),刺刀（★） | 自动化,隐秘,崭新出厂,7597.96
刺刀（★） | 自动化 (久经沙场),刺刀（★） | 自动化,隐秘,久经沙场,4048.81
刺刀（★） | 自动化 (破损不堪),刺刀（★） | 自动化,隐秘,破损不堪,7000.00
刺刀（★） | 自动化 (战痕累累),刺刀（★） | 自动化,隐秘,战痕累累,3529.00
刺刀（★） | 自动化 (略有磨损),刺刀（★） | 自动化,隐秘,略有磨损,5100.00
XM1014（StatTrak™） | 西装革履 (崭新出厂),XM1014（StatTrak™） | 西装革履,受限,崭新出厂,48.17
XM1014（StatTrak™） | 西装革履 (久经沙场),XM1014（StatTrak™） | 西装革履,受限,久经沙场,6.80
XM1014（StatTrak™） | 西装革履 (破损不堪),XM1014（StatTrak™） | 西装革履,受限,破损不堪,14.49
XM1014（StatTrak™） | 西装革履 (战痕累累),XM1014（StatTrak™） | 西装革履,受限,战痕累累,6.15
XM1014（StatTrak™） | 西装革履 (略有磨损),XM1014（StatTrak™） | 西装革履,受限,略有磨损,15.97
M4A4 | 活色生香 (崭新出厂),M4A4 | 活色生香,隐秘,崭新出厂,290.97
M4A4 | 活色生香 (久经沙场),M4A4 | 活色生香,隐秘,久经沙场,35.21
M4A4 | 活色生香 (破损不堪),M4A4 | 活色生香,隐秘,破损不堪,58.59
M4A4 | 活色生香 (战痕累累),M4A4 | 活色生香,隐秘,战痕累累,27.74
M4A4 | 活色生香 (略有磨损),M4A4 | 活色生香,隐秘,略有磨损,87.80
R8 左轮手枪 | 重新启动 (崭新出厂),R8 左轮手枪 | 重新启动,受限,崭新出厂,20.69
R8 左轮手枪 | 重新启动 (久经沙场),R8 左轮手枪 | 重新启动,受限,久经沙场,3.78
R8 左轮手枪 | 重新启动 (破损不堪),R8 左轮手枪 | 重新启动,受限,破损不堪,3.55
R8 左轮手枪 | 重新启动 (战痕累累),R8 左轮手枪 | 重新启动,受限,战痕累累,3.90
R8 左轮手枪 | 重新启动 (略有磨损),R8 左轮手枪 | 重新启动,受限,略有磨损,6.24
P90 | 精英之作 (崭新出厂),P90 | 精英之作,军规级,崭新出厂,8.90
P90 | 精英之作 (久经沙场),P90 | 精英之作,军规级,久经沙场,1.35
P90 | 精英之作 (破损不堪),P90 | 精英之作,军规级,破损不堪,1.15
P90 | 精英之作 (战痕累累),P90 | 精英之作,军规级,战痕累累,1.07
P90 | 精英之作 (略有磨损),P90 | 精英之作,军规级,略有磨损,1.83
骷髅匕首（★） | 表面淬火 (崭新出厂),骷髅匕首（★） | 表面淬火,隐秘,崭新出厂,10500.00
骷髅匕首（★） | 表面淬火 (久经沙场),骷髅匕首（★） | 表面淬火,隐秘,久经沙场,4387.00
骷髅匕首（★） | 表面淬火 (破损不堪),骷髅匕首（★） | 表面淬火,隐秘,破损不堪,3739.00
骷髅匕首（★） | 表面淬火 (战痕累累),骷髅匕首（★） | 表面淬火,隐秘,战痕累累,3180.00
骷髅匕首（★） | 表面淬火 (略有磨损),骷髅匕首（★） | 表面淬火,隐秘,略有磨损,5235.68
新星（纪念品） | 绿苹果 (崭新出厂),新星（纪念品） | 绿苹果,工业级,崭新出厂,52.00
新星（纪念品） | 绿苹果 (久经沙场),新星（纪念品） | 绿苹果,工业级,久经沙场,20.38
新星（纪念品） | 绿苹果 (略有磨损),新星（纪念品） | 绿苹果,工业级,略有磨损,18.00
P2000（StatTrak™） | 至高帝皇 (崭新出厂),P2000（StatTrak™） | 至高帝皇,军规级,崭新出厂,8.09
P2000（StatTrak™） | 至高帝皇 (久经沙场),P2000（StatTrak™） | 至高帝皇,军规级,久经沙场,5.53
P2000（StatTrak™） | 至高帝皇 (略有磨损),P2000（StatTrak™） | 至高帝皇,军规级,略有磨损,6.26
AK-47 | 阿努比斯军团 (崭新出厂),AK-47 | 阿努比斯军团,隐秘,崭新出厂,165.97
AK-47 | 阿努比斯军团 (久经沙场),AK-47 | 阿努比斯军团,隐秘,久经沙场,62.53
AK-47 | 阿努比斯军团 (破损不堪),AK-47 | 阿努比斯军团,隐秘,破损不堪,77.79
AK-47 | 阿努比斯军团 (战痕累累),AK-47 | 阿努比斯军团,隐秘,战痕累累,52.36
AK-47 | 阿努比斯军团 (略有磨损),AK-47 | 阿努比斯军团,隐秘,略有磨损,87.00
MP9 | 橘皮涂装 (崭新出厂),MP9 | 橘皮涂装,工业级,崭新出厂,3.88
MP9 | 橘皮涂装 (久经沙场),MP9 | 橘皮涂装,工业级,久经沙场,0.87
MP9 | 橘皮涂装 (破损不堪),MP9 | 橘皮涂装,工业级,破损不堪,1.18
MP9 | 橘皮涂装 (战痕累累),MP9 | 橘皮涂装,工业级,战痕累累,0.89
MP9 | 橘皮涂装 (略有磨损),MP9 | 橘皮涂装,工业级,略有磨损,1.61
XM1014（StatTrak™） | 血红巨蟒 (久经沙场),XM1014（StatTrak™） | 血红巨蟒,军规级,久经沙场,11.81
XM1014（StatTrak™） | 血红巨蟒 (破损不堪),XM1014（StatTrak™） | 血红巨蟒,军规级,破损不堪,40.00
XM1014（StatTrak™） | 血红巨蟒 (战痕累累),XM1014（StatTrak™） | 血红巨蟒,军规级,战痕累累,28.00
XM1014（StatTrak™） | 血红巨蟒 (略有磨损),XM1014（StatTrak™） | 血红巨蟒,军规级,略有磨损,17.92
CZ75 | 猛虎 (崭新出厂),CZ75 | 猛虎,受限,崭新出厂,12.40
CZ75 | 猛虎 (久经沙场),CZ75 | 猛虎,受限,久经沙场,5.39
CZ75 | 猛虎 (破损不堪),CZ75 | 猛虎,受限,破损不堪,3.93
CZ75 | 猛虎 (战痕累累),CZ75 | 猛虎,受限,战痕累累,3.85
CZ75 | 猛虎 (略有磨损),CZ75 | 猛虎,受限,略有磨损,6.84
骷髅匕首（★ StatTrak™） | 表面淬火 (崭新出厂),骷髅匕首（★ StatTrak™） | 表面淬火,隐秘,崭新出厂,10999.00
骷髅匕首（★ StatTrak™） | 表面淬火 (久经沙场),骷髅匕首（★ StatTrak™） | 表面淬火,隐秘,久经沙场,4400.00
骷髅匕首（★ StatTrak™） | 表面淬火 (破损不堪),骷髅匕首（★ StatTrak™） | 表面淬火,隐秘,破损不堪,5900.00
骷髅匕首（★ StatTrak™） | 表面淬火 (战痕累累),骷髅匕首（★ StatTrak™） | 表面淬火,隐秘,战痕累累,3420.00
骷髅匕首（★ StatTrak™） | 表面淬火 (略有磨损),骷髅匕首（★ StatTrak™） | 表面淬火,隐秘,略有磨损,5225.00
M4A4 | X 射线 (崭新出厂),M4A4 | X 射线,隐秘,崭新出厂,143.30
M4A4 | X 射线 (久经沙场),M4A4 | X 射线,隐秘,久经沙场,83.18
M4A4 | X 射线 (略有磨损),M4A4 | X 射线,隐秘,略有磨损,86.80
PP-野牛（StatTrak™） | 神秘碑文 (崭新出厂),PP-野牛（StatTrak™） | 神秘碑文,军规级,崭新出厂,8.90
PP-野牛（StatTrak™） | 神秘碑文 (久经沙场),PP-野牛（StatTrak™） | 神秘碑文,军规级,久经沙场,0.75
PP-野牛（StatTrak™） | 神秘碑文 (破损不堪),PP-野牛（StatTrak™） | 神秘碑文,军规级,破损不堪,0.70
PP-野牛（StatTrak™） | 神秘碑文 (战痕累累),PP-野牛（StatTrak™） | 神秘碑文,军规级,战痕累累,0.72
PP-野牛（StatTrak™） | 神秘碑文 (略有磨损),PP-野牛（StatTrak™） | 神秘碑文,军规级,略有磨损,1.85
内格夫 | *哒哒哒* (崭新出厂),内格夫 | *哒哒哒*,军规级,崭新出厂,35.00
内格夫 | *哒哒哒* (久经沙场),内格夫 | *哒哒哒*,军规级,久经沙场,9.15
内格夫 | *哒哒哒* (破损不堪),内格夫 | *哒哒哒*,军规级,破损不堪,14.50
内格夫 | *哒哒哒* (战痕累累),内格夫 | *哒哒哒*,军规级,战痕累累,7.50
内格夫 | *哒哒哒* (略有磨损),内格夫 | *哒哒哒*,军规级,略有磨损,18.00
刺刀（★） | 多普勒 (崭新出厂),刺刀（★） | 多普勒,隐秘,崭新出厂,4648.88
刺刀（★） | 多普勒 (略有磨损),刺刀（★） | 多普勒,隐秘,略有磨损,5242.75
双持贝瑞塔（纪念品） | 殖民侵略者 (崭新出厂),双持贝瑞塔（纪念品） | 殖民侵略者,消费级,崭新出厂,298.90
双持贝瑞塔（纪念品） | 殖民侵略者 (久经沙场),双持贝瑞塔（纪念品） | 殖民侵略者,消费级,久经沙场,1.94
双持贝瑞塔（纪念品） | 殖民侵略者 (破损不堪),双持贝瑞塔（纪念品） | 殖民侵略者,消费级,破损不堪,3.37
双持贝瑞塔（纪念品） | 殖民侵略者 (战痕累累),双持贝瑞塔（纪念品） | 殖民侵略者,消费级,战痕累累,2.80
双持贝瑞塔（纪念品） | 殖民侵略者 (略有磨损),双持贝瑞塔（纪念品） | 殖民侵略者,消费级,略有磨损,11.84
蝴蝶刀（★） | 北方森林 (崭新出厂),蝴蝶刀（★） | 北方森林,隐秘,崭新出厂,
蝴蝶刀（★） | 北方森林 (久经沙场),蝴蝶刀（★） | 北方森林,隐秘,久经沙场,4680.00
蝴蝶刀（★） | 北方森林 (破损不堪),蝴蝶刀（★） | 北方森林,隐秘,破损不堪,4418.00
蝴蝶刀（★） | 北方森林 (战痕累累),蝴蝶刀（★） | 北方森林,隐秘,战痕累累,4245.00
蝴蝶刀（★） | 北方森林 (略有磨损),蝴蝶刀（★） | 北方森林,隐秘,略有磨损,5400.00
USP 消音版 | 力矩 (崭新出厂),USP 消音版 | 力矩,军规级,崭新出厂,10.67
USP 消音版 | 力矩 (久经沙场),USP 消音版 | 力矩,军规级,久经沙场,4.58
USP 消音版 | 力矩 (破损不堪),USP 消音版 | 力矩,军规级,破损不堪,7.30
USP 消音版 | 力矩 (战痕累累),USP 消音版 | 力矩,军规级,战痕累累,13.50
USP 消音版 | 力矩 (略有磨损),USP 消音版 | 力矩,军规级,略有磨损,7.52
PP-野牛（StatTrak™） | 黑夜暴乱 (崭新出厂),PP-野牛（StatTrak™） | 黑夜暴乱,军规级,崭新出厂,5.77
PP-野牛（StatTrak™） | 黑夜暴乱 (久经沙场),PP-野牛（StatTrak™） | 黑夜暴乱,军规级,久经沙场,0.80
PP-野牛（StatTrak™） | 黑夜暴乱 (破损不堪),PP-野牛（StatTrak™） | 黑夜暴乱,军规级,破损不堪,1.00
PP-野牛（StatTrak™） | 黑夜暴乱 (战痕累累),PP-野牛（StatTrak™） | 黑夜暴乱,军规级,战痕累累,0.60
PP-野牛（StatTrak™） | 黑夜暴乱 (略有磨损),PP-野牛（StatTrak™） | 黑夜暴乱,军规级,略有磨损,1.86
M4A4 | 喧嚣杀戮 (崭新出厂),M4A4 | 喧嚣杀戮,隐秘,崭新出厂,291.91
M4A4 | 喧嚣杀戮 (久经沙场),M4A4 | 喧嚣杀戮,隐秘,久经沙场,55.34
M4A4 | 喧嚣杀戮 (破损不堪),M4A4 | 喧嚣杀戮,隐秘,破损不堪,78.20
M4A4 | 喧嚣杀戮 (战痕累累),M4A4 | 喧嚣杀戮,隐秘,战痕累累,46.00
M4A4 | 喧嚣杀戮 (略有磨损),M4A4 | 喧嚣杀戮,隐秘,略有磨损,94.68
M249 | 丛林 DDPAT (崭新出厂),M249 | 丛林 DDPAT,消费级,崭新出厂,
M249 | 丛林 DDPAT (久经沙场),M249 | 丛林 DDPAT,消费级,久经沙场,
M249 | 丛林 DDPAT (破损不堪),M249 | 丛林 DDPAT,消费级,破损不堪,
M249 | 丛林 DDPAT (战痕累累),M249 | 丛林 DDPAT,消费级,战痕累累,
M249 | 丛林 DDPAT (略有磨损),M249 | 丛林 DDPAT,消费级,略有磨损,19.00
Tec-9（纪念品） | 上古图腾 (崭新出厂),Tec-9（纪念品） | 上古图腾,军规级,崭新出厂,18.00
Tec-9（纪念品） | 上古图腾 (久经沙场),Tec-9（纪念品） | 上古图腾,军规级,久经沙场,2.96
Tec-9（纪念品） | 上古图腾 (破损不堪),Tec-9（纪念品） | 上古图腾,军规级,破损不堪,9.89
Tec-9（纪念品） | 上古图腾 (战痕累累),Tec-9（纪念品） | 上古图腾,军规级,战痕累累,7.17
Tec-9（纪念品） | 上古图腾 (略有磨损),Tec-9（纪念品） | 上古图腾,军规级,略有磨损,6.52
G3SG1（StatTrak™） | 丰饶女神 (崭新出厂),G3SG1（StatTrak™） | 丰饶女神,军规级,崭新出厂,400.00
G3SG1（StatTrak™） | 丰饶女神 (久经沙场),G3SG1（StatTrak™） | 丰饶女神,军规级,久经沙场,80.00
G3SG1（StatTrak™） | 丰饶女神 (破损不堪),G3SG1（StatTrak™） | 丰饶女神,军规级,破损不堪,
G3SG1（StatTrak™） | 丰饶女神 (战痕累累),G3SG1（StatTrak™） | 丰饶女神,军规级,战痕累累,49.80
G3SG1（StatTrak™） | 丰饶女神 (略有磨损),G3SG1（StatTrak™） | 丰饶女神,军规级,略有磨损,96.82
弯刀（★ StatTrak™） | 表面淬火 (崭新出厂),弯刀（★ StatTrak™） | 表面淬火,隐秘,崭新出厂,3666.00
弯刀（★ StatTrak™） | 表面淬火 (久经沙场),弯刀（★ StatTrak™） | 表面淬火,隐秘,久经沙场,1616.82
弯刀（★ StatTrak™） | 表面淬火 (破损不堪),弯刀（★ StatTrak™） | 表面淬火,隐秘,破损不堪,1269.00
弯刀（★ StatTrak™） | 表面淬火 (战痕累累),弯刀（★ StatTrak™） | 表面淬火,隐秘,战痕累累,
弯刀（★ StatTrak™） | 表面淬火 (略有磨损),弯刀（★ StatTrak™） | 表面淬火,隐秘,略有磨损,
XM1014（StatTrak™） | 四季 (崭新出厂),XM1014（StatTrak™） | 四季,受限,崭新出厂,39.30
XM1014（StatTrak™） | 四季 (久经沙场),XM1014（StatTrak™） | 四季,受限,久经沙场,15.86
XM1014（StatTrak™） | 四季 (破损不堪),XM1014（StatTrak™） | 四季,受限,破损不堪,22.22
XM1014（StatTrak™） | 四季 (战痕累累),XM1014（StatTrak™） | 四季,受限,战痕累累,
XM1014（StatTrak™） | 四季 (略有磨损),XM1014（StatTrak™） | 四季,受限,略有磨损,26.07
MP9（纪念品） | 暴风呼啸 (崭新出厂),MP9（纪念品） | 暴风呼啸,消费级,崭新出厂,25.39
MP9（纪念品） | 暴风呼啸 (久经沙场),MP9（纪念品） | 暴风呼啸,消费级,久经沙场,0.28
MP9（纪念品） | 暴风呼啸 (破损不堪),MP9（纪念品） | 暴风呼啸,消费级,破损不堪,1.29
MP9（纪念品） | 暴风呼啸 (战痕累累),MP9（纪念品） | 暴风呼啸,消费级,战痕累累,0.38
MP9（纪念品） | 暴风呼啸 (略有磨损),MP9（纪念品） | 暴风呼啸,消费级,略有磨损,1.30
M4A4（纪念品） | 狂哮飓风 (崭新出厂),M4A4（纪念品） | 狂哮飓风,工业级,崭新出厂,998.99
M4A4（纪念品） | 狂哮飓风 (久经沙场),M4A4（纪念品） | 狂哮飓风,工业级,久经沙场,44.81
M4A4（纪念品） | 狂哮飓风 (破损不堪),M4A4（纪念品） | 狂哮飓风,工业级,破损不堪,39.00
M4A4（纪念品） | 狂哮飓风 (战痕累累),M4A4（纪念品） | 狂哮飓风,工业级,战痕累累,30.00
M4A4（纪念品） | 狂哮飓风 (略有磨损),M4A4（纪念品） | 狂哮飓风,工业级,略有磨损,97.00
沙漠之鹰 | 都市瓦砾 (崭新出厂),沙漠之鹰 | 都市瓦砾,军规级,崭新出厂,8.50
沙漠之鹰 | 都市瓦砾 (久经沙场),沙漠之鹰 | 都市瓦砾,军规级,久经沙场,4.48
沙漠之鹰 | 都市瓦砾 (破损不堪),沙漠之鹰 | 都市瓦砾,军规级,破损不堪,4.05
沙漠之鹰 | 都市瓦砾 (战痕累累),沙漠之鹰 | 都市瓦砾,军规级,战痕累累,7.61
沙漠之鹰 | 都市瓦砾 (略有磨损),沙漠之鹰 | 都市瓦砾,军规级,略有磨损,6.01
爪子刀（★） | 噩梦之夜 (崭新出厂),爪子刀（★） | 噩梦之夜,隐秘,崭新出厂,
爪子刀（★） | 噩梦之夜 (久经沙场),爪子刀（★） | 噩梦之夜,隐秘,久经沙场,4450.00
爪子刀（★） | 噩梦之夜 (破损不堪),爪子刀（★） | 噩梦之夜,隐秘,破损不堪,4348.00
爪子刀（★） | 噩梦之夜 (战痕累累),爪子刀（★） | 噩梦之夜,隐秘,战痕累累,4420.00
爪子刀（★） | 噩梦之夜 (略有磨损),爪子刀（★） | 噩梦之夜,隐秘,略有磨损,5388.00
MAC-10 | 红苹果 (崭新出厂),MAC-10 | 红苹果,工业级,崭新出厂,2.54
MAC-10 | 红苹果 (久经沙场),MAC-10 | 红苹果,工业级,久经沙场,1.80
MAC-10 | 红苹果 (略有磨损),MAC-10 | 红苹果,工业级,略有磨损,2.06
新星（StatTrak™） | 锦鲤 (崭新出厂),新星（StatTrak™） | 锦鲤,受限,崭新出厂,30.59
新星（StatTrak™） | 锦鲤 (久经沙场),新星（StatTrak™） | 锦鲤,受限,久经沙场,17.40
新星（StatTrak™） | 锦鲤 (略有磨损),新星（StatTrak™） | 锦鲤,受限,略有磨损,15.00
R8 左轮手枪 | 凤凰手迹 (崭新出厂),R8 左轮手枪 | 凤凰手迹,工业级,崭新出厂,8.30
R8 左轮手枪 | 凤凰手迹 (久经沙场),R8 左轮手枪 | 凤凰手迹,工业级,久经沙场,10.00
R8 左轮手枪 | 凤凰手迹 (破损不堪),R8 左轮手枪 | 凤凰手迹,工业级,破损不堪,11.56
R8 左轮手枪 | 凤凰手迹 (战痕累累),R8 左轮手枪 | 凤凰手迹,工业级,战痕累累,9.78
R8 左轮手枪 | 凤凰手迹 (略有磨损),R8 左轮手枪 | 凤凰手迹,工业级,略有磨损,7.00
爪子刀（★） | 澄澈之水 (崭新出厂),爪子刀（★） | 澄澈之水,隐秘,崭新出厂,5798.00
爪子刀（★） | 澄澈之水 (久经沙场),爪子刀（★） | 澄澈之水,隐秘,久经沙场,4660.97
爪子刀（★） | 澄澈之水 (破损不堪),爪子刀（★） | 澄澈之水,隐秘,破损不堪,5000.00
爪子刀（★） | 澄澈之水 (战痕累累),爪子刀（★） | 澄澈之水,隐秘,战痕累累,4290.00
爪子刀（★） | 澄澈之水 (略有磨损),爪子刀（★） | 澄澈之水,隐秘,略有磨损,5400.00
MAC-10 | 白鲑鱼 (崭新出厂),MAC-10 | 白鲑鱼,军规级,崭新出厂,4.00
MAC-10 | 白鲑鱼 (久经沙场),MAC-10 | 白鲑鱼,军规级,久经沙场,0.97
MAC-10 | 白鲑鱼 (破损不堪),MAC-10 | 白鲑鱼,军规级,破损不堪,0.59
MAC-10 | 白鲑鱼 (战痕累累),MAC-10 | 白鲑鱼,军规级,战痕累累,0.79
MAC-10 | 白鲑鱼 (略有磨损),MAC-10 | 白鲑鱼,军规级,略有磨损,1.95
法玛斯（StatTrak™） | 雅典娜之眼 (崭新出厂),法玛斯（StatTrak™） | 雅典娜之眼,保密,崭新出厂,227.00
法玛斯（StatTrak™） | 雅典娜之眼 (久经沙场),法玛斯（StatTrak™） | 雅典娜之眼,保密,久经沙场,52.30
法玛斯（StatTrak™） | 雅典娜之眼 (破损不堪),法玛斯（StatTrak™） | 雅典娜之眼,保密,破损不堪,
法玛斯（StatTrak™） | 雅典娜之眼 (战痕累累),法玛斯（StatTrak™） | 雅典娜之眼,保密,战痕累累,55.00
法玛斯（StatTrak™） | 雅典娜之眼 (略有磨损),法玛斯（StatTrak™） | 雅典娜之眼,保密,略有磨损,93.20
CZ75（StatTrak™） | 世仇 (崭新出厂),CZ75（StatTrak™） | 世仇,军规级,崭新出厂,19.99
CZ75（StatTrak™） | 世仇 (久经沙场),CZ75（StatTrak™） | 世仇,军规级,久经沙场,3.49
CZ75（StatTrak™） | 世仇 (破损不堪),CZ75（StatTrak™） | 世仇,军规级,破损不堪,2.27
CZ75（StatTrak™） | 世仇 (战痕累累),CZ75（StatTrak™） | 世仇,军规级,战痕累累,2.44
CZ75（StatTrak™） | 世仇 (略有磨损),CZ75（StatTrak™） | 世仇,军规级,略有磨损,7.00
MAG-7（纪念品） | 鎏铜 (崭新出厂),MAG-7（纪念品） | 鎏铜,军规级,崭新出厂,40.00
MAG-7（纪念品） | 鎏铜 (久经沙场),MAG-7（纪念品） | 鎏铜,军规级,久经沙场,7.89
MAG-7（纪念品） | 鎏铜 (破损不堪),MAG-7（纪念品） | 鎏铜,军规级,破损不堪,6.78
MAG-7（纪念品） | 鎏铜 (战痕累累),MAG-7（纪念品） | 鎏铜,军规级,战痕累累,8.00
MAG-7（纪念品） | 鎏铜 (略有磨损),MAG-7（纪念品） | 鎏铜,军规级,略有磨损,19.99
锯齿爪刀（★） | 深红之网 (崭新出厂),锯齿爪刀（★） | 深红之网,隐秘,崭新出厂,26500.00
锯齿爪刀（★） | 深红之网 (久经沙场),锯齿爪刀（★） | 深红之网,隐秘,久经沙场,3409.00
锯齿爪刀（★） | 深红之网 (破损不堪),锯齿爪刀（★） | 深红之网,隐秘,破损不堪,3399.00
锯齿爪刀（★） | 深红之网 (战痕累累),锯齿爪刀（★） | 深红之网,隐秘,战痕累累,2856.00
锯齿爪刀（★） | 深红之网 (略有磨损),锯齿爪刀（★） | 深红之网,隐秘,略有磨损,5492.00
MP9 | 羽量级 (崭新出厂),MP9 | 羽量级,军规级,崭新出厂,4.05
MP9 | 羽量级 (久经沙场),MP9 | 羽量级,军规级,久经沙场,1.25
MP9 | 羽量级 (破损不堪),MP9 | 羽量级,军规级,破损不堪,0.92
MP9 | 羽量级 (战痕累累),MP9 | 羽量级,军规级,战痕累累,0.76
MP9 | 羽量级 (略有磨损),MP9 | 羽量级,军规级,略有磨损,2.00
AUG（StatTrak™） | 汪之萌杀 (崭新出厂),AUG（StatTrak™） | 汪之萌杀,保密,崭新出厂,206.49
AUG（StatTrak™） | 汪之萌杀 (久经沙场),AUG（StatTrak™） | 汪之萌杀,保密,久经沙场,
AUG（StatTrak™） | 汪之萌杀 (破损不堪),AUG（StatTrak™） | 汪之萌杀,保密,破损不堪,
AUG（StatTrak™） | 汪之萌杀 (略有磨损),AUG（StatTrak™） | 汪之萌杀,保密,略有磨损,110.00
新星 | 晶红石英 (崭新出厂),新星 | 晶红石英,受限,崭新出厂,34.87
新星 | 晶红石英 (久经沙场),新星 | 晶红石英,受限,久经沙场,16.24
新星 | 晶红石英 (破损不堪),新星 | 晶红石英,受限,破损不堪,
新星 | 晶红石英 (略有磨损),新星 | 晶红石英,受限,略有磨损,21.17
M9 刺刀（★ StatTrak™） | 自由之手 (崭新出厂),M9 刺刀（★ StatTrak™） | 自由之手,隐秘,崭新出厂,6042.95
M9 刺刀（★ StatTrak™） | 自由之手 (久经沙场),M9 刺刀（★ StatTrak™） | 自由之手,隐秘,久经沙场,4100.00
M9 刺刀（★ StatTrak™） | 自由之手 (破损不堪),M9 刺刀（★ StatTrak™） | 自由之手,隐秘,破损不堪,4500.00
M9 刺刀（★ StatTrak™） | 自由之手 (战痕累累),M9 刺刀（★ StatTrak™） | 自由之手,隐秘,战痕累累,
M9 刺刀（★ StatTrak™） | 自由之手 (略有磨损),M9 刺刀（★ StatTrak™） | 自由之手,隐秘,略有磨损,5420.00
格洛克 18 型（StatTrak™） | 铁之作 (崭新出厂),格洛克 18 型（StatTrak™） | 铁之作,军规级,崭新出厂,38.01
格洛克 18 型（StatTrak™） | 铁之作 (久经沙场),格洛克 18 型（StatTrak™） | 铁之作,军规级,久经沙场,3.98
格洛克 18 型（StatTrak™） | 铁之作 (破损不堪),格洛克 18 型（StatTrak™） | 铁之作,军规级,破损不堪,2.62
格洛克 18 型（StatTrak™） | 铁之作 (战痕累累),格洛克 18 型（StatTrak™） | 铁之作,军规级,战痕累累,3.17
格洛克 18 型（StatTrak™） | 铁之作 (略有磨损),格洛克 18 型（StatTrak™） | 铁之作,军规级,略有磨损,7.64
蝴蝶刀（★ StatTrak™） | 北方森林 (崭新出厂),蝴蝶刀（★ StatTrak™） | 北方森林,隐秘,崭新出厂,
蝴蝶刀（★ StatTrak™） | 北方森林 (久经沙场),蝴蝶刀（★ StatTrak™） | 北方森林,隐秘,久经沙场,4700.00
蝴蝶刀（★ StatTrak™） | 北方森林 (破损不堪),蝴蝶刀（★ StatTrak™） | 北方森林,隐秘,破损不堪,
蝴蝶刀（★ StatTrak™） | 北方森林 (战痕累累),蝴蝶刀（★ StatTrak™） | 北方森林,隐秘,战痕累累,4230.00
蝴蝶刀（★ StatTrak™） | 北方森林 (略有磨损),蝴蝶刀（★ StatTrak™） | 北方森林,隐秘,略有磨损,6232.76
双持贝瑞塔 | 皇室伴侣 (崭新出厂),双持贝瑞塔 | 皇室伴侣,受限,崭新出厂,20.00
双持贝瑞塔 | 皇室伴侣 (久经沙场),双持贝瑞塔 | 皇室伴侣,受限,久经沙场,3.13
双持贝瑞塔 | 皇室伴侣 (破损不堪),双持贝瑞塔 | 皇室伴侣,受限,破损不堪,3.00
双持贝瑞塔 | 皇室伴侣 (战痕累累),双持贝瑞塔 | 皇室伴侣,受限,战痕累累,2.68
双持贝瑞塔 | 皇室伴侣 (略有磨损),双持贝瑞塔 | 皇室伴侣,受限,略有磨损,7.12
P90 | 古老星球 (崭新出厂),P90 | 古老星球,消费级,崭新出厂,2.47
P90 | 古老星球 (久经沙场),P90 | 古老星球,消费级,久经沙场,2.26
P90 | 古老星球 (破损不堪),P90 | 古老星球,消费级,破损不堪,4.05
P90 | 古老星球 (战痕累累),P90 | 古老星球,消费级,战痕累累,6.00
P90 | 古老星球 (略有磨损),P90 | 古老星球,消费级,略有磨损,2.08
XM1014 | 都市穿孔 (崭新出厂),XM1014 | 都市穿孔,消费级,崭新出厂,
XM1014 | 都市穿孔 (久经沙场),XM1014 | 都市穿孔,消费级,久经沙场,66.66
XM1014 | 都市穿孔 (破损不堪),XM1014 | 都市穿孔,消费级,破损不堪,
XM1014 | 都市穿孔 (战痕累累),XM1014 | 都市穿孔,消费级,战痕累累,
XM1014 | 都市穿孔 (略有磨损),XM1014 | 都市穿孔,消费级,略有磨损,20.00
M4A1 消音型 | 苔藓石英 (崭新出厂),M4A1 消音型 | 苔藓石英,工业级,崭新出厂,119.93
M4A1 消音型 | 苔藓石英 (久经沙场),M4A1 消音型 | 苔藓石英,工业级,久经沙场,103.58
M4A1 消音型 | 苔藓石英 (破损不堪),M4A1 消音型 | 苔藓石英,工业级,破损不堪,
M4A1 消音型 | 苔藓石英 (战痕累累),M4A1 消音型 | 苔藓石英,工业级,战痕累累,120.00
M4A1 消音型 | 苔藓石英 (略有磨损),M4A1 消音型 | 苔藓石英,工业级,略有磨损,101.00
MP5-SD | 液化 (崭新出厂),MP5-SD | 液化,军规级,崭新出厂,3.80
MP5-SD | 液化 (久经沙场),MP5-SD | 液化,军规级,久经沙场,1.00
MP5-SD | 液化 (破损不堪),MP5-SD | 液化,军规级,破损不堪,0.93
MP5-SD | 液化 (战痕累累),MP5-SD | 液化,军规级,战痕累累,0.63
MP5-SD | 液化 (略有磨损),MP5-SD | 液化,军规级,略有磨损,1.86
蝴蝶刀（★ StatTrak™） | 枯焦之色 (崭新出厂),蝴蝶刀（★ StatTrak™） | 枯焦之色,隐秘,崭新出厂,
蝴蝶刀（★ StatTrak™） | 枯焦之色 (久经沙场),蝴蝶刀（★ StatTrak™） | 枯焦之色,隐秘,久经沙场,4300.00
蝴蝶刀（★ StatTrak™） | 枯焦之色 (破损不堪),蝴蝶刀（★ StatTrak™） | 枯焦之色,隐秘,破损不堪,4200.00
蝴蝶刀（★ StatTrak™） | 枯焦之色 (战痕累累),蝴蝶刀（★ StatTrak™） | 枯焦之色,隐秘,战痕累累,
蝴蝶刀（★ StatTrak™） | 枯焦之色 (略有磨损),蝴蝶刀（★ StatTrak™） | 枯焦之色,隐秘,略有磨损,5500.00
FN57（纪念品） | 雇佣兵 (崭新出厂),FN57（纪念品） | 雇佣兵,消费级,崭新出厂,722.00
FN57（纪念品） | 雇佣兵 (久经沙场),FN57（纪念品） | 雇佣兵,消费级,久经沙场,1.88
FN57（纪念品） | 雇佣兵 (破损不堪),FN57（纪念品） | 雇佣兵,消费级,破损不堪,3.50
FN57（纪念品） | 雇佣兵 (战痕累累),FN57（纪念品） | 雇佣兵,消费级,战痕累累,2.00
FN57（纪念品） | 雇佣兵 (略有磨损),FN57（纪念品） | 雇佣兵,消费级,略有磨损,8.93
P90（纪念品） | 沙漠涂装 (崭新出厂),P90（纪念品） | 沙漠涂装,消费级,崭新出厂,100.00
P90（纪念品） | 沙漠涂装 (久经沙场),P90（纪念品） | 沙漠涂装,消费级,久经沙场,1.66
P90（纪念品） | 沙漠涂装 (破损不堪),P90（纪念品） | 沙漠涂装,消费级,破损不堪,3.20
P90（纪念品） | 沙漠涂装 (战痕累累),P90（纪念品） | 沙漠涂装,消费级,战痕累累,1.41
P90（纪念品） | 沙漠涂装 (略有磨损),P90（纪念品） | 沙漠涂装,消费级,略有磨损,2.17
SSG 08 | 炎龙之焰 (崭新出厂),SSG 08 | 炎龙之焰,隐秘,崭新出厂,145.22
SSG 08 | 炎龙之焰 (久经沙场),SSG 08 | 炎龙之焰,隐秘,久经沙场,75.49
SSG 08 | 炎龙之焰 (破损不堪),SSG 08 | 炎龙之焰,隐秘,破损不堪,
SSG 08 | 炎龙之焰 (战痕累累),SSG 08 | 炎龙之焰,隐秘,战痕累累,119.26
SSG 08 | 炎龙之焰 (略有磨损),SSG 08 | 炎龙之焰,隐秘,略有磨损,93.30
爪子刀（★） | 人工染色 (崭新出厂),爪子刀（★） | 人工染色,隐秘,崭新出厂,
爪子刀（★） | 人工染色 (久经沙场),爪子刀（★） | 人工染色,隐秘,久经沙场,4780.00
爪子刀（★） | 人工染色 (破损不堪),爪子刀（★） | 人工染色,隐秘,破损不堪,4399.00
爪子刀（★） | 人工染色 (战痕累累),爪子刀（★） | 人工染色,隐秘,战痕累累,4128.00
爪子刀（★） | 人工染色 (略有磨损),爪子刀（★） | 人工染色,隐秘,略有磨损,5250.00
M249（StatTrak™） | 阿兹特克 (崭新出厂),M249（StatTrak™） | 阿兹特克,受限,崭新出厂,35.31
M249（StatTrak™） | 阿兹特克 (久经沙场),M249（StatTrak™） | 阿兹特克,受限,久经沙场,8.99
M249（StatTrak™） | 阿兹特克 (破损不堪),M249（StatTrak™） | 阿兹特克,受限,破损不堪,9.57
M249（StatTrak™） | 阿兹特克 (战痕累累),M249（StatTrak™） | 阿兹特克,受限,战痕累累,6.00
M249（StatTrak™） | 阿兹特克 (略有磨损),M249（StatTrak™） | 阿兹特克,受限,略有磨损,22.00
沙漠之鹰 | 后发制人 (崭新出厂),沙漠之鹰 | 后发制人,受限,崭新出厂,16.30
沙漠之鹰 | 后发制人 (久经沙场),沙漠之鹰 | 后发制人,受限,久经沙场,2.89
沙漠之鹰 | 后发制人 (破损不堪),沙漠之鹰 | 后发制人,受限,破损不堪,1.67
沙漠之鹰 | 后发制人 (战痕累累),沙漠之鹰 | 后发制人,受限,战痕累累,1.74
沙漠之鹰 | 后发制人 (略有磨损),沙漠之鹰 | 后发制人,受限,略有磨损,7.00
MP7 | 卷云 (崭新出厂),MP7 | 卷云,军规级,崭新出厂,4.99
MP7 | 卷云 (久经沙场),MP7 | 卷云,军规级,久经沙场,0.75
MP7 | 卷云 (破损不堪),MP7 | 卷云,军规级,破损不堪,4.46
MP7 | 卷云 (战痕累累),MP7 | 卷云,军规级,战痕累累,0.67
MP7 | 卷云 (略有磨损),MP7 | 卷云,军规级,略有磨损,1.90
M4A1 消音型 | 毁灭者 2000 (崭新出厂),M4A1 消音型 | 毁灭者 2000,保密,崭新出厂,189.00
M4A1 消音型 | 毁灭者 2000 (久经沙场),M4A1 消音型 | 毁灭者 2000,保密,久经沙场,66.00
M4A1 消音型 | 毁灭者 2000 (破损不堪),M4A1 消音型 | 毁灭者 2000,保密,破损不堪,84.00
M4A1 消音型 | 毁灭者 2000 (战痕累累),M4A1 消音型 | 毁灭者 2000,保密,战痕累累,65.01
M4A1 消音型 | 毁灭者 2000 (略有磨损),M4A1 消音型 | 毁灭者 2000,保密,略有磨损,99.83
熊刀（★） | 渐变之色 (崭新出厂),熊刀（★） | 渐变之色,隐秘,崭新出厂,5542.00
熊刀（★） | 渐变之色 (略有磨损),熊刀（★） | 渐变之色,隐秘,略有磨损,5500.00
M249（StatTrak™） | 闹市区 (崭新出厂),M249（StatTrak™） | 闹市区,受限,崭新出厂,38.40
M249（StatTrak™） | 闹市区 (久经沙场),M249（StatTrak™） | 闹市区,受限,久经沙场,8.89
M249（StatTrak™） | 闹市区 (破损不堪),M249（StatTrak™） | 闹市区,受限,破损不堪,9.66
M249（StatTrak™） | 闹市区 (战痕累累),M249（StatTrak™） | 闹市区,受限,战痕累累,7.73
M249（StatTrak™） | 闹市区 (略有磨损),M249（StatTrak™） | 闹市区,受限,略有磨损,20.79
沙漠之鹰（StatTrak™） | 蓝色层压板 (崭新出厂),沙漠之鹰（StatTrak™） | 蓝色层压板,军规级,崭新出厂,34.00
沙漠之鹰（StatTrak™） | 蓝色层压板 (久经沙场),沙漠之鹰（StatTrak™） | 蓝色层压板,军规级,久经沙场,3.96
沙漠之鹰（StatTrak™） | 蓝色层压板 (破损不堪),沙漠之鹰（StatTrak™） | 蓝色层压板,军规级,破损不堪,3.80
沙漠之鹰（StatTrak™） | 蓝色层压板 (战痕累累),沙漠之鹰（StatTrak™） | 蓝色层压板,军规级,战痕累累,4.21
沙漠之鹰（StatTrak™） | 蓝色层压板 (略有磨损),沙漠之鹰（StatTrak™） | 蓝色层压板,军规级,略有磨损,7.22
海豹短刀（★） | 渐变之色 (崭新出厂),海豹短刀（★） | 渐变之色,隐秘,崭新出厂,5780.00
海豹短刀（★） | 渐变之色 (略有磨损),海豹短刀（★） | 渐变之色,隐秘,略有磨损,5800.00
AWP | 珊瑚树 (崭新出厂),AWP | 珊瑚树,保密,崭新出厂,270.00
AWP | 珊瑚树 (久经沙场),AWP | 珊瑚树,保密,久经沙场,87.19
AWP | 珊瑚树 (略有磨损),AWP | 珊瑚树,保密,略有磨损,94.89
格洛克 18 型（StatTrak™） | 亡者之寝 (崭新出厂),格洛克 18 型（StatTrak™） | 亡者之寝,军规级,崭新出厂,14.75
格洛克 18 型（StatTrak™） | 亡者之寝 (久经沙场),格洛克 18 型（StatTrak™） | 亡者之寝,军规级,久经沙场,6.08
格洛克 18 型（StatTrak™） | 亡者之寝 (破损不堪),格洛克 18 型（StatTrak™） | 亡者之寝,军规级,破损不堪,12.60
格洛克 18 型（StatTrak™） | 亡者之寝 (战痕累累),格洛克 18 型（StatTrak™） | 亡者之寝,军规级,战痕累累,16.50
格洛克 18 型（StatTrak™） | 亡者之寝 (略有磨损),格洛克 18 型（StatTrak™） | 亡者之寝,军规级,略有磨损,9.00
MP9（StatTrak™） | 中度威胁 (崭新出厂),MP9（StatTrak™） | 中度威胁,军规级,崭新出厂,6.47
MP9（StatTrak™） | 中度威胁 (久经沙场),MP9（StatTrak™） | 中度威胁,军规级,久经沙场,1.60
MP9（StatTrak™） | 中度威胁 (破损不堪),MP9（StatTrak™） | 中度威胁,军规级,破损不堪,3.28
MP9（StatTrak™） | 中度威胁 (战痕累累),MP9（StatTrak™） | 中度威胁,军规级,战痕累累,1.30
MP9（StatTrak™） | 中度威胁 (略有磨损),MP9（StatTrak™） | 中度威胁,军规级,略有磨损,3.03
MAG-7 | 鎏铜 (崭新出厂),MAG-7 | 鎏铜,军规级,崭新出厂,28.90
MAG-7 | 鎏铜 (久经沙场),MAG-7 | 鎏铜,军规级,久经沙场,14.26
MAG-7 | 鎏铜 (破损不堪),MAG-7 | 鎏铜,军规级,破损不堪,12.00
MAG-7 | 鎏铜 (战痕累累),MAG-7 | 鎏铜,军规级,战痕累累,10.36
MAG-7 | 鎏铜 (略有磨损),MAG-7 | 鎏铜,军规级,略有磨损,21.48
SG 553 | 四号栖息地 (崭新出厂),SG 553 | 四号栖息地,保密,崭新出厂,277.00
SG 553 | 四号栖息地 (久经沙场),SG 553 | 四号栖息地,保密,久经沙场,52.27
SG 553 | 四号栖息地 (破损不堪),SG 553 | 四号栖息地,保密,破损不堪,47.99
SG 553 | 四号栖息地 (战痕累累),SG 553 | 四号栖息地,保密,战痕累累,50.00
SG 553 | 四号栖息地 (略有磨损),SG 553 | 四号栖息地,保密,略有磨损,100.15
FN57 | 好兄弟 (崭新出厂),FN57 | 好兄弟,受限,崭新出厂,15.08
FN57 | 好兄弟 (久经沙场),FN57 | 好兄弟,受限,久经沙场,9.00
FN57 | 好兄弟 (破损不堪),FN57 | 好兄弟,受限,破损不堪,5.80
FN57 | 好兄弟 (战痕累累),FN57 | 好兄弟,受限,战痕累累,4.45
FN57 | 好兄弟 (略有磨损),FN57 | 好兄弟,受限,略有磨损,7.96
蝴蝶刀（★） | 都市伪装 (崭新出厂),蝴蝶刀（★） | 都市伪装,隐秘,崭新出厂,8200.00
蝴蝶刀（★） | 都市伪装 (久经沙场),蝴蝶刀（★） | 都市伪装,隐秘,久经沙场,4393.60
蝴蝶刀（★） | 都市伪装 (破损不堪),蝴蝶刀（★） | 都市伪装,隐秘,破损不堪,4244.00
蝴蝶刀（★） | 都市伪装 (战痕累累),蝴蝶刀（★） | 都市伪装,隐秘,战痕累累,4250.00
蝴蝶刀（★） | 都市伪装 (略有磨损),蝴蝶刀（★） | 都市伪装,隐秘,略有磨损,5546.32
P90 | 白蜡木 (崭新出厂),P90 | 白蜡木,工业级,崭新出厂,2.43
P90 | 白蜡木 (久经沙场),P90 | 白蜡木,工业级,久经沙场,1.86
P90 | 白蜡木 (破损不堪),P90 | 白蜡木,工业级,破损不堪,
P90 | 白蜡木 (略有磨损),P90 | 白蜡木,工业级,略有磨损,2.02
M4A1 消音型（StatTrak™） | 破碎铅秋 (崭新出厂),M4A1 消音型（StatTrak™） | 破碎铅秋,保密,崭新出厂,219.00
M4A1 消音型（StatTrak™） | 破碎铅秋 (久经沙场),M4A1 消音型（StatTrak™） | 破碎铅秋,保密,久经沙场,68.70
M4A1 消音型（StatTrak™） | 破碎铅秋 (破损不堪),M4A1 消音型（StatTrak™） | 破碎铅秋,保密,破损不堪,
M4A1 消音型（StatTrak™） | 破碎铅秋 (战痕累累),M4A1 消音型（StatTrak™） | 破碎铅秋,保密,战痕累累,70.00
M4A1 消音型（StatTrak™） | 破碎铅秋 (略有磨损),M4A1 消音型（StatTrak™） | 破碎铅秋,保密,略有磨损,105.00
新星 | 一见青心 (崭新出厂),新星 | 一见青心,受限,崭新出厂,37.00
新星 | 一见青心 (久经沙场),新星 | 一见青心,受限,久经沙场,14.88
新星 | 一见青心 (破损不堪),新星 | 一见青心,受限,破损不堪,12.77
新星 | 一见青心 (战痕累累),新星 | 一见青心,受限,战痕累累,14.74
新星 | 一见青心 (略有磨损),新星 | 一见青心,受限,略有磨损,22.59
M9 刺刀（★ StatTrak™） | 致命紫罗兰 (崭新出厂),M9 刺刀（★ StatTrak™） | 致命紫罗兰,隐秘,崭新出厂,
M9 刺刀（★ StatTrak™） | 致命紫罗兰 (久经沙场),M9 刺刀（★ StatTrak™） | 致命紫罗兰,隐秘,久经沙场,3595.99
M9 刺刀（★ StatTrak™） | 致命紫罗兰 (破损不堪),M9 刺刀（★ StatTrak™） | 致命紫罗兰,隐秘,破损不堪,
M9 刺刀（★ StatTrak™） | 致命紫罗兰 (战痕累累),M9 刺刀（★ StatTrak™） | 致命紫罗兰,隐秘,战痕累累,4500.00
M9 刺刀（★ StatTrak™） | 致命紫罗兰 (略有磨损),M9 刺刀（★ StatTrak™） | 致命紫罗兰,隐秘,略有磨损,5600.00
沙漠之鹰 | 指挥 (崭新出厂),沙漠之鹰 | 指挥,受限,崭新出厂,66.45
沙漠之鹰 | 指挥 (久经沙场),沙漠之鹰 | 指挥,受限,久经沙场,2.04
沙漠之鹰 | 指挥 (破损不堪),沙漠之鹰 | 指挥,受限,破损不堪,2.02
沙漠之鹰 | 指挥 (战痕累累),沙漠之鹰 | 指挥,受限,战痕累累,1.74
沙漠之鹰 | 指挥 (略有磨损),沙漠之鹰 | 指挥,受限,略有磨损,7.06
MAC-10 | 银质 (崭新出厂),MAC-10 | 银质,工业级,崭新出厂,2.20
MAC-10 | 银质 (略有磨损),MAC-10 | 银质,工业级,略有磨损,2.32
截短霰弹枪 | 竹影 (崭新出厂),截短霰弹枪 | 竹影,消费级,崭新出厂,26.88
截短霰弹枪 | 竹影 (久经沙场),截短霰弹枪 | 竹影,消费级,久经沙场,19.01
截短霰弹枪 | 竹影 (破损不堪),截短霰弹枪 | 竹影,消费级,破损不堪,168.25
截短霰弹枪 | 竹影 (战痕累累),截短霰弹枪 | 竹影,消费级,战痕累累,42.40
截短霰弹枪 | 竹影 (略有磨损),截短霰弹枪 | 竹影,消费级,略有磨损,22.99
AK-47（StatTrak™） | 墨岩 (崭新出厂),AK-47（StatTrak™） | 墨岩,受限,崭新出厂,256.00
AK-47（StatTrak™） | 墨岩 (久经沙场),AK-47（StatTrak™） | 墨岩,受限,久经沙场,59.29
AK-47（StatTrak™） | 墨岩 (破损不堪),AK-47（StatTrak™） | 墨岩,受限,破损不堪,49.01
AK-47（StatTrak™） | 墨岩 (战痕累累),AK-47（StatTrak™） | 墨岩,受限,战痕累累,49.70
AK-47（StatTrak™） | 墨岩 (略有磨损),AK-47（StatTrak™） | 墨岩,受限,略有磨损,90.53
爪子刀（★） | 自由之手 (崭新出厂),爪子刀（★） | 自由之手,隐秘,崭新出厂,6377.00
爪子刀（★） | 自由之手 (久经沙场),爪子刀（★） | 自由之手,隐秘,久经沙场,5075.00
爪子刀（★） | 自由之手 (破损不堪),爪子刀（★） | 自由之手,隐秘,破损不堪,4588.00
爪子刀（★） | 自由之手 (战痕累累),爪子刀（★） | 自由之手,隐秘,战痕累累,
爪子刀（★） | 自由之手 (略有磨损),爪子刀（★） | 自由之手,隐秘,略有磨损,5560.00
USP 消音版 | 引擎故障灯 (崭新出厂),USP 消音版 | 引擎故障灯,军规级,崭新出厂,11.83
USP 消音版 | 引擎故障灯 (久经沙场),USP 消音版 | 引擎故障灯,军规级,久经沙场,6.19
USP 消音版 | 引擎故障灯 (破损不堪),USP 消音版 | 引擎故障灯,军规级,破损不堪,8.99
USP 消音版 | 引擎故障灯 (战痕累累),USP 消音版 | 引擎故障灯,军规级,战痕累累,5.94
USP 消音版 | 引擎故障灯 (略有磨损),USP 消音版 | 引擎故障灯,军规级,略有磨损,8.81
MAC-10 | 冉吉 (崭新出厂),MAC-10 | 冉吉,军规级,崭新出厂,3.45
MAC-10 | 冉吉 (久经沙场),MAC-10 | 冉吉,军规级,久经沙场,1.69
MAC-10 | 冉吉 (破损不堪),MAC-10 | 冉吉,军规级,破损不堪,1.51
MAC-10 | 冉吉 (战痕累累),MAC-10 | 冉吉,军规级,战痕累累,4.93
MAC-10 | 冉吉 (略有磨损),MAC-10 | 冉吉,军规级,略有磨损,2.39
截短霰弹枪（StatTrak™） | 聚光灯 (崭新出厂),截短霰弹枪（StatTrak™） | 聚光灯,受限,崭新出厂,46.77
截短霰弹枪（StatTrak™） | 聚光灯 (久经沙场),截短霰弹枪（StatTrak™） | 聚光灯,受限,久经沙场,6.77
截短霰弹枪（StatTrak™） | 聚光灯 (破损不堪),截短霰弹枪（StatTrak™） | 聚光灯,受限,破损不堪,8.68
截短霰弹枪（StatTrak™） | 聚光灯 (战痕累累),截短霰弹枪（StatTrak™） | 聚光灯,受限,战痕累累,5.55
截短霰弹枪（StatTrak™） | 聚光灯 (略有磨损),截短霰弹枪（StatTrak™） | 聚光灯,受限,略有磨损,15.00
新星 | 胡桃木 (崭新出厂),新星 | 胡桃木,消费级,崭新出厂,
新星 | 胡桃木 (久经沙场),新星 | 胡桃木,消费级,久经沙场,6.89
新星 | 胡桃木 (破损不堪),新星 | 胡桃木,消费级,破损不堪,
新星 | 胡桃木 (战痕累累),新星 | 胡桃木,消费级,战痕累累,14.50
新星 | 胡桃木 (略有磨损),新星 | 胡桃木,消费级,略有磨损,22.02
Tec-9（StatTrak™） | 冰冠 (崭新出厂),Tec-9（StatTrak™） | 冰冠,军规级,崭新出厂,11.79
Tec-9（StatTrak™） | 冰冠 (久经沙场),Tec-9（StatTrak™） | 冰冠,军规级,久经沙场,3.61
Tec-9（StatTrak™） | 冰冠 (破损不堪),Tec-9（StatTrak™） | 冰冠,军规级,破损不堪,3.50
Tec-9（StatTrak™） | 冰冠 (战痕累累),Tec-9（StatTrak™） | 冰冠,军规级,战痕累累,3.45
Tec-9（StatTrak™） | 冰冠 (略有磨损),Tec-9（StatTrak™） | 冰冠,军规级,略有磨损,7.82
MAC-10（StatTrak™） | 海洋 (崭新出厂),MAC-10（StatTrak™） | 海洋,军规级,崭新出厂,5.22
MAC-10（StatTrak™） | 海洋 (久经沙场),MAC-10（StatTrak™） | 海洋,军规级,久经沙场,1.07
MAC-10（StatTrak™） | 海洋 (破损不堪),MAC-10（StatTrak™） | 海洋,军规级,破损不堪,2.10
MAC-10（StatTrak™） | 海洋 (战痕累累),MAC-10（StatTrak™） | 海洋,军规级,战痕累累,1.04
MAC-10（StatTrak™） | 海洋 (略有磨损),MAC-10（StatTrak™） | 海洋,军规级,略有磨损,2.09
AWP（纪念品） | 冥界之河 (崭新出厂),AWP（纪念品） | 冥界之河,军规级,崭新出厂,484.10
AWP（纪念品） | 冥界之河 (久经沙场),AWP（纪念品） | 冥界之河,军规级,久经沙场,45.00
AWP（纪念品） | 冥界之河 (破损不堪),AWP（纪念品） | 冥界之河,军规级,破损不堪,
AWP（纪念品） | 冥界之河 (战痕累累),AWP（纪念品） | 冥界之河,军规级,战痕累累,59.47
AWP（纪念品） | 冥界之河 (略有磨损),AWP（纪念品） | 冥界之河,军规级,略有磨损,89.99
爪子刀（★ StatTrak™） | 自由之手 (崭新出厂),爪子刀（★ StatTrak™） | 自由之手,隐秘,崭新出厂,
爪子刀（★ StatTrak™） | 自由之手 (久经沙场),爪子刀（★ StatTrak™） | 自由之手,隐秘,久经沙场,4950.00
爪子刀（★ StatTrak™） | 自由之手 (破损不堪),爪子刀（★ StatTrak™） | 自由之手,隐秘,破损不堪,4700.00
爪子刀（★ StatTrak™） | 自由之手 (战痕累累),爪子刀（★ StatTrak™） | 自由之手,隐秘,战痕累累,
爪子刀（★ StatTrak™） | 自由之手 (略有磨损),爪子刀（★ StatTrak™） | 自由之手,隐秘,略有磨损,5550.00
XM1014 | 工业牧草 (崭新出厂),XM1014 | 工业牧草,消费级,崭新出厂,200.00
XM1014 | 工业牧草 (久经沙场),XM1014 | 工业牧草,消费级,久经沙场,18.88
XM1014 | 工业牧草 (破损不堪),XM1014 | 工业牧草,消费级,破损不堪,300.00
XM1014 | 工业牧草 (战痕累累),XM1014 | 工业牧草,消费级,战痕累累,300.00
XM1014 | 工业牧草 (略有磨损),XM1014 | 工业牧草,消费级,略有磨损,188.88
截短霰弹枪 | 辐照警报 (崭新出厂),截短霰弹枪 | 辐照警报,消费级,崭新出厂,
截短霰弹枪 | 辐照警报 (久经沙场),截短霰弹枪 | 辐照警报,消费级,久经沙场,12.99
截短霰弹枪 | 辐照警报 (破损不堪),截短霰弹枪 | 辐照警报,消费级,破损不堪,
截短霰弹枪 | 辐照警报 (战痕累累),截短霰弹枪 | 辐照警报,消费级,战痕累累,
截短霰弹枪 | 辐照警报 (略有磨损),截短霰弹枪 | 辐照警报,消费级,略有磨损,22.34
锯齿爪刀（★ StatTrak™） | 狩猎网格 (久经沙场),锯齿爪刀（★ StatTrak™） | 狩猎网格,隐秘,久经沙场,2796.20
锯齿爪刀（★ StatTrak™） | 狩猎网格 (破损不堪),锯齿爪刀（★ StatTrak™） | 狩猎网格,隐秘,破损不堪,
锯齿爪刀（★ StatTrak™） | 狩猎网格 (战痕累累),锯齿爪刀（★ StatTrak™） | 狩猎网格,隐秘,战痕累累,
锯齿爪刀（★ StatTrak™） | 狩猎网格 (略有磨损),锯齿爪刀（★ StatTrak™） | 狩猎网格,隐秘,略有磨损,5700.00
AK-47 | 混沌点阵 (崭新出厂),AK-47 | 混沌点阵,保密,崭新出厂,191.90
AK-47 | 混沌点阵 (久经沙场),AK-47 | 混沌点阵,保密,久经沙场,63.77
AK-47 | 混沌点阵 (破损不堪),AK-47 | 混沌点阵,保密,破损不堪,90.00
AK-47 | 混沌点阵 (战痕累累),AK-47 | 混沌点阵,保密,战痕累累,59.89
AK-47 | 混沌点阵 (略有磨损),AK-47 | 混沌点阵,保密,略有磨损,104.05
双持贝瑞塔（纪念品） | 蔷薇 (崭新出厂),双持贝瑞塔（纪念品） | 蔷薇,消费级,崭新出厂,15.20
双持贝瑞塔（纪念品） | 蔷薇 (久经沙场),双持贝瑞塔（纪念品） | 蔷薇,消费级,久经沙场,10.00
双持贝瑞塔（纪念品） | 蔷薇 (略有磨损),双持贝瑞塔（纪念品） | 蔷薇,消费级,略有磨损,7.82
UMP-45 | 下士 (崭新出厂),UMP-45 | 下士,军规级,崭新出厂,
UMP-45 | 下士 (久经沙场),UMP-45 | 下士,军规级,久经沙场,1.97
UMP-45 | 下士 (破损不堪),UMP-45 | 下士,军规级,破损不堪,
UMP-45 | 下士 (战痕累累),UMP-45 | 下士,军规级,战痕累累,
UMP-45 | 下士 (略有磨损),UMP-45 | 下士,军规级,略有磨损,2.41
新星（StatTrak™） | 玩具士兵 (崭新出厂),新星（StatTrak™） | 玩具士兵,受限,崭新出厂,65.99
新星（StatTrak™） | 玩具士兵 (久经沙场),新星（StatTrak™） | 玩具士兵,受限,久经沙场,10.20
新星（StatTrak™） | 玩具士兵 (破损不堪),新星（StatTrak™） | 玩具士兵,受限,破损不堪,7.95
新星（StatTrak™） | 玩具士兵 (战痕累累),新星（StatTrak™） | 玩具士兵,受限,战痕累累,7.00
新星（StatTrak™） | 玩具士兵 (略有磨损),新星（StatTrak™） | 玩具士兵,受限,略有磨损,22.96
爪子刀（★） | 蓝钢 (崭新出厂),爪子刀（★） | 蓝钢,隐秘,崭新出厂,8500.00
爪子刀（★） | 蓝钢 (久经沙场),爪子刀（★） | 蓝钢,隐秘,久经沙场,5549.00
爪子刀（★） | 蓝钢 (破损不堪),爪子刀（★） | 蓝钢,隐秘,破损不堪,4699.00
爪子刀（★） | 蓝钢 (战痕累累),爪子刀（★） | 蓝钢,隐秘,战痕累累,4809.00
爪子刀（★） | 蓝钢 (略有磨损),爪子刀（★） | 蓝钢,隐秘,略有磨损,5643.00
Tec-9 | 沙尘暴 (久经沙场),Tec-9 | 沙尘暴,军规级,久经沙场,1.59
Tec-9 | 沙尘暴 (破损不堪),Tec-9 | 沙尘暴,军规级,破损不堪,3.39
Tec-9 | 沙尘暴 (战痕累累),Tec-9 | 沙尘暴,军规级,战痕累累,1.52
Tec-9 | 沙尘暴 (略有磨损),Tec-9 | 沙尘暴,军规级,略有磨损,9.79
MAC-10（StatTrak™） | 萌猴迷彩 (崭新出厂),MAC-10（StatTrak™） | 萌猴迷彩,军规级,崭新出厂,8.80
MAC-10（StatTrak™） | 萌猴迷彩 (久经沙场),MAC-10（StatTrak™） | 萌猴迷彩,军规级,久经沙场,1.23
MAC-10（StatTrak™） | 萌猴迷彩 (破损不堪),MAC-10（StatTrak™） | 萌猴迷彩,军规级,破损不堪,1.13
MAC-10（StatTrak™） | 萌猴迷彩 (战痕累累),MAC-10（StatTrak™） | 萌猴迷彩,军规级,战痕累累,1.14
MAC-10（StatTrak™） | 萌猴迷彩 (略有磨损),MAC-10（StatTrak™） | 萌猴迷彩,军规级,略有磨损,2.78
M4A4（纪念品） | 都市 DDPAT (崭新出厂),M4A4（纪念品） | 都市 DDPAT,工业级,崭新出厂,
M4A4（纪念品） | 都市 DDPAT (久经沙场),M4A4（纪念品） | 都市 DDPAT,工业级,久经沙场,37.92
M4A4（纪念品） | 都市 DDPAT (破损不堪),M4A4（纪念品） | 都市 DDPAT,工业级,破损不堪,47.15
M4A4（纪念品） | 都市 DDPAT (战痕累累),M4A4（纪念品） | 都市 DDPAT,工业级,战痕累累,49.88
M4A4（纪念品） | 都市 DDPAT (略有磨损),M4A4（纪念品） | 都市 DDPAT,工业级,略有磨损,108.00
P250 | 交换机 (崭新出厂),P250 | 交换机,军规级,崭新出厂,8.99
P250 | 交换机 (久经沙场),P250 | 交换机,军规级,久经沙场,5.30
P250 | 交换机 (破损不堪),P250 | 交换机,军规级,破损不堪,7.02
P250 | 交换机 (战痕累累),P250 | 交换机,军规级,战痕累累,8.20
P250 | 交换机 (略有磨损),P250 | 交换机,军规级,略有磨损,7.40
M4A4 | 弹雨 (崭新出厂),M4A4 | 弹雨,隐秘,崭新出厂,406.35
M4A4 | 弹雨 (久经沙场),M4A4 | 弹雨,隐秘,久经沙场,73.97
M4A4 | 弹雨 (破损不堪),M4A4 | 弹雨,隐秘,破损不堪,250.00
M4A4 | 弹雨 (战痕累累),M4A4 | 弹雨,隐秘,战痕累累,
M4A4 | 弹雨 (略有磨损),M4A4 | 弹雨,隐秘,略有磨损,109.90
P90（纪念品） | 枯焦之色 (崭新出厂),P90（纪念品） | 枯焦之色,消费级,崭新出厂,58.00
P90（纪念品） | 枯焦之色 (久经沙场),P90（纪念品） | 枯焦之色,消费级,久经沙场,1.43
P90（纪念品） | 枯焦之色 (破损不堪),P90（纪念品） | 枯焦之色,消费级,破损不堪,3.00
P90（纪念品） | 枯焦之色 (战痕累累),P90（纪念品） | 枯焦之色,消费级,战痕累累,1.81
P90（纪念品） | 枯焦之色 (略有磨损),P90（纪念品） | 枯焦之色,消费级,略有磨损,2.47
M9 刺刀（★ StatTrak™） | 表面淬火 (崭新出厂),M9 刺刀（★ StatTrak™） | 表面淬火,隐秘,崭新出厂,99999.00
M9 刺刀（★ StatTrak™） | 表面淬火 (久经沙场),M9 刺刀（★ StatTrak™） | 表面淬火,隐秘,久经沙场,4600.00
M9 刺刀（★ StatTrak™） | 表面淬火 (破损不堪),M9 刺刀（★ StatTrak™） | 表面淬火,隐秘,破损不堪,
M9 刺刀（★ StatTrak™） | 表面淬火 (战痕累累),M9 刺刀（★ StatTrak™） | 表面淬火,隐秘,战痕累累,39958.00
M9 刺刀（★ StatTrak™） | 表面淬火 (略有磨损),M9 刺刀（★ StatTrak™） | 表面淬火,隐秘,略有磨损,
MAG-7 | 核芯破裂 (崭新出厂),MAG-7 | 核芯破裂,受限,崭新出厂,74.27
MAG-7 | 核芯破裂 (久经沙场),MAG-7 | 核芯破裂,受限,久经沙场,10.00
MAG-7 | 核芯破裂 (破损不堪),MAG-7 | 核芯破裂,受限,破损不堪,7.93
MAG-7 | 核芯破裂 (战痕累累),MAG-7 | 核芯破裂,受限,战痕累累,8.00
MAG-7 | 核芯破裂 (略有磨损),MAG-7 | 核芯破裂,受限,略有磨损,24.35
AWP | 狮子之日 (崭新出厂),AWP | 狮子之日,工业级,崭新出厂,170.77
AWP | 狮子之日 (久经沙场),AWP | 狮子之日,工业级,久经沙场,79.64
AWP | 狮子之日 (破损不堪),AWP | 狮子之日,工业级,破损不堪,95.00
AWP | 狮子之日 (战痕累累),AWP | 狮子之日,工业级,战痕累累,87.00
AWP | 狮子之日 (略有磨损),AWP | 狮子之日,工业级,略有磨损,107.00
P2000 | 手炮 (崭新出厂),P2000 | 手炮,受限,崭新出厂,24.15
P2000 | 手炮 (久经沙场),P2000 | 手炮,受限,久经沙场,4.24
P2000 | 手炮 (破损不堪),P2000 | 手炮,受限,破损不堪,4.73
P2000 | 手炮 (战痕累累),P2000 | 手炮,受限,战痕累累,4.04
P2000 | 手炮 (略有磨损),P2000 | 手炮,受限,略有磨损,8.87
R8 左轮手枪 | 渐变琥珀 (崭新出厂),R8 左轮手枪 | 渐变琥珀,保密,崭新出厂,13.40
R8 左轮手枪 | 渐变琥珀 (久经沙场),R8 左轮手枪 | 渐变琥珀,保密,久经沙场,6.87
R8 左轮手枪 | 渐变琥珀 (破损不堪),R8 左轮手枪 | 渐变琥珀,保密,破损不堪,
R8 左轮手枪 | 渐变琥珀 (略有磨损),R8 左轮手枪 | 渐变琥珀,保密,略有磨损,7.44
MAC-10 | 策略 (崭新出厂),MAC-10 | 策略,消费级,崭新出厂,3.20
MAC-10 | 策略 (久经沙场),MAC-10 | 策略,消费级,久经沙场,2.00
MAC-10 | 策略 (破损不堪),MAC-10 | 策略,消费级,破损不堪,4.00
MAC-10 | 策略 (战痕累累),MAC-10 | 策略,消费级,战痕累累,
MAC-10 | 策略 (略有磨损),MAC-10 | 策略,消费级,略有磨损,2.04
M249（StatTrak™） | 翠绿箭毒蛙 (崭新出厂),M249（StatTrak™） | 翠绿箭毒蛙,受限,崭新出厂,63.61
M249（StatTrak™） | 翠绿箭毒蛙 (久经沙场),M249（StatTrak™） | 翠绿箭毒蛙,受限,久经沙场,16.30
M249（StatTrak™） | 翠绿箭毒蛙 (破损不堪),M249（StatTrak™） | 翠绿箭毒蛙,受限,破损不堪,
M249（StatTrak™） | 翠绿箭毒蛙 (略有磨损),M249（StatTrak™） | 翠绿箭毒蛙,受限,略有磨损,24.30
AUG（StatTrak™） | 动量 (崭新出厂),AUG（StatTrak™） | 动量,保密,崭新出厂,629.50
AUG（StatTrak™） | 动量 (久经沙场),AUG（StatTrak™） | 动量,保密,久经沙场,27.00
AUG（StatTrak™） | 动量 (破损不堪),AUG（StatTrak™） | 动量,保密,破损不堪,26.63
AUG（StatTrak™） | 动量 (战痕累累),AUG（StatTrak™） | 动量,保密,战痕累累,19.60
AUG（StatTrak™） | 动量 (略有磨损),AUG（StatTrak™） | 动量,保密,略有磨损,107.60
蝴蝶刀（★） | 人工染色 (崭新出厂),蝴蝶刀（★） | 人工染色,隐秘,崭新出厂,6500.00
蝴蝶刀（★） | 人工染色 (久经沙场),蝴蝶刀（★） | 人工染色,隐秘,久经沙场,5150.00
蝴蝶刀（★） | 人工染色 (破损不堪),蝴蝶刀（★） | 人工染色,隐秘,破损不堪,4930.00
蝴蝶刀（★） | 人工染色 (战痕累累),蝴蝶刀（★） | 人工染色,隐秘,战痕累累,4859.00
蝴蝶刀（★） | 人工染色 (略有磨损),蝴蝶刀（★） | 人工染色,隐秘,略有磨损,5593.40
双持贝瑞塔（StatTrak™） | 龙之双子 (崭新出厂),双持贝瑞塔（StatTrak™） | 龙之双子,军规级,崭新出厂,280.00
双持贝瑞塔（StatTrak™） | 龙之双子 (久经沙场),双持贝瑞塔（StatTrak™） | 龙之双子,军规级,久经沙场,4.88
双持贝瑞塔（StatTrak™） | 龙之双子 (破损不堪),双持贝瑞塔（StatTrak™） | 龙之双子,军规级,破损不堪,3.65
双持贝瑞塔（StatTrak™） | 龙之双子 (战痕累累),双持贝瑞塔（StatTrak™） | 龙之双子,军规级,战痕累累,4.36
双持贝瑞塔（StatTrak™） | 龙之双子 (略有磨损),双持贝瑞塔（StatTrak™） | 龙之双子,军规级,略有磨损,8.90
SG 553（纪念品） | 大马士革钢 (崭新出厂),SG 553（纪念品） | 大马士革钢,军规级,崭新出厂,600.00
SG 553（纪念品） | 大马士革钢 (久经沙场),SG 553（纪念品） | 大马士革钢,军规级,久经沙场,42.83
SG 553（纪念品） | 大马士革钢 (破损不堪),SG 553（纪念品） | 大马士革钢,军规级,破损不堪,24.45
SG 553（纪念品） | 大马士革钢 (战痕累累),SG 553（纪念品） | 大马士革钢,军规级,战痕累累,48.49
SG 553（纪念品） | 大马士革钢 (略有磨损),SG 553（纪念品） | 大马士革钢,军规级,略有磨损,110.00
MAG-7（纪念品） | 金属 DDPAT (崭新出厂),MAG-7（纪念品） | 金属 DDPAT,工业级,崭新出厂,12.77
MAG-7（纪念品） | 金属 DDPAT (略有磨损),MAG-7（纪念品） | 金属 DDPAT,工业级,略有磨损,25.00
MP7 | 掠夺者 (崭新出厂),MP7 | 掠夺者,消费级,崭新出厂,3.02
MP7 | 掠夺者 (久经沙场),MP7 | 掠夺者,消费级,久经沙场,2.41
MP7 | 掠夺者 (破损不堪),MP7 | 掠夺者,消费级,破损不堪,5.63
MP7 | 掠夺者 (战痕累累),MP7 | 掠夺者,消费级,战痕累累,4.45
MP7 | 掠夺者 (略有磨损),MP7 | 掠夺者,消费级,略有磨损,2.44
骷髅匕首（★ StatTrak™） | 蓝钢 (崭新出厂),骷髅匕首（★ StatTrak™） | 蓝钢,隐秘,崭新出厂,
骷髅匕首（★ StatTrak™） | 蓝钢 (久经沙场),骷髅匕首（★ StatTrak™） | 蓝钢,隐秘,久经沙场,3999.00
骷髅匕首（★ StatTrak™） | 蓝钢 (破损不堪),骷髅匕首（★ StatTrak™） | 蓝钢,隐秘,破损不堪,3430.00
骷髅匕首（★ StatTrak™） | 蓝钢 (战痕累累),骷髅匕首（★ StatTrak™） | 蓝钢,隐秘,战痕累累,
骷髅匕首（★ StatTrak™） | 蓝钢 (略有磨损),骷髅匕首（★ StatTrak™） | 蓝钢,隐秘,略有磨损,5888.00
XM1014 | 狂野丛林 (崭新出厂),XM1014 | 狂野丛林,消费级,崭新出厂,
XM1014 | 狂野丛林 (久经沙场),XM1014 | 狂野丛林,消费级,久经沙场,13.74
XM1014 | 狂野丛林 (破损不堪),XM1014 | 狂野丛林,消费级,破损不堪,
XM1014 | 狂野丛林 (战痕累累),XM1014 | 狂野丛林,消费级,战痕累累,
XM1014 | 狂野丛林 (略有磨损),XM1014 | 狂野丛林,消费级,略有磨损,25.00
M4A1 消音型（StatTrak™） | 简报 (崭新出厂),M4A1 消音型（StatTrak™） | 简报,军规级,崭新出厂,366.66
M4A1 消音型（StatTrak™） | 简报 (久经沙场),M4A1 消音型（StatTrak™） | 简报,军规级,久经沙场,52.00
M4A1 消音型（StatTrak™） | 简报 (破损不堪),M4A1 消音型（StatTrak™） | 简报,军规级,破损不堪,400.00
M4A1 消音型（StatTrak™） | 简报 (战痕累累),M4A1 消音型（StatTrak™） | 简报,军规级,战痕累累,178.28
M4A1 消音型（StatTrak™） | 简报 (略有磨损),M4A1 消音型（StatTrak™） | 简报,军规级,略有磨损,88.90
蝴蝶刀（★ StatTrak™） | 人工染色 (崭新出厂),蝴蝶刀（★ StatTrak™） | 人工染色,隐秘,崭新出厂,
蝴蝶刀（★ StatTrak™） | 人工染色 (久经沙场),蝴蝶刀（★ StatTrak™） | 人工染色,隐秘,久经沙场,
蝴蝶刀（★ StatTrak™） | 人工染色 (破损不堪),蝴蝶刀（★ StatTrak™） | 人工染色,隐秘,破损不堪,
蝴蝶刀（★ StatTrak™） | 人工染色 (战痕累累),蝴蝶刀（★ StatTrak™） | 人工染色,隐秘,战痕累累,4999.00
蝴蝶刀（★ StatTrak™） | 人工染色 (略有磨损),蝴蝶刀（★ StatTrak™） | 人工染色,隐秘,略有磨损,5900.00
CZ75 | 紫青之色 (崭新出厂),CZ75 | 紫青之色,消费级,崭新出厂,50.00
CZ75 | 紫青之色 (久经沙场),CZ75 | 紫青之色,消费级,久经沙场,7.96
CZ75 | 紫青之色 (破损不堪),CZ75 | 紫青之色,消费级,破损不堪,7.33
CZ75 | 紫青之色 (战痕累累),CZ75 | 紫青之色,消费级,战痕累累,5.90
CZ75 | 紫青之色 (略有磨损),CZ75 | 紫青之色,消费级,略有磨损,9.01
AK-47 | 丛林涂装 (崭新出厂),AK-47 | 丛林涂装,工业级,崭新出厂,
AK-47 | 丛林涂装 (久经沙场),AK-47 | 丛林涂装,工业级,久经沙场,62.78
AK-47 | 丛林涂装 (破损不堪),AK-47 | 丛林涂装,工业级,破损不堪,46.73
AK-47 | 丛林涂装 (战痕累累),AK-47 | 丛林涂装,工业级,战痕累累,60.00
AK-47 | 丛林涂装 (略有磨损),AK-47 | 丛林涂装,工业级,略有磨损,113.47
MAG-7（StatTrak™） | 铋晶体 (崭新出厂),MAG-7（StatTrak™） | 铋晶体,受限,崭新出厂,47.24
MAG-7（StatTrak™） | 铋晶体 (久经沙场),MAG-7（StatTrak™） | 铋晶体,受限,久经沙场,11.13
MAG-7（StatTrak™） | 铋晶体 (破损不堪),MAG-7（StatTrak™） | 铋晶体,受限,破损不堪,11.99
MAG-7（StatTrak™） | 铋晶体 (战痕累累),MAG-7（StatTrak™） | 铋晶体,受限,战痕累累,9.08
MAG-7（StatTrak™） | 铋晶体 (略有磨损),MAG-7（StatTrak™） | 铋晶体,受限,略有磨损,25.64
UMP-45（StatTrak™） | 简报 (崭新出厂),UMP-45（StatTrak™） | 简报,军规级,崭新出厂,12.67
UMP-45（StatTrak™） | 简报 (久经沙场),UMP-45（StatTrak™） | 简报,军规级,久经沙场,1.19
UMP-45（StatTrak™） | 简报 (破损不堪),UMP-45（StatTrak™） | 简报,军规级,破损不堪,1.09
UMP-45（StatTrak™） | 简报 (战痕累累),UMP-45（StatTrak™） | 简报,军规级,战痕累累,1.00
UMP-45（StatTrak™） | 简报 (略有磨损),UMP-45（StatTrak™） | 简报,军规级,略有磨损,4.32
刺刀（★ StatTrak™） | 黑色层压板 (崭新出厂),刺刀（★ StatTrak™） | 黑色层压板,隐秘,崭新出厂,
刺刀（★ StatTrak™） | 黑色层压板 (久经沙场),刺刀（★ StatTrak™） | 黑色层压板,隐秘,久经沙场,2800.00
刺刀（★ StatTrak™） | 黑色层压板 (破损不堪),刺刀（★ StatTrak™） | 黑色层压板,隐秘,破损不堪,
刺刀（★ StatTrak™） | 黑色层压板 (战痕累累),刺刀（★ StatTrak™） | 黑色层压板,隐秘,战痕累累,2880.00
刺刀（★ StatTrak™） | 黑色层压板 (略有磨损),刺刀（★ StatTrak™） | 黑色层压板,隐秘,略有磨损,3150.00
新星（纪念品） | 致幻时刻 (崭新出厂),新星（纪念品） | 致幻时刻,军规级,崭新出厂,34.00
新星（纪念品） | 致幻时刻 (久经沙场),新星（纪念品） | 致幻时刻,军规级,久经沙场,12.10
新星（纪念品） | 致幻时刻 (破损不堪),新星（纪念品） | 致幻时刻,军规级,破损不堪,
新星（纪念品） | 致幻时刻 (战痕累累),新星（纪念品） | 致幻时刻,军规级,战痕累累,
新星（纪念品） | 致幻时刻 (略有磨损),新星（纪念品） | 致幻时刻,军规级,略有磨损,24.99
R8 左轮手枪（StatTrak™） | 深红之网 (崭新出厂),R8 左轮手枪（StatTrak™） | 深红之网,军规级,崭新出厂,148.00
R8 左轮手枪（StatTrak™） | 深红之网 (久经沙场),R8 左轮手枪（StatTrak™） | 深红之网,军规级,久经沙场,1.94
R8 左轮手枪（StatTrak™） | 深红之网 (破损不堪),R8 左轮手枪（StatTrak™） | 深红之网,军规级,破损不堪,4.00
R8 左轮手枪（StatTrak™） | 深红之网 (战痕累累),R8 左轮手枪（StatTrak™） | 深红之网,军规级,战痕累累,1.11
R8 左轮手枪（StatTrak™） | 深红之网 (略有磨损),R8 左轮手枪（StatTrak™） | 深红之网,军规级,略有磨损,10.00
G3SG1 | 行刑者 (久经沙场),G3SG1 | 行刑者,保密,久经沙场,11.20
G3SG1 | 行刑者 (破损不堪),G3SG1 | 行刑者,保密,破损不堪,9.20
G3SG1 | 行刑者 (战痕累累),G3SG1 | 行刑者,保密,战痕累累,9.40
G3SG1 | 行刑者 (略有磨损),G3SG1 | 行刑者,保密,略有磨损,114.00
MP5-SD（StatTrak™） | 沙漠精英 (崭新出厂),MP5-SD（StatTrak™） | 沙漠精英,军规级,崭新出厂,13.20
MP5-SD（StatTrak™） | 沙漠精英 (久经沙场),MP5-SD（StatTrak™） | 沙漠精英,军规级,久经沙场,1.42
MP5-SD（StatTrak™） | 沙漠精英 (破损不堪),MP5-SD（StatTrak™） | 沙漠精英,军规级,破损不堪,0.73
MP5-SD（StatTrak™） | 沙漠精英 (战痕累累),MP5-SD（StatTrak™） | 沙漠精英,军规级,战痕累累,0.84
MP5-SD（StatTrak™） | 沙漠精英 (略有磨损),MP5-SD（StatTrak™） | 沙漠精英,军规级,略有磨损,2.80
折叠刀（★ StatTrak™） | 渐变大理石 (崭新出厂),折叠刀（★ StatTrak™） | 渐变大理石,隐秘,崭新出厂,4650.00
折叠刀（★ StatTrak™） | 渐变大理石 (略有磨损),折叠刀（★ StatTrak™） | 渐变大理石,隐秘,略有磨损,6000.00
FN57（纪念品） | 暮色森林 (崭新出厂),FN57（纪念品） | 暮色森林,消费级,崭新出厂,
FN57（纪念品） | 暮色森林 (久经沙场),FN57（纪念品） | 暮色森林,消费级,久经沙场,4.28
FN57（纪念品） | 暮色森林 (破损不堪),FN57（纪念品） | 暮色森林,消费级,破损不堪,8.60
FN57（纪念品） | 暮色森林 (战痕累累),FN57（纪念品） | 暮色森林,消费级,战痕累累,2.30
FN57（纪念品） | 暮色森林 (略有磨损),FN57（纪念品） | 暮色森林,消费级,略有磨损,8.00
XM1014（StatTrak™） | 特克卢喷射者 (崭新出厂),XM1014（StatTrak™） | 特克卢喷射者,受限,崭新出厂,43.99
XM1014（StatTrak™） | 特克卢喷射者 (久经沙场),XM1014（StatTrak™） | 特克卢喷射者,受限,久经沙场,12.76
XM1014（StatTrak™） | 特克卢喷射者 (破损不堪),XM1014（StatTrak™） | 特克卢喷射者,受限,破损不堪,11.50
XM1014（StatTrak™） | 特克卢喷射者 (战痕累累),XM1014（StatTrak™） | 特克卢喷射者,受限,战痕累累,20.00
XM1014（StatTrak™） | 特克卢喷射者 (略有磨损),XM1014（StatTrak™） | 特克卢喷射者,受限,略有磨损,28.79
UMP-45 | 暴乱 (崭新出厂),UMP-45 | 暴乱,军规级,崭新出厂,3.02
UMP-45 | 暴乱 (久经沙场),UMP-45 | 暴乱,军规级,久经沙场,1.49
UMP-45 | 暴乱 (破损不堪),UMP-45 | 暴乱,军规级,破损不堪,1.91
UMP-45 | 暴乱 (战痕累累),UMP-45 | 暴乱,军规级,战痕累累,1.24
UMP-45 | 暴乱 (略有磨损),UMP-45 | 暴乱,军规级,略有磨损,5.99
刺刀（★） | 渐变大理石 (崭新出厂),刺刀（★） | 渐变大理石,隐秘,崭新出厂,6150.00
刺刀（★） | 渐变大理石 (略有磨损),刺刀（★） | 渐变大理石,隐秘,略有磨损,6083.00
AWP | 精英之作 (崭新出厂),AWP | 精英之作,保密,崭新出厂,215.00
AWP | 精英之作 (久经沙场),AWP | 精英之作,保密,久经沙场,88.10
AWP | 精英之作 (破损不堪),AWP | 精英之作,保密,破损不堪,78.82
AWP | 精英之作 (战痕累累),AWP | 精英之作,保密,战痕累累,72.00
AWP | 精英之作 (略有磨损),AWP | 精英之作,保密,略有磨损,117.38
Tec-9（StatTrak™） | 贾姆比亚 (崭新出厂),Tec-9（StatTrak™） | 贾姆比亚,军规级,崭新出厂,18.35
Tec-9（StatTrak™） | 贾姆比亚 (久经沙场),Tec-9（StatTrak™） | 贾姆比亚,军规级,久经沙场,3.95
Tec-9（StatTrak™） | 贾姆比亚 (破损不堪),Tec-9（StatTrak™） | 贾姆比亚,军规级,破损不堪,17.81
Tec-9（StatTrak™） | 贾姆比亚 (战痕累累),Tec-9（StatTrak™） | 贾姆比亚,军规级,战痕累累,2.92
Tec-9（StatTrak™） | 贾姆比亚 (略有磨损),Tec-9（StatTrak™） | 贾姆比亚,军规级,略有磨损,8.50
UMP-45（StatTrak™） | 路障 (崭新出厂),UMP-45（StatTrak™） | 路障,军规级,崭新出厂,9.20
UMP-45（StatTrak™） | 路障 (久经沙场),UMP-45（StatTrak™） | 路障,军规级,久经沙场,1.26
UMP-45（StatTrak™） | 路障 (破损不堪),UMP-45（StatTrak™） | 路障,军规级,破损不堪,1.04
UMP-45（StatTrak™） | 路障 (战痕累累),UMP-45（StatTrak™） | 路障,军规级,战痕累累,1.04
UMP-45（StatTrak™） | 路障 (略有磨损),UMP-45（StatTrak™） | 路障,军规级,略有磨损,2.96
XM1014 | 要抱抱 (崭新出厂),XM1014 | 要抱抱,保密,崭新出厂,60.38
XM1014 | 要抱抱 (久经沙场),XM1014 | 要抱抱,保密,久经沙场,11.17
XM1014 | 要抱抱 (破损不堪),XM1014 | 要抱抱,保密,破损不堪,8.99
XM1014 | 要抱抱 (战痕累累),XM1014 | 要抱抱,保密,战痕累累,8.94
XM1014 | 要抱抱 (略有磨损),XM1014 | 要抱抱,保密,略有磨损,26.40
AK-47（纪念品） | 绿色层压板 (崭新出厂),AK-47（纪念品） | 绿色层压板,军规级,崭新出厂,199.10
AK-47（纪念品） | 绿色层压板 (久经沙场),AK-47（纪念品） | 绿色层压板,军规级,久经沙场,92.00
AK-47（纪念品） | 绿色层压板 (破损不堪),AK-47（纪念品） | 绿色层压板,军规级,破损不堪,260.00
AK-47（纪念品） | 绿色层压板 (略有磨损),AK-47（纪念品） | 绿色层压板,军规级,略有磨损,114.27
流浪者匕首（★） | 深红之网 (崭新出厂),流浪者匕首（★） | 深红之网,隐秘,崭新出厂,
流浪者匕首（★） | 深红之网 (久经沙场),流浪者匕首（★） | 深红之网,隐秘,久经沙场,3480.00
流浪者匕首（★） | 深红之网 (破损不堪),流浪者匕首（★） | 深红之网,隐秘,破损不堪,3094.90
流浪者匕首（★） | 深红之网 (战痕累累),流浪者匕首（★） | 深红之网,隐秘,战痕累累,2500.00
流浪者匕首（★） | 深红之网 (略有磨损),流浪者匕首（★） | 深红之网,隐秘,略有磨损,6000.00
格洛克 18 型（StatTrak™） | 幻影冥魂 (崭新出厂),格洛克 18 型（StatTrak™） | 幻影冥魂,军规级,崭新出厂,37.40
格洛克 18 型（StatTrak™） | 幻影冥魂 (久经沙场),格洛克 18 型（StatTrak™） | 幻影冥魂,军规级,久经沙场,3.46
格洛克 18 型（StatTrak™） | 幻影冥魂 (破损不堪),格洛克 18 型（StatTrak™） | 幻影冥魂,军规级,破损不堪,14.60
格洛克 18 型（StatTrak™） | 幻影冥魂 (战痕累累),格洛克 18 型（StatTrak™） | 幻影冥魂,军规级,战痕累累,4.88
格洛克 18 型（StatTrak™） | 幻影冥魂 (略有磨损),格洛克 18 型（StatTrak™） | 幻影冥魂,军规级,略有磨损,8.23
MP5-SD（StatTrak™） | 小小噩梦 (崭新出厂),MP5-SD（StatTrak™） | 小小噩梦,军规级,崭新出厂,8.50
MP5-SD（StatTrak™） | 小小噩梦 (久经沙场),MP5-SD（StatTrak™） | 小小噩梦,军规级,久经沙场,1.22
MP5-SD（StatTrak™） | 小小噩梦 (破损不堪),MP5-SD（StatTrak™） | 小小噩梦,军规级,破损不堪,1.18
MP5-SD（StatTrak™） | 小小噩梦 (战痕累累),MP5-SD（StatTrak™） | 小小噩梦,军规级,战痕累累,1.38
MP5-SD（StatTrak™） | 小小噩梦 (略有磨损),MP5-SD（StatTrak™） | 小小噩梦,军规级,略有磨损,2.60
内格夫（StatTrak™） | *哒哒哒* (崭新出厂),内格夫（StatTrak™） | *哒哒哒*,军规级,崭新出厂,128.96
内格夫（StatTrak™） | *哒哒哒* (久经沙场),内格夫（StatTrak™） | *哒哒哒*,军规级,久经沙场,13.76
内格夫（StatTrak™） | *哒哒哒* (破损不堪),内格夫（StatTrak™） | *哒哒哒*,军规级,破损不堪,9.88
内格夫（StatTrak™） | *哒哒哒* (战痕累累),内格夫（StatTrak™） | *哒哒哒*,军规级,战痕累累,11.00
内格夫（StatTrak™） | *哒哒哒* (略有磨损),内格夫（StatTrak™） | *哒哒哒*,军规级,略有磨损,26.63
海豹短刀（★ StatTrak™） | 渐变之色 (崭新出厂),海豹短刀（★ StatTrak™） | 渐变之色,隐秘,崭新出厂,
海豹短刀（★ StatTrak™） | 渐变之色 (略有磨损),海豹短刀（★ StatTrak™） | 渐变之色,隐秘,略有磨损,
P250（StatTrak™） | 赛博先锋 (崭新出厂),P250（StatTrak™） | 赛博先锋,受限,崭新出厂,24.89
P250（StatTrak™） | 赛博先锋 (久经沙场),P250（StatTrak™） | 赛博先锋,受限,久经沙场,4.60
P250（StatTrak™） | 赛博先锋 (破损不堪),P250（StatTrak™） | 赛博先锋,受限,破损不堪,5.98
P250（StatTrak™） | 赛博先锋 (战痕累累),P250（StatTrak™） | 赛博先锋,受限,战痕累累,3.28
P250（StatTrak™） | 赛博先锋 (略有磨损),P250（StatTrak™） | 赛博先锋,受限,略有磨损,8.45
AWP（StatTrak™） | 树蝰 (崭新出厂),AWP（StatTrak™） | 树蝰,受限,崭新出厂,324.36
AWP（StatTrak™） | 树蝰 (久经沙场),AWP（StatTrak™） | 树蝰,受限,久经沙场,48.90
AWP（StatTrak™） | 树蝰 (破损不堪),AWP（StatTrak™） | 树蝰,受限,破损不堪,35.50
AWP（StatTrak™） | 树蝰 (战痕累累),AWP（StatTrak™） | 树蝰,受限,战痕累累,37.52
AWP（StatTrak™） | 树蝰 (略有磨损),AWP（StatTrak™） | 树蝰,受限,略有磨损,108.28
MAG-7 | 记忆碎片 (崭新出厂),MAG-7 | 记忆碎片,军规级,崭新出厂,29.21
MAG-7 | 记忆碎片 (久经沙场),MAG-7 | 记忆碎片,军规级,久经沙场,
MAG-7 | 记忆碎片 (略有磨损),MAG-7 | 记忆碎片,军规级,略有磨损,28.99
系绳匕首（★ StatTrak™） | 渐变之色 (崭新出厂),系绳匕首（★ StatTrak™） | 渐变之色,隐秘,崭新出厂,5050.00
系绳匕首（★ StatTrak™） | 渐变之色 (略有磨损),系绳匕首（★ StatTrak™） | 渐变之色,隐秘,略有磨损,6200.00
FN57 | 神祗 (崭新出厂),FN57 | 神祗,军规级,崭新出厂,14.00
FN57 | 神祗 (久经沙场),FN57 | 神祗,军规级,久经沙场,6.92
FN57 | 神祗 (略有磨损),FN57 | 神祗,军规级,略有磨损,7.92
MAC-10 | 棕榈色 (崭新出厂),MAC-10 | 棕榈色,工业级,崭新出厂,3.85
MAC-10 | 棕榈色 (久经沙场),MAC-10 | 棕榈色,工业级,久经沙场,0.80
MAC-10 | 棕榈色 (破损不堪),MAC-10 | 棕榈色,工业级,破损不堪,0.86
MAC-10 | 棕榈色 (战痕累累),MAC-10 | 棕榈色,工业级,战痕累累,0.83
MAC-10 | 棕榈色 (略有磨损),MAC-10 | 棕榈色,工业级,略有磨损,2.00
SSG 08 | 热带风暴 (崭新出厂),SSG 08 | 热带风暴,工业级,崭新出厂,
SSG 08 | 热带风暴 (久经沙场),SSG 08 | 热带风暴,工业级,久经沙场,68.00
SSG 08 | 热带风暴 (破损不堪),SSG 08 | 热带风暴,工业级,破损不堪,
SSG 08 | 热带风暴 (战痕累累),SSG 08 | 热带风暴,工业级,战痕累累,
SSG 08 | 热带风暴 (略有磨损),SSG 08 | 热带风暴,工业级,略有磨损,120.00
爪子刀（★ StatTrak™） | 蓝钢 (崭新出厂),爪子刀（★ StatTrak™） | 蓝钢,隐秘,崭新出厂,
爪子刀（★ StatTrak™） | 蓝钢 (久经沙场),爪子刀（★ StatTrak™） | 蓝钢,隐秘,久经沙场,5200.00
爪子刀（★ StatTrak™） | 蓝钢 (破损不堪),爪子刀（★ StatTrak™） | 蓝钢,隐秘,破损不堪,
爪子刀（★ StatTrak™） | 蓝钢 (战痕累累),爪子刀（★ StatTrak™） | 蓝钢,隐秘,战痕累累,
爪子刀（★ StatTrak™） | 蓝钢 (略有磨损),爪子刀（★ StatTrak™） | 蓝钢,隐秘,略有磨损,6200.00
P250 | 炼狱小镇 (崭新出厂),P250 | 炼狱小镇,受限,崭新出厂,13.70
P250 | 炼狱小镇 (久经沙场),P250 | 炼狱小镇,受限,久经沙场,4.40
P250 | 炼狱小镇 (破损不堪),P250 | 炼狱小镇,受限,破损不堪,13.10
P250 | 炼狱小镇 (战痕累累),P250 | 炼狱小镇,受限,战痕累累,3.90
P250 | 炼狱小镇 (略有磨损),P250 | 炼狱小镇,受限,略有磨损,8.41
MP9 | 飞驰 (崭新出厂),MP9 | 飞驰,军规级,崭新出厂,4.56
MP9 | 飞驰 (久经沙场),MP9 | 飞驰,军规级,久经沙场,2.99
MP9 | 飞驰 (破损不堪),MP9 | 飞驰,军规级,破损不堪,99.99
MP9 | 飞驰 (战痕累累),MP9 | 飞驰,军规级,战痕累累,
MP9 | 飞驰 (略有磨损),MP9 | 飞驰,军规级,略有磨损,3.04
法玛斯 | 纪念碑 (崭新出厂),法玛斯 | 纪念碑,隐秘,崭新出厂,227.02
法玛斯 | 纪念碑 (久经沙场),法玛斯 | 纪念碑,隐秘,久经沙场,91.79
法玛斯 | 纪念碑 (破损不堪),法玛斯 | 纪念碑,隐秘,破损不堪,95.66
法玛斯 | 纪念碑 (战痕累累),法玛斯 | 纪念碑,隐秘,战痕累累,300.00
法玛斯 | 纪念碑 (略有磨损),法玛斯 | 纪念碑,隐秘,略有磨损,115.50
P250（纪念品） | 交换机 (崭新出厂),P250（纪念品） | 交换机,军规级,崭新出厂,17.72
P250（纪念品） | 交换机 (久经沙场),P250（纪念品） | 交换机,军规级,久经沙场,3.50
P250（纪念品） | 交换机 (破损不堪),P250（纪念品） | 交换机,军规级,破损不堪,9.90
P250（纪念品） | 交换机 (战痕累累),P250（纪念品） | 交换机,军规级,战痕累累,
P250（纪念品） | 交换机 (略有磨损),P250（纪念品） | 交换机,军规级,略有磨损,8.78
截短霰弹枪（纪念品） | 刹车灯 (崭新出厂),截短霰弹枪（纪念品） | 刹车灯,军规级,崭新出厂,7.99
截短霰弹枪（纪念品） | 刹车灯 (略有磨损),截短霰弹枪（纪念品） | 刹车灯,军规级,略有磨损,30.10
MAC-10 | 青金鳄皮 (崭新出厂),MAC-10 | 青金鳄皮,军规级,崭新出厂,8.60
MAC-10 | 青金鳄皮 (久经沙场),MAC-10 | 青金鳄皮,军规级,久经沙场,2.77
MAC-10 | 青金鳄皮 (破损不堪),MAC-10 | 青金鳄皮,军规级,破损不堪,
MAC-10 | 青金鳄皮 (战痕累累),MAC-10 | 青金鳄皮,军规级,战痕累累,12.00
MAC-10 | 青金鳄皮 (略有磨损),MAC-10 | 青金鳄皮,军规级,略有磨损,3.70
AK-47（StatTrak™） | 幻影破坏者 (崭新出厂),AK-47（StatTrak™） | 幻影破坏者,保密,崭新出厂,245.00
AK-47（StatTrak™） | 幻影破坏者 (久经沙场),AK-47（StatTrak™） | 幻影破坏者,保密,久经沙场,79.99
AK-47（StatTrak™） | 幻影破坏者 (破损不堪),AK-47（StatTrak™） | 幻影破坏者,保密,破损不堪,126.25
AK-47（StatTrak™） | 幻影破坏者 (战痕累累),AK-47（StatTrak™） | 幻影破坏者,保密,战痕累累,70.00
AK-47（StatTrak™） | 幻影破坏者 (略有磨损),AK-47（StatTrak™） | 幻影破坏者,保密,略有磨损,119.97
爪子刀（★ StatTrak™） | 噩梦之夜 (崭新出厂),爪子刀（★ StatTrak™） | 噩梦之夜,隐秘,崭新出厂,
爪子刀（★ StatTrak™） | 噩梦之夜 (久经沙场),爪子刀（★ StatTrak™） | 噩梦之夜,隐秘,久经沙场,4450.00
爪子刀（★ StatTrak™） | 噩梦之夜 (破损不堪),爪子刀（★ StatTrak™） | 噩梦之夜,隐秘,破损不堪,
爪子刀（★ StatTrak™） | 噩梦之夜 (战痕累累),爪子刀（★ StatTrak™） | 噩梦之夜,隐秘,战痕累累,
爪子刀（★ StatTrak™） | 噩梦之夜 (略有磨损),爪子刀（★ StatTrak™） | 噩梦之夜,隐秘,略有磨损,6160.00
MAG-7（纪念品） | 核芯破裂 (崭新出厂),MAG-7（纪念品） | 核芯破裂,受限,崭新出厂,440.84
MAG-7（纪念品） | 核芯破裂 (久经沙场),MAG-7（纪念品） | 核芯破裂,受限,久经沙场,15.48
MAG-7（纪念品） | 核芯破裂 (破损不堪),MAG-7（纪念品） | 核芯破裂,受限,破损不堪,50.00
MAG-7（纪念品） | 核芯破裂 (战痕累累),MAG-7（纪念品） | 核芯破裂,受限,战痕累累,34.10
MAG-7（纪念品） | 核芯破裂 (略有磨损),MAG-7（纪念品） | 核芯破裂,受限,略有磨损,26.00
USP 消音版（纪念品） | 沙漠战术 (崭新出厂),USP 消音版（纪念品） | 沙漠战术,工业级,崭新出厂,38.66
USP 消音版（纪念品） | 沙漠战术 (久经沙场),USP 消音版（纪念品） | 沙漠战术,工业级,久经沙场,5.79
USP 消音版（纪念品） | 沙漠战术 (破损不堪),USP 消音版（纪念品） | 沙漠战术,工业级,破损不堪,3.93
USP 消音版（纪念品） | 沙漠战术 (战痕累累),USP 消音版（纪念品） | 沙漠战术,工业级,战痕累累,6.99
USP 消音版（纪念品） | 沙漠战术 (略有磨损),USP 消音版（纪念品） | 沙漠战术,工业级,略有磨损,8.19
加利尔 AR | 渐变琥珀 (崭新出厂),加利尔 AR | 渐变琥珀,军规级,崭新出厂,122.30
加利尔 AR | 渐变琥珀 (久经沙场),加利尔 AR | 渐变琥珀,军规级,久经沙场,
加利尔 AR | 渐变琥珀 (破损不堪),加利尔 AR | 渐变琥珀,军规级,破损不堪,
加利尔 AR | 渐变琥珀 (略有磨损),加利尔 AR | 渐变琥珀,军规级,略有磨损,184.51
P90 | 沙漠 DDPAT (崭新出厂),P90 | 沙漠 DDPAT,消费级,崭新出厂,3.99
P90 | 沙漠 DDPAT (久经沙场),P90 | 沙漠 DDPAT,消费级,久经沙场,2.22
P90 | 沙漠 DDPAT (破损不堪),P90 | 沙漠 DDPAT,消费级,破损不堪,2.49
P90 | 沙漠 DDPAT (战痕累累),P90 | 沙漠 DDPAT,消费级,战痕累累,2.96
P90 | 沙漠 DDPAT (略有磨损),P90 | 沙漠 DDPAT,消费级,略有磨损,2.85
M9 刺刀（★ StatTrak™） | 黑色层压板 (崭新出厂),M9 刺刀（★ StatTrak™） | 黑色层压板,隐秘,崭新出厂,
M9 刺刀（★ StatTrak™） | 黑色层压板 (久经沙场),M9 刺刀（★ StatTrak™） | 黑色层压板,隐秘,久经沙场,6300.00
M9 刺刀（★ StatTrak™） | 黑色层压板 (破损不堪),M9 刺刀（★ StatTrak™） | 黑色层压板,隐秘,破损不堪,5480.00
M9 刺刀（★ StatTrak™） | 黑色层压板 (战痕累累),M9 刺刀（★ StatTrak™） | 黑色层压板,隐秘,战痕累累,
M9 刺刀（★ StatTrak™） | 黑色层压板 (略有磨损),M9 刺刀（★ StatTrak™） | 黑色层压板,隐秘,略有磨损,6140.00
G3SG1 | 碧藤青翠 (崭新出厂),G3SG1 | 碧藤青翠,军规级,崭新出厂,135.46
G3SG1 | 碧藤青翠 (久经沙场),G3SG1 | 碧藤青翠,军规级,久经沙场,
G3SG1 | 碧藤青翠 (破损不堪),G3SG1 | 碧藤青翠,军规级,破损不堪,135.00
G3SG1 | 碧藤青翠 (战痕累累),G3SG1 | 碧藤青翠,军规级,战痕累累,140.00
G3SG1 | 碧藤青翠 (略有磨损),G3SG1 | 碧藤青翠,军规级,略有磨损,125.25
沙漠之鹰（StatTrak™） | 锈蚀烈焰 (崭新出厂),沙漠之鹰（StatTrak™） | 锈蚀烈焰,军规级,崭新出厂,12.00
沙漠之鹰（StatTrak™） | 锈蚀烈焰 (久经沙场),沙漠之鹰（StatTrak™） | 锈蚀烈焰,军规级,久经沙场,4.95
沙漠之鹰（StatTrak™） | 锈蚀烈焰 (破损不堪),沙漠之鹰（StatTrak™） | 锈蚀烈焰,军规级,破损不堪,17.72
沙漠之鹰（StatTrak™） | 锈蚀烈焰 (战痕累累),沙漠之鹰（StatTrak™） | 锈蚀烈焰,军规级,战痕累累,19.40
沙漠之鹰（StatTrak™） | 锈蚀烈焰 (略有磨损),沙漠之鹰（StatTrak™） | 锈蚀烈焰,军规级,略有磨损,9.51
MP9 | 致命毒药 (崭新出厂),MP9 | 致命毒药,军规级,崭新出厂,10.80
MP9 | 致命毒药 (久经沙场),MP9 | 致命毒药,军规级,久经沙场,1.90
MP9 | 致命毒药 (破损不堪),MP9 | 致命毒药,军规级,破损不堪,1.16
MP9 | 致命毒药 (战痕累累),MP9 | 致命毒药,军规级,战痕累累,1.34
MP9 | 致命毒药 (略有磨损),MP9 | 致命毒药,军规级,略有磨损,2.92
爪子刀（★ StatTrak™） | 大马士革钢 (崭新出厂),爪子刀（★ StatTrak™） | 大马士革钢,隐秘,崭新出厂,11999.00
爪子刀（★ StatTrak™） | 大马士革钢 (久经沙场),爪子刀（★ StatTrak™） | 大马士革钢,隐秘,久经沙场,5555.00
爪子刀（★ StatTrak™） | 大马士革钢 (破损不堪),爪子刀（★ StatTrak™） | 大马士革钢,隐秘,破损不堪,
爪子刀（★ StatTrak™） | 大马士革钢 (战痕累累),爪子刀（★ StatTrak™） | 大马士革钢,隐秘,战痕累累,
爪子刀（★ StatTrak™） | 大马士革钢 (略有磨损),爪子刀（★ StatTrak™） | 大马士革钢,隐秘,略有磨损,6135.00
M4A1 消音型 | 梦魇 (崭新出厂),M4A1 消音型 | 梦魇,保密,崭新出厂,269.50
M4A1 消音型 | 梦魇 (久经沙场),M4A1 消音型 | 梦魇,保密,久经沙场,60.49
M4A1 消音型 | 梦魇 (破损不堪),M4A1 消音型 | 梦魇,保密,破损不堪,42.30
M4A1 消音型 | 梦魇 (战痕累累),M4A1 消音型 | 梦魇,保密,战痕累累,41.88
M4A1 消音型 | 梦魇 (略有磨损),M4A1 消音型 | 梦魇,保密,略有磨损,125.42
截短霰弹枪 | 荒野公主 (崭新出厂),截短霰弹枪 | 荒野公主,保密,崭新出厂,59.00
截短霰弹枪 | 荒野公主 (久经沙场),截短霰弹枪 | 荒野公主,保密,久经沙场,13.80
截短霰弹枪 | 荒野公主 (破损不堪),截短霰弹枪 | 荒野公主,保密,破损不堪,27.74
截短霰弹枪 | 荒野公主 (战痕累累),截短霰弹枪 | 荒野公主,保密,战痕累累,16.00
截短霰弹枪 | 荒野公主 (略有磨损),截短霰弹枪 | 荒野公主,保密,略有磨损,29.00
USP 消音版 | 黑莲花 (崭新出厂),USP 消音版 | 黑莲花,军规级,崭新出厂,35.40
USP 消音版 | 黑莲花 (久经沙场),USP 消音版 | 黑莲花,军规级,久经沙场,5.21
USP 消音版 | 黑莲花 (破损不堪),USP 消音版 | 黑莲花,军规级,破损不堪,5.00
USP 消音版 | 黑莲花 (战痕累累),USP 消音版 | 黑莲花,军规级,战痕累累,4.90
USP 消音版 | 黑莲花 (略有磨损),USP 消音版 | 黑莲花,军规级,略有磨损,7.99
UMP-45 | 枯焦之色 (崭新出厂),UMP-45 | 枯焦之色,消费级,崭新出厂,
UMP-45 | 枯焦之色 (久经沙场),UMP-45 | 枯焦之色,消费级,久经沙场,2.22
UMP-45 | 枯焦之色 (破损不堪),UMP-45 | 枯焦之色,消费级,破损不堪,
UMP-45 | 枯焦之色 (战痕累累),UMP-45 | 枯焦之色,消费级,战痕累累,1.97
UMP-45 | 枯焦之色 (略有磨损),UMP-45 | 枯焦之色,消费级,略有磨损,3.19
爪子刀（★） | 致命紫罗兰 (崭新出厂),爪子刀（★） | 致命紫罗兰,隐秘,崭新出厂,20888.00
爪子刀（★） | 致命紫罗兰 (久经沙场),爪子刀（★） | 致命紫罗兰,隐秘,久经沙场,4709.00
爪子刀（★） | 致命紫罗兰 (破损不堪),爪子刀（★） | 致命紫罗兰,隐秘,破损不堪,4579.00
爪子刀（★） | 致命紫罗兰 (战痕累累),爪子刀（★） | 致命紫罗兰,隐秘,战痕累累,4201.58
爪子刀（★） | 致命紫罗兰 (略有磨损),爪子刀（★） | 致命紫罗兰,隐秘,略有磨损,6285.41
截短霰弹枪（StatTrak™） | 祥和之翼 (崭新出厂),截短霰弹枪（StatTrak™） | 祥和之翼,受限,崭新出厂,50.00
截短霰弹枪（StatTrak™） | 祥和之翼 (久经沙场),截短霰弹枪（StatTrak™） | 祥和之翼,受限,久经沙场,19.80
截短霰弹枪（StatTrak™） | 祥和之翼 (破损不堪),截短霰弹枪（StatTrak™） | 祥和之翼,受限,破损不堪,18.90
截短霰弹枪（StatTrak™） | 祥和之翼 (战痕累累),截短霰弹枪（StatTrak™） | 祥和之翼,受限,战痕累累,88.00
截短霰弹枪（StatTrak™） | 祥和之翼 (略有磨损),截短霰弹枪（StatTrak™） | 祥和之翼,受限,略有磨损,31.26
P250 | 富兰克林 (崭新出厂),P250 | 富兰克林,保密,崭新出厂,21.67
P250 | 富兰克林 (久经沙场),P250 | 富兰克林,保密,久经沙场,6.93
P250 | 富兰克林 (破损不堪),P250 | 富兰克林,保密,破损不堪,14.20
P250 | 富兰克林 (略有磨损),P250 | 富兰克林,保密,略有磨损,8.97
MP7（纪念品） | 主板 (崭新出厂),MP7（纪念品） | 主板,工业级,崭新出厂,5.04
MP7（纪念品） | 主板 (久经沙场),MP7（纪念品） | 主板,工业级,久经沙场,0.76
MP7（纪念品） | 主板 (破损不堪),MP7（纪念品） | 主板,工业级,破损不堪,2.79
MP7（纪念品） | 主板 (战痕累累),MP7（纪念品） | 主板,工业级,战痕累累,2.31
MP7（纪念品） | 主板 (略有磨损),MP7（纪念品） | 主板,工业级,略有磨损,3.06
SG 553（StatTrak™） | 致命紫罗兰 (崭新出厂),SG 553（StatTrak™） | 致命紫罗兰,军规级,崭新出厂,798.00
SG 553（StatTrak™） | 致命紫罗兰 (久经沙场),SG 553（StatTrak™） | 致命紫罗兰,军规级,久经沙场,128.20
SG 553（StatTrak™） | 致命紫罗兰 (破损不堪),SG 553（StatTrak™） | 致命紫罗兰,军规级,破损不堪,97.91
SG 553（StatTrak™） | 致命紫罗兰 (战痕累累),SG 553（StatTrak™） | 致命紫罗兰,军规级,战痕累累,357.99
SG 553（StatTrak™） | 致命紫罗兰 (略有磨损),SG 553（StatTrak™） | 致命紫罗兰,军规级,略有磨损,134.23
M9 刺刀（★） | 黑色层压板 (崭新出厂),M9 刺刀（★） | 黑色层压板,隐秘,崭新出厂,8999.00
M9 刺刀（★） | 黑色层压板 (久经沙场),M9 刺刀（★） | 黑色层压板,隐秘,久经沙场,6076.00
M9 刺刀（★） | 黑色层压板 (破损不堪),M9 刺刀（★） | 黑色层压板,隐秘,破损不堪,5843.15
M9 刺刀（★） | 黑色层压板 (战痕累累),M9 刺刀（★） | 黑色层压板,隐秘,战痕累累,6200.00
M9 刺刀（★） | 黑色层压板 (略有磨损),M9 刺刀（★） | 黑色层压板,隐秘,略有磨损,6488.00
法玛斯（StatTrak™） | 防滚架 (崭新出厂),法玛斯（StatTrak™） | 防滚架,隐秘,崭新出厂,496.88
法玛斯（StatTrak™） | 防滚架 (久经沙场),法玛斯（StatTrak™） | 防滚架,隐秘,久经沙场,61.92
法玛斯（StatTrak™） | 防滚架 (破损不堪),法玛斯（StatTrak™） | 防滚架,隐秘,破损不堪,48.88
法玛斯（StatTrak™） | 防滚架 (战痕累累),法玛斯（StatTrak™） | 防滚架,隐秘,战痕累累,49.99
法玛斯（StatTrak™） | 防滚架 (略有磨损),法玛斯（StatTrak™） | 防滚架,隐秘,略有磨损,130.00
爪子刀（★） | 大马士革钢 (崭新出厂),爪子刀（★） | 大马士革钢,隐秘,崭新出厂,7555.55
爪子刀（★） | 大马士革钢 (久经沙场),爪子刀（★） | 大马士革钢,隐秘,久经沙场,5639.00
爪子刀（★） | 大马士革钢 (破损不堪),爪子刀（★） | 大马士革钢,隐秘,破损不堪,5080.00
爪子刀（★） | 大马士革钢 (战痕累累),爪子刀（★） | 大马士革钢,隐秘,战痕累累,
爪子刀（★） | 大马士革钢 (略有磨损),爪子刀（★） | 大马士革钢,隐秘,略有磨损,6450.00
格洛克 18 型（StatTrak™） | 烈焰天使 (崭新出厂),格洛克 18 型（StatTrak™） | 烈焰天使,军规级,崭新出厂,54.50
格洛克 18 型（StatTrak™） | 烈焰天使 (久经沙场),格洛克 18 型（StatTrak™） | 烈焰天使,军规级,久经沙场,5.30
格洛克 18 型（StatTrak™） | 烈焰天使 (破损不堪),格洛克 18 型（StatTrak™） | 烈焰天使,军规级,破损不堪,3.99
格洛克 18 型（StatTrak™） | 烈焰天使 (战痕累累),格洛克 18 型（StatTrak™） | 烈焰天使,军规级,战痕累累,4.85
格洛克 18 型（StatTrak™） | 烈焰天使 (略有磨损),格洛克 18 型（StatTrak™） | 烈焰天使,军规级,略有磨损,9.49
P90 | 大怪兽 RUSH (崭新出厂),P90 | 大怪兽 RUSH,军规级,崭新出厂,4.49
P90 | 大怪兽 RUSH (久经沙场),P90 | 大怪兽 RUSH,军规级,久经沙场,2.56
P90 | 大怪兽 RUSH (破损不堪),P90 | 大怪兽 RUSH,军规级,破损不堪,4.28
P90 | 大怪兽 RUSH (战痕累累),P90 | 大怪兽 RUSH,军规级,战痕累累,1.93
P90 | 大怪兽 RUSH (略有磨损),P90 | 大怪兽 RUSH,军规级,略有磨损,3.03
MAG-7 | 正义 (崭新出厂),MAG-7 | 正义,保密,崭新出厂,75.00
MAG-7 | 正义 (久经沙场),MAG-7 | 正义,保密,久经沙场,18.27
MAG-7 | 正义 (破损不堪),MAG-7 | 正义,保密,破损不堪,13.00
MAG-7 | 正义 (战痕累累),MAG-7 | 正义,保密,战痕累累,11.00
MAG-7 | 正义 (略有磨损),MAG-7 | 正义,保密,略有磨损,31.16
SG 553（StatTrak™） | 次时代 (崭新出厂),SG 553（StatTrak™） | 次时代,保密,崭新出厂,378.00
SG 553（StatTrak™） | 次时代 (久经沙场),SG 553（StatTrak™） | 次时代,保密,久经沙场,79.90
SG 553（StatTrak™） | 次时代 (破损不堪),SG 553（StatTrak™） | 次时代,保密,破损不堪,90.00
SG 553（StatTrak™） | 次时代 (战痕累累),SG 553（StatTrak™） | 次时代,保密,战痕累累,55.00
SG 553（StatTrak™） | 次时代 (略有磨损),SG 553（StatTrak™） | 次时代,保密,略有磨损,134.23
刺刀（★） | 传说 (崭新出厂),刺刀（★） | 传说,隐秘,崭新出厂,8855.92
刺刀（★） | 传说 (久经沙场),刺刀（★） | 传说,隐秘,久经沙场,4259.31
刺刀（★） | 传说 (破损不堪),刺刀（★） | 传说,隐秘,破损不堪,3700.00
刺刀（★） | 传说 (战痕累累),刺刀（★） | 传说,隐秘,战痕累累,3250.00
刺刀（★） | 传说 (略有磨损),刺刀（★） | 传说,隐秘,略有磨损,6499.00
格洛克 18 型（纪念品） | 红色轮胎 (崭新出厂),格洛克 18 型（纪念品） | 红色轮胎,工业级,崭新出厂,17.49
格洛克 18 型（纪念品） | 红色轮胎 (久经沙场),格洛克 18 型（纪念品） | 红色轮胎,工业级,久经沙场,4.20
格洛克 18 型（纪念品） | 红色轮胎 (破损不堪),格洛克 18 型（纪念品） | 红色轮胎,工业级,破损不堪,18.82
格洛克 18 型（纪念品） | 红色轮胎 (战痕累累),格洛克 18 型（纪念品） | 红色轮胎,工业级,战痕累累,9.50
格洛克 18 型（纪念品） | 红色轮胎 (略有磨损),格洛克 18 型（纪念品） | 红色轮胎,工业级,略有磨损,9.57
MP7 | 游击队 (崭新出厂),MP7 | 游击队,军规级,崭新出厂,7.20
MP7 | 游击队 (久经沙场),MP7 | 游击队,军规级,久经沙场,2.19
MP7 | 游击队 (破损不堪),MP7 | 游击队,军规级,破损不堪,2.07
MP7 | 游击队 (战痕累累),MP7 | 游击队,军规级,战痕累累,4.10
MP7 | 游击队 (略有磨损),MP7 | 游击队,军规级,略有磨损,4.00
XM1014（纪念品） | 太古传说 (崭新出厂),XM1014（纪念品） | 太古传说,受限,崭新出厂,53.76
XM1014（纪念品） | 太古传说 (久经沙场),XM1014（纪念品） | 太古传说,受限,久经沙场,7.40
XM1014（纪念品） | 太古传说 (破损不堪),XM1014（纪念品） | 太古传说,受限,破损不堪,
XM1014（纪念品） | 太古传说 (战痕累累),XM1014（纪念品） | 太古传说,受限,战痕累累,
XM1014（纪念品） | 太古传说 (略有磨损),XM1014（纪念品） | 太古传说,受限,略有磨损,20.00
暗影双匕（★） | 多普勒 (崭新出厂),暗影双匕（★） | 多普勒,隐秘,崭新出厂,1603.03
暗影双匕（★） | 多普勒 (略有磨损),暗影双匕（★） | 多普勒,隐秘,略有磨损,
R8 左轮手枪 | 水都泛波 (崭新出厂),R8 左轮手枪 | 水都泛波,消费级,崭新出厂,30.00
R8 左轮手枪 | 水都泛波 (久经沙场),R8 左轮手枪 | 水都泛波,消费级,久经沙场,7.82
R8 左轮手枪 | 水都泛波 (破损不堪),R8 左轮手枪 | 水都泛波,消费级,破损不堪,8.04
R8 左轮手枪 | 水都泛波 (战痕累累),R8 左轮手枪 | 水都泛波,消费级,战痕累累,5.93
R8 左轮手枪 | 水都泛波 (略有磨损),R8 左轮手枪 | 水都泛波,消费级,略有磨损,9.10
M249（StatTrak™） | 星云十字军 (崭新出厂),M249（StatTrak™） | 星云十字军,受限,崭新出厂,72.00
M249（StatTrak™） | 星云十字军 (久经沙场),M249（StatTrak™） | 星云十字军,受限,久经沙场,23.16
M249（StatTrak™） | 星云十字军 (破损不堪),M249（StatTrak™） | 星云十字军,受限,破损不堪,23.00
M249（StatTrak™） | 星云十字军 (战痕累累),M249（StatTrak™） | 星云十字军,受限,战痕累累,29.59
M249（StatTrak™） | 星云十字军 (略有磨损),M249（StatTrak™） | 星云十字军,受限,略有磨损,34.54
M4A1 消音型（StatTrak™） | 翼蜥 (崭新出厂),M4A1 消音型（StatTrak™） | 翼蜥,受限,崭新出厂,237.97
M4A1 消音型（StatTrak™） | 翼蜥 (久经沙场),M4A1 消音型（StatTrak™） | 翼蜥,受限,久经沙场,85.20
M4A1 消音型（StatTrak™） | 翼蜥 (破损不堪),M4A1 消音型（StatTrak™） | 翼蜥,受限,破损不堪,
M4A1 消音型（StatTrak™） | 翼蜥 (战痕累累),M4A1 消音型（StatTrak™） | 翼蜥,受限,战痕累累,168.49
M4A1 消音型（StatTrak™） | 翼蜥 (略有磨损),M4A1 消音型（StatTrak™） | 翼蜥,受限,略有磨损,145.00
MAC-10 | 鸣沙 (崭新出厂),MAC-10 | 鸣沙,工业级,崭新出厂,5.97
MAC-10 | 鸣沙 (久经沙场),MAC-10 | 鸣沙,工业级,久经沙场,1.91
MAC-10 | 鸣沙 (破损不堪),MAC-10 | 鸣沙,工业级,破损不堪,1.97
MAC-10 | 鸣沙 (战痕累累),MAC-10 | 鸣沙,工业级,战痕累累,1.59
MAC-10 | 鸣沙 (略有磨损),MAC-10 | 鸣沙,工业级,略有磨损,3.31
内格夫 | 棕榈色 (崭新出厂),内格夫 | 棕榈色,工业级,崭新出厂,
内格夫 | 棕榈色 (久经沙场),内格夫 | 棕榈色,工业级,久经沙场,18.88
内格夫 | 棕榈色 (破损不堪),内格夫 | 棕榈色,工业级,破损不堪,
内格夫 | 棕榈色 (战痕累累),内格夫 | 棕榈色,工业级,战痕累累,
内格夫 | 棕榈色 (略有磨损),内格夫 | 棕榈色,工业级,略有磨损,35.00
双持贝瑞塔 | 浮木 (崭新出厂),双持贝瑞塔 | 浮木,工业级,崭新出厂,12.57
双持贝瑞塔 | 浮木 (久经沙场),双持贝瑞塔 | 浮木,工业级,久经沙场,10.29
双持贝瑞塔 | 浮木 (破损不堪),双持贝瑞塔 | 浮木,工业级,破损不堪,15.05
双持贝瑞塔 | 浮木 (战痕累累),双持贝瑞塔 | 浮木,工业级,战痕累累,9.77
双持贝瑞塔 | 浮木 (略有磨损),双持贝瑞塔 | 浮木,工业级,略有磨损,9.76
锯齿爪刀（★） | 多普勒 (崭新出厂),锯齿爪刀（★） | 多普勒,隐秘,崭新出厂,8065.00
锯齿爪刀（★） | 多普勒 (略有磨损),锯齿爪刀（★） | 多普勒,隐秘,略有磨损,
AK-47 | 可燃冰 (崭新出厂),AK-47 | 可燃冰,保密,崭新出厂,241.53
AK-47 | 可燃冰 (久经沙场),AK-47 | 可燃冰,保密,久经沙场,68.76
AK-47 | 可燃冰 (破损不堪),AK-47 | 可燃冰,保密,破损不堪,66.99
AK-47 | 可燃冰 (战痕累累),AK-47 | 可燃冰,保密,战痕累累,47.00
AK-47 | 可燃冰 (略有磨损),AK-47 | 可燃冰,保密,略有磨损,125.89
MP7（StatTrak™） | 都市危机 (崭新出厂),MP7（StatTrak™） | 都市危机,军规级,崭新出厂,6.92
MP7（StatTrak™） | 都市危机 (久经沙场),MP7（StatTrak™） | 都市危机,军规级,久经沙场,1.97
MP7（StatTrak™） | 都市危机 (破损不堪),MP7（StatTrak™） | 都市危机,军规级,破损不堪,3.00
MP7（StatTrak™） | 都市危机 (战痕累累),MP7（StatTrak™） | 都市危机,军规级,战痕累累,2.12
MP7（StatTrak™） | 都市危机 (略有磨损),MP7（StatTrak™） | 都市危机,军规级,略有磨损,3.90
M9 刺刀（★） | 屠夫 (崭新出厂),M9 刺刀（★） | 屠夫,隐秘,崭新出厂,8487.92
M9 刺刀（★） | 屠夫 (久经沙场),M9 刺刀（★） | 屠夫,隐秘,久经沙场,5510.00
M9 刺刀（★） | 屠夫 (略有磨损),M9 刺刀（★） | 屠夫,隐秘,略有磨损,6658.50
沙漠之鹰 | 轻轨 (崭新出厂),沙漠之鹰 | 轻轨,受限,崭新出厂,24.98
沙漠之鹰 | 轻轨 (久经沙场),沙漠之鹰 | 轻轨,受限,久经沙场,3.97
沙漠之鹰 | 轻轨 (破损不堪),沙漠之鹰 | 轻轨,受限,破损不堪,4.72
沙漠之鹰 | 轻轨 (战痕累累),沙漠之鹰 | 轻轨,受限,战痕累累,3.89
沙漠之鹰 | 轻轨 (略有磨损),沙漠之鹰 | 轻轨,受限,略有磨损,9.41
M4A4（StatTrak™） | 沙漠精英 (崭新出厂),M4A4（StatTrak™） | 沙漠精英,隐秘,崭新出厂,237.90
M4A4（StatTrak™） | 沙漠精英 (久经沙场),M4A4（StatTrak™） | 沙漠精英,隐秘,久经沙场,79.80
M4A4（StatTrak™） | 沙漠精英 (破损不堪),M4A4（StatTrak™） | 沙漠精英,隐秘,破损不堪,
M4A4（StatTrak™） | 沙漠精英 (战痕累累),M4A4（StatTrak™） | 沙漠精英,隐秘,战痕累累,140.00
M4A4（StatTrak™） | 沙漠精英 (略有磨损),M4A4（StatTrak™） | 沙漠精英,隐秘,略有磨损,136.11
内格夫 | 大嘴巴 (久经沙场),内格夫 | 大嘴巴,受限,久经沙场,4.50
内格夫 | 大嘴巴 (破损不堪),内格夫 | 大嘴巴,受限,破损不堪,4.99
内格夫 | 大嘴巴 (战痕累累),内格夫 | 大嘴巴,受限,战痕累累,3.60
内格夫 | 大嘴巴 (略有磨损),内格夫 | 大嘴巴,受限,略有磨损,35.99
AK-47 | 捕食者 (崭新出厂),AK-47 | 捕食者,工业级,崭新出厂,
AK-47 | 捕食者 (久经沙场),AK-47 | 捕食者,工业级,久经沙场,144.40
AK-47 | 捕食者 (破损不堪),AK-47 | 捕食者,工业级,破损不堪,760.00
AK-47 | 捕食者 (战痕累累),AK-47 | 捕食者,工业级,战痕累累,188.00
AK-47 | 捕食者 (略有磨损),AK-47 | 捕食者,工业级,略有磨损,140.00
沙漠之鹰 | 陨星 (崭新出厂),沙漠之鹰 | 陨星,军规级,崭新出厂,13.50
沙漠之鹰 | 陨星 (久经沙场),沙漠之鹰 | 陨星,军规级,久经沙场,7.78
沙漠之鹰 | 陨星 (略有磨损),沙漠之鹰 | 陨星,军规级,略有磨损,9.41
爪子刀（★ StatTrak™） | 黑色层压板 (崭新出厂),爪子刀（★ StatTrak™） | 黑色层压板,隐秘,崭新出厂,
爪子刀（★ StatTrak™） | 黑色层压板 (久经沙场),爪子刀（★ StatTrak™） | 黑色层压板,隐秘,久经沙场,6600.00
爪子刀（★ StatTrak™） | 黑色层压板 (破损不堪),爪子刀（★ StatTrak™） | 黑色层压板,隐秘,破损不堪,6040.00
爪子刀（★ StatTrak™） | 黑色层压板 (战痕累累),爪子刀（★ StatTrak™） | 黑色层压板,隐秘,战痕累累,6450.00
爪子刀（★ StatTrak™） | 黑色层压板 (略有磨损),爪子刀（★ StatTrak™） | 黑色层压板,隐秘,略有磨损,6890.00
UMP-45（StatTrak™） | 动摇 (崭新出厂),UMP-45（StatTrak™） | 动摇,军规级,崭新出厂,7.50
UMP-45（StatTrak™） | 动摇 (久经沙场),UMP-45（StatTrak™） | 动摇,军规级,久经沙场,1.85
UMP-45（StatTrak™） | 动摇 (破损不堪),UMP-45（StatTrak™） | 动摇,军规级,破损不堪,2.19
UMP-45（StatTrak™） | 动摇 (战痕累累),UMP-45（StatTrak™） | 动摇,军规级,战痕累累,2.89
UMP-45（StatTrak™） | 动摇 (略有磨损),UMP-45（StatTrak™） | 动摇,军规级,略有磨损,4.68
SCAR-20 | 棕榈色 (崭新出厂),SCAR-20 | 棕榈色,工业级,崭新出厂,
SCAR-20 | 棕榈色 (久经沙场),SCAR-20 | 棕榈色,工业级,久经沙场,
SCAR-20 | 棕榈色 (破损不堪),SCAR-20 | 棕榈色,工业级,破损不堪,
SCAR-20 | 棕榈色 (战痕累累),SCAR-20 | 棕榈色,工业级,战痕累累,
SCAR-20 | 棕榈色 (略有磨损),SCAR-20 | 棕榈色,工业级,略有磨损,150.00
CZ75 | 夜半棕榈 (崭新出厂),CZ75 | 夜半棕榈,工业级,崭新出厂,9.89
CZ75 | 夜半棕榈 (久经沙场),CZ75 | 夜半棕榈,工业级,久经沙场,10.58
CZ75 | 夜半棕榈 (破损不堪),CZ75 | 夜半棕榈,工业级,破损不堪,
CZ75 | 夜半棕榈 (战痕累累),CZ75 | 夜半棕榈,工业级,战痕累累,17.74
CZ75 | 夜半棕榈 (略有磨损),CZ75 | 夜半棕榈,工业级,略有磨损,9.51
新星（StatTrak™） | 一见青心 (崭新出厂),新星（StatTrak™） | 一见青心,受限,崭新出厂,76.00
新星（StatTrak™） | 一见青心 (久经沙场),新星（StatTrak™） | 一见青心,受限,久经沙场,21.96
新星（StatTrak™） | 一见青心 (破损不堪),新星（StatTrak™） | 一见青心,受限,破损不堪,68.11
新星（StatTrak™） | 一见青心 (战痕累累),新星（StatTrak™） | 一见青心,受限,战痕累累,23.96
新星（StatTrak™） | 一见青心 (略有磨损),新星（StatTrak™） | 一见青心,受限,略有磨损,42.72
双持贝瑞塔 | 食人花 (崭新出厂),双持贝瑞塔 | 食人花,受限,崭新出厂,20.59
双持贝瑞塔 | 食人花 (久经沙场),双持贝瑞塔 | 食人花,受限,久经沙场,5.10
双持贝瑞塔 | 食人花 (破损不堪),双持贝瑞塔 | 食人花,受限,破损不堪,4.14
双持贝瑞塔 | 食人花 (战痕累累),双持贝瑞塔 | 食人花,受限,战痕累累,3.70
双持贝瑞塔 | 食人花 (略有磨损),双持贝瑞塔 | 食人花,受限,略有磨损,9.90
UMP-45（StatTrak™） | 迷之宫 (崭新出厂),UMP-45（StatTrak™） | 迷之宫,军规级,崭新出厂,6.02
UMP-45（StatTrak™） | 迷之宫 (久经沙场),UMP-45（StatTrak™） | 迷之宫,军规级,久经沙场,2.72
UMP-45（StatTrak™） | 迷之宫 (破损不堪),UMP-45（StatTrak™） | 迷之宫,军规级,破损不堪,3.00
UMP-45（StatTrak™） | 迷之宫 (略有磨损),UMP-45（StatTrak™） | 迷之宫,军规级,略有磨损,3.28
AUG | 鹰翼 (崭新出厂),AUG | 鹰翼,军规级,崭新出厂,130.89
AUG | 鹰翼 (略有磨损),AUG | 鹰翼,军规级,略有磨损,147.20
爪子刀（★） | 表面淬火 (崭新出厂),爪子刀（★） | 表面淬火,隐秘,崭新出厂,10800.00
爪子刀（★） | 表面淬火 (久经沙场),爪子刀（★） | 表面淬火,隐秘,久经沙场,6335.31
爪子刀（★） | 表面淬火 (破损不堪),爪子刀（★） | 表面淬火,隐秘,破损不堪,5980.00
爪子刀（★） | 表面淬火 (战痕累累),爪子刀（★） | 表面淬火,隐秘,战痕累累,5070.00
爪子刀（★） | 表面淬火 (略有磨损),爪子刀（★） | 表面淬火,隐秘,略有磨损,6976.00
MAC-10（StatTrak™） | 捕猎者 (崭新出厂),MAC-10（StatTrak™） | 捕猎者,军规级,崭新出厂,9.40
MAC-10（StatTrak™） | 捕猎者 (久经沙场),MAC-10（StatTrak™） | 捕猎者,军规级,久经沙场,1.88
MAC-10（StatTrak™） | 捕猎者 (破损不堪),MAC-10（StatTrak™） | 捕猎者,军规级,破损不堪,1.51
MAC-10（StatTrak™） | 捕猎者 (战痕累累),MAC-10（StatTrak™） | 捕猎者,军规级,战痕累累,1.47
MAC-10（StatTrak™） | 捕猎者 (略有磨损),MAC-10（StatTrak™） | 捕猎者,军规级,略有磨损,2.92
CZ75 | 经济 (崭新出厂),CZ75 | 经济,受限,崭新出厂,25.93
CZ75 | 经济 (久经沙场),CZ75 | 经济,受限,久经沙场,4.37
CZ75 | 经济 (破损不堪),CZ75 | 经济,受限,破损不堪,3.69
CZ75 | 经济 (战痕累累),CZ75 | 经济,受限,战痕累累,3.45
CZ75 | 经济 (略有磨损),CZ75 | 经济,受限,略有磨损,9.00
MAG-7（StatTrak™） | 记忆碎片 (崭新出厂),MAG-7（StatTrak™） | 记忆碎片,军规级,崭新出厂,100.00
MAG-7（StatTrak™） | 记忆碎片 (久经沙场),MAG-7（StatTrak™） | 记忆碎片,军规级,久经沙场,
MAG-7（StatTrak™） | 记忆碎片 (略有磨损),MAG-7（StatTrak™） | 记忆碎片,军规级,略有磨损,37.00
AK-47（StatTrak™） | 蓝色层压板 (崭新出厂),AK-47（StatTrak™） | 蓝色层压板,受限,崭新出厂,200.00
AK-47（StatTrak™） | 蓝色层压板 (久经沙场),AK-47（StatTrak™） | 蓝色层压板,受限,久经沙场,156.66
AK-47（StatTrak™） | 蓝色层压板 (破损不堪),AK-47（StatTrak™） | 蓝色层压板,受限,破损不堪,220.00
AK-47（StatTrak™） | 蓝色层压板 (略有磨损),AK-47（StatTrak™） | 蓝色层压板,受限,略有磨损,157.14
蝴蝶刀（★） | 蓝钢 (崭新出厂),蝴蝶刀（★） | 蓝钢,隐秘,崭新出厂,8299.00
蝴蝶刀（★） | 蓝钢 (久经沙场),蝴蝶刀（★） | 蓝钢,隐秘,久经沙场,6690.31
蝴蝶刀（★） | 蓝钢 (破损不堪),蝴蝶刀（★） | 蓝钢,隐秘,破损不堪,5990.00
蝴蝶刀（★） | 蓝钢 (战痕累累),蝴蝶刀（★） | 蓝钢,隐秘,战痕累累,6450.00
蝴蝶刀（★） | 蓝钢 (略有磨损),蝴蝶刀（★） | 蓝钢,隐秘,略有磨损,6900.00
MP9（StatTrak™） | 砂垢 (崭新出厂),MP9（StatTrak™） | 砂垢,军规级,崭新出厂,7.35
MP9（StatTrak™） | 砂垢 (久经沙场),MP9（StatTrak™） | 砂垢,军规级,久经沙场,2.96
MP9（StatTrak™） | 砂垢 (破损不堪),MP9（StatTrak™） | 砂垢,军规级,破损不堪,2.93
MP9（StatTrak™） | 砂垢 (略有磨损),MP9（StatTrak™） | 砂垢,军规级,略有磨损,3.49
骷髅匕首（★） | 屠夫 (崭新出厂),骷髅匕首（★） | 屠夫,隐秘,崭新出厂,7649.00
骷髅匕首（★） | 屠夫 (久经沙场),骷髅匕首（★） | 屠夫,隐秘,久经沙场,6750.00
骷髅匕首（★） | 屠夫 (略有磨损),骷髅匕首（★） | 屠夫,隐秘,略有磨损,6893.80
MAG-7（StatTrak™） | 禁卫军 (崭新出厂),MAG-7（StatTrak™） | 禁卫军,受限,崭新出厂,69.20
MAG-7（StatTrak™） | 禁卫军 (久经沙场),MAG-7（StatTrak™） | 禁卫军,受限,久经沙场,22.34
MAG-7（StatTrak™） | 禁卫军 (破损不堪),MAG-7（StatTrak™） | 禁卫军,受限,破损不堪,
MAG-7（StatTrak™） | 禁卫军 (略有磨损),MAG-7（StatTrak™） | 禁卫军,受限,略有磨损,37.62
AWP（StatTrak™） | 浮生如梦 (崭新出厂),AWP（StatTrak™） | 浮生如梦,保密,崭新出厂,201.00
AWP（StatTrak™） | 浮生如梦 (久经沙场),AWP（StatTrak™） | 浮生如梦,保密,久经沙场,108.84
AWP（StatTrak™） | 浮生如梦 (破损不堪),AWP（StatTrak™） | 浮生如梦,保密,破损不堪,
AWP（StatTrak™） | 浮生如梦 (战痕累累),AWP（StatTrak™） | 浮生如梦,保密,战痕累累,
AWP（StatTrak™） | 浮生如梦 (略有磨损),AWP（StatTrak™） | 浮生如梦,保密,略有磨损,133.36
R8 左轮手枪 | 疯狂老八 (崭新出厂),R8 左轮手枪 | 疯狂老八,受限,崭新出厂,19.29
R8 左轮手枪 | 疯狂老八 (久经沙场),R8 左轮手枪 | 疯狂老八,受限,久经沙场,5.20
R8 左轮手枪 | 疯狂老八 (破损不堪),R8 左轮手枪 | 疯狂老八,受限,破损不堪,4.60
R8 左轮手枪 | 疯狂老八 (战痕累累),R8 左轮手枪 | 疯狂老八,受限,战痕累累,3.95
R8 左轮手枪 | 疯狂老八 (略有磨损),R8 左轮手枪 | 疯狂老八,受限,略有磨损,10.30
格洛克 18 型 | 粉碎者 (崭新出厂),格洛克 18 型 | 粉碎者,受限,崭新出厂,13.91
格洛克 18 型 | 粉碎者 (久经沙场),格洛克 18 型 | 粉碎者,受限,久经沙场,13.00
格洛克 18 型 | 粉碎者 (略有磨损),格洛克 18 型 | 粉碎者,受限,略有磨损,9.76
MP7 | 恶作剧 (久经沙场),MP7 | 恶作剧,军规级,久经沙场,1.15
MP7 | 恶作剧 (破损不堪),MP7 | 恶作剧,军规级,破损不堪,0.80
MP7 | 恶作剧 (战痕累累),MP7 | 恶作剧,军规级,战痕累累,0.62
MP7 | 恶作剧 (略有磨损),MP7 | 恶作剧,军规级,略有磨损,3.60
截短霰弹枪 | 马赛克 (崭新出厂),截短霰弹枪 | 马赛克,工业级,崭新出厂,
截短霰弹枪 | 马赛克 (久经沙场),截短霰弹枪 | 马赛克,工业级,久经沙场,
截短霰弹枪 | 马赛克 (破损不堪),截短霰弹枪 | 马赛克,工业级,破损不堪,
截短霰弹枪 | 马赛克 (战痕累累),截短霰弹枪 | 马赛克,工业级,战痕累累,
截短霰弹枪 | 马赛克 (略有磨损),截短霰弹枪 | 马赛克,工业级,略有磨损,38.88
M4A4 | 沙漠风暴 (崭新出厂),M4A4 | 沙漠风暴,工业级,崭新出厂,463.45
M4A4 | 沙漠风暴 (久经沙场),M4A4 | 沙漠风暴,工业级,久经沙场,150.00
M4A4 | 沙漠风暴 (破损不堪),M4A4 | 沙漠风暴,工业级,破损不堪,
M4A4 | 沙漠风暴 (战痕累累),M4A4 | 沙漠风暴,工业级,战痕累累,130.00
M4A4 | 沙漠风暴 (略有磨损),M4A4 | 沙漠风暴,工业级,略有磨损,120.00
锯齿爪刀（★） | 渐变大理石 (崭新出厂),锯齿爪刀（★） | 渐变大理石,隐秘,崭新出厂,7700.00
锯齿爪刀（★） | 渐变大理石 (略有磨损),锯齿爪刀（★） | 渐变大理石,隐秘,略有磨损,7100.00
FN57 | 朝枪夕拾 (崭新出厂),FN57 | 朝枪夕拾,受限,崭新出厂,21.60
FN57 | 朝枪夕拾 (久经沙场),FN57 | 朝枪夕拾,受限,久经沙场,4.65
FN57 | 朝枪夕拾 (破损不堪),FN57 | 朝枪夕拾,受限,破损不堪,4.40
FN57 | 朝枪夕拾 (战痕累累),FN57 | 朝枪夕拾,受限,战痕累累,4.09
FN57 | 朝枪夕拾 (略有磨损),FN57 | 朝枪夕拾,受限,略有磨损,9.77
UMP-45（纪念品） | 机械装置 (崭新出厂),UMP-45（纪念品） | 机械装置,工业级,崭新出厂,4.76
UMP-45（纪念品） | 机械装置 (久经沙场),UMP-45（纪念品） | 机械装置,工业级,久经沙场,1.59
UMP-45（纪念品） | 机械装置 (破损不堪),UMP-45（纪念品） | 机械装置,工业级,破损不堪,6.58
UMP-45（纪念品） | 机械装置 (战痕累累),UMP-45（纪念品） | 机械装置,工业级,战痕累累,25.00
UMP-45（纪念品） | 机械装置 (略有磨损),UMP-45（纪念品） | 机械装置,工业级,略有磨损,3.62
AK-47（纪念品） | 狩猎网格 (崭新出厂),AK-47（纪念品） | 狩猎网格,工业级,崭新出厂,2555.00
AK-47（纪念品） | 狩猎网格 (久经沙场),AK-47（纪念品） | 狩猎网格,工业级,久经沙场,89.00
AK-47（纪念品） | 狩猎网格 (破损不堪),AK-47（纪念品） | 狩猎网格,工业级,破损不堪,333.00
AK-47（纪念品） | 狩猎网格 (战痕累累),AK-47（纪念品） | 狩猎网格,工业级,战痕累累,149.00
AK-47（纪念品） | 狩猎网格 (略有磨损),AK-47（纪念品） | 狩猎网格,工业级,略有磨损,155.00
求生匕首（★ StatTrak™） | 人工染色 (久经沙场),求生匕首（★ StatTrak™） | 人工染色,隐秘,久经沙场,1380.00
求生匕首（★ StatTrak™） | 人工染色 (破损不堪),求生匕首（★ StatTrak™） | 人工染色,隐秘,破损不堪,
求生匕首（★ StatTrak™） | 人工染色 (战痕累累),求生匕首（★ StatTrak™） | 人工染色,隐秘,战痕累累,
求生匕首（★ StatTrak™） | 人工染色 (略有磨损),求生匕首（★ StatTrak™） | 人工染色,隐秘,略有磨损,7100.00
XM1014 | 宁静 (崭新出厂),XM1014 | 宁静,保密,崭新出厂,97.00
XM1014 | 宁静 (久经沙场),XM1014 | 宁静,保密,久经沙场,25.89
XM1014 | 宁静 (破损不堪),XM1014 | 宁静,保密,破损不堪,
XM1014 | 宁静 (战痕累累),XM1014 | 宁静,保密,战痕累累,
XM1014 | 宁静 (略有磨损),XM1014 | 宁静,保密,略有磨损,40.93
CZ75 | 燕尾 (崭新出厂),CZ75 | 燕尾,军规级,崭新出厂,13.36
CZ75 | 燕尾 (久经沙场),CZ75 | 燕尾,军规级,久经沙场,6.60
CZ75 | 燕尾 (破损不堪),CZ75 | 燕尾,军规级,破损不堪,10.10
CZ75 | 燕尾 (战痕累累),CZ75 | 燕尾,军规级,战痕累累,7.66
CZ75 | 燕尾 (略有磨损),CZ75 | 燕尾,军规级,略有磨损,9.50
M4A4 | 赛博 (崭新出厂),M4A4 | 赛博,保密,崭新出厂,277.09
M4A4 | 赛博 (久经沙场),M4A4 | 赛博,保密,久经沙场,107.65
M4A4 | 赛博 (破损不堪),M4A4 | 赛博,保密,破损不堪,95.76
M4A4 | 赛博 (战痕累累),M4A4 | 赛博,保密,战痕累累,119.00
M4A4 | 赛博 (略有磨损),M4A4 | 赛博,保密,略有磨损,155.00
新星 | 兴风作浪 (崭新出厂),新星 | 兴风作浪,军规级,崭新出厂,87.89
新星 | 兴风作浪 (久经沙场),新星 | 兴风作浪,军规级,久经沙场,48.81
新星 | 兴风作浪 (略有磨损),新星 | 兴风作浪,军规级,略有磨损,41.99
蝴蝶刀（★） | 表面淬火 (崭新出厂),蝴蝶刀（★） | 表面淬火,隐秘,崭新出厂,11500.00
蝴蝶刀（★） | 表面淬火 (久经沙场),蝴蝶刀（★） | 表面淬火,隐秘,久经沙场,6144.00
蝴蝶刀（★） | 表面淬火 (破损不堪),蝴蝶刀（★） | 表面淬火,隐秘,破损不堪,5699.97
蝴蝶刀（★） | 表面淬火 (战痕累累),蝴蝶刀（★） | 表面淬火,隐秘,战痕累累,5149.00
蝴蝶刀（★） | 表面淬火 (略有磨损),蝴蝶刀（★） | 表面淬火,隐秘,略有磨损,7051.94
PP-野牛 | 透光区 (崭新出厂),PP-野牛 | 透光区,军规级,崭新出厂,13.07
PP-野牛 | 透光区 (久经沙场),PP-野牛 | 透光区,军规级,久经沙场,2.64
PP-野牛 | 透光区 (破损不堪),PP-野牛 | 透光区,军规级,破损不堪,1.98
PP-野牛 | 透光区 (战痕累累),PP-野牛 | 透光区,军规级,战痕累累,2.44
PP-野牛 | 透光区 (略有磨损),PP-野牛 | 透光区,军规级,略有磨损,3.71
G3SG1 | 极寒迷彩 (崭新出厂),G3SG1 | 极寒迷彩,工业级,崭新出厂,
G3SG1 | 极寒迷彩 (久经沙场),G3SG1 | 极寒迷彩,工业级,久经沙场,39.98
G3SG1 | 极寒迷彩 (破损不堪),G3SG1 | 极寒迷彩,工业级,破损不堪,
G3SG1 | 极寒迷彩 (战痕累累),G3SG1 | 极寒迷彩,工业级,战痕累累,49.99
G3SG1 | 极寒迷彩 (略有磨损),G3SG1 | 极寒迷彩,工业级,略有磨损,157.18
XM1014 | 埋葬之影 (崭新出厂),XM1014 | 埋葬之影,保密,崭新出厂,69.90
XM1014 | 埋葬之影 (久经沙场),XM1014 | 埋葬之影,保密,久经沙场,26.90
XM1014 | 埋葬之影 (破损不堪),XM1014 | 埋葬之影,保密,破损不堪,24.53
XM1014 | 埋葬之影 (战痕累累),XM1014 | 埋葬之影,保密,战痕累累,23.66
XM1014 | 埋葬之影 (略有磨损),XM1014 | 埋葬之影,保密,略有磨损,40.93
蝴蝶刀（★） | 噩梦之夜 (崭新出厂),蝴蝶刀（★） | 噩梦之夜,隐秘,崭新出厂,
蝴蝶刀（★） | 噩梦之夜 (久经沙场),蝴蝶刀（★） | 噩梦之夜,隐秘,久经沙场,5270.00
蝴蝶刀（★） | 噩梦之夜 (破损不堪),蝴蝶刀（★） | 噩梦之夜,隐秘,破损不堪,4949.00
蝴蝶刀（★） | 噩梦之夜 (战痕累累),蝴蝶刀（★） | 噩梦之夜,隐秘,战痕累累,4800.00
蝴蝶刀（★） | 噩梦之夜 (略有磨损),蝴蝶刀（★） | 噩梦之夜,隐秘,略有磨损,7169.82
PP-野牛（StatTrak™） | 丛林滑流 (崭新出厂),PP-野牛（StatTrak™） | 丛林滑流,军规级,崭新出厂,7.42
PP-野牛（StatTrak™） | 丛林滑流 (久经沙场),PP-野牛（StatTrak™） | 丛林滑流,军规级,久经沙场,2.25
PP-野牛（StatTrak™） | 丛林滑流 (破损不堪),PP-野牛（StatTrak™） | 丛林滑流,军规级,破损不堪,4.25
PP-野牛（StatTrak™） | 丛林滑流 (战痕累累),PP-野牛（StatTrak™） | 丛林滑流,军规级,战痕累累,1.74
PP-野牛（StatTrak™） | 丛林滑流 (略有磨损),PP-野牛（StatTrak™） | 丛林滑流,军规级,略有磨损,4.04
M4A1 消音型 | 守护者 (崭新出厂),M4A1 消音型 | 守护者,保密,崭新出厂,206.63
M4A1 消音型 | 守护者 (久经沙场),M4A1 消音型 | 守护者,保密,久经沙场,135.18
M4A1 消音型 | 守护者 (破损不堪),M4A1 消音型 | 守护者,保密,破损不堪,216.25
M4A1 消音型 | 守护者 (战痕累累),M4A1 消音型 | 守护者,保密,战痕累累,178.88
M4A1 消音型 | 守护者 (略有磨损),M4A1 消音型 | 守护者,保密,略有磨损,162.19
爪子刀（★） | 黑色层压板 (崭新出厂),爪子刀（★） | 黑色层压板,隐秘,崭新出厂,11898.99
爪子刀（★） | 黑色层压板 (久经沙场),爪子刀（★） | 黑色层压板,隐秘,久经沙场,6829.99
爪子刀（★） | 黑色层压板 (破损不堪),爪子刀（★） | 黑色层压板,隐秘,破损不堪,6180.00
爪子刀（★） | 黑色层压板 (战痕累累),爪子刀（★） | 黑色层压板,隐秘,战痕累累,6219.00
爪子刀（★） | 黑色层压板 (略有磨损),爪子刀（★） | 黑色层压板,隐秘,略有磨损,7190.80
截短霰弹枪 | 北海巨妖 (崭新出厂),截短霰弹枪 | 北海巨妖,隐秘,崭新出厂,56.01
截短霰弹枪 | 北海巨妖 (久经沙场),截短霰弹枪 | 北海巨妖,隐秘,久经沙场,40.17
截短霰弹枪 | 北海巨妖 (破损不堪),截短霰弹枪 | 北海巨妖,隐秘,破损不堪,
截短霰弹枪 | 北海巨妖 (略有磨损),截短霰弹枪 | 北海巨妖,隐秘,略有磨损,39.49
蝴蝶刀（★） | 大马士革钢 (崭新出厂),蝴蝶刀（★） | 大马士革钢,隐秘,崭新出厂,8127.99
蝴蝶刀（★） | 大马士革钢 (久经沙场),蝴蝶刀（★） | 大马士革钢,隐秘,久经沙场,6500.00
蝴蝶刀（★） | 大马士革钢 (破损不堪),蝴蝶刀（★） | 大马士革钢,隐秘,破损不堪,6132.86
蝴蝶刀（★） | 大马士革钢 (战痕累累),蝴蝶刀（★） | 大马士革钢,隐秘,战痕累累,6100.00
蝴蝶刀（★） | 大马士革钢 (略有磨损),蝴蝶刀（★） | 大马士革钢,隐秘,略有磨损,7190.00
M4A1 消音型 | 次时代 (崭新出厂),M4A1 消音型 | 次时代,隐秘,崭新出厂,223.34
M4A1 消音型 | 次时代 (久经沙场),M4A1 消音型 | 次时代,隐秘,久经沙场,112.00
M4A1 消音型 | 次时代 (破损不堪),M4A1 消音型 | 次时代,隐秘,破损不堪,132.00
M4A1 消音型 | 次时代 (战痕累累),M4A1 消音型 | 次时代,隐秘,战痕累累,207.00
M4A1 消音型 | 次时代 (略有磨损),M4A1 消音型 | 次时代,隐秘,略有磨损,159.08
XM1014 | 碾骨机 (崭新出厂),XM1014 | 碾骨机,军规级,崭新出厂,39.00
XM1014 | 碾骨机 (久经沙场),XM1014 | 碾骨机,军规级,久经沙场,29.60
XM1014 | 碾骨机 (破损不堪),XM1014 | 碾骨机,军规级,破损不堪,
XM1014 | 碾骨机 (战痕累累),XM1014 | 碾骨机,军规级,战痕累累,50.00
XM1014 | 碾骨机 (略有磨损),XM1014 | 碾骨机,军规级,略有磨损,40.00
M9 刺刀（★ StatTrak™） | 屠夫 (崭新出厂),M9 刺刀（★ StatTrak™） | 屠夫,隐秘,崭新出厂,9100.00
M9 刺刀（★ StatTrak™） | 屠夫 (久经沙场),M9 刺刀（★ StatTrak™） | 屠夫,隐秘,久经沙场,7000.00
M9 刺刀（★ StatTrak™） | 屠夫 (略有磨损),M9 刺刀（★ StatTrak™） | 屠夫,隐秘,略有磨损,7350.00
加利尔 AR（纪念品） | 警告！ (崭新出厂),加利尔 AR（纪念品） | 警告！,受限,崭新出厂,290.00
加利尔 AR（纪念品） | 警告！ (久经沙场),加利尔 AR（纪念品） | 警告！,受限,久经沙场,120.00
加利尔 AR（纪念品） | 警告！ (破损不堪),加利尔 AR（纪念品） | 警告！,受限,破损不堪,188.80
加利尔 AR（纪念品） | 警告！ (战痕累累),加利尔 AR（纪念品） | 警告！,受限,战痕累累,176.85
加利尔 AR（纪念品） | 警告！ (略有磨损),加利尔 AR（纪念品） | 警告！,受限,略有磨损,151.00
UMP-45 | 迷幻 (崭新出厂),UMP-45 | 迷幻,军规级,崭新出厂,19.30
UMP-45 | 迷幻 (久经沙场),UMP-45 | 迷幻,军规级,久经沙场,3.60
UMP-45 | 迷幻 (略有磨损),UMP-45 | 迷幻,军规级,略有磨损,3.95
蝴蝶刀（★ StatTrak™） | 表面淬火 (崭新出厂),蝴蝶刀（★ StatTrak™） | 表面淬火,隐秘,崭新出厂,11500.00
蝴蝶刀（★ StatTrak™） | 表面淬火 (久经沙场),蝴蝶刀（★ StatTrak™） | 表面淬火,隐秘,久经沙场,6100.00
蝴蝶刀（★ StatTrak™） | 表面淬火 (破损不堪),蝴蝶刀（★ StatTrak™） | 表面淬火,隐秘,破损不堪,6000.00
蝴蝶刀（★ StatTrak™） | 表面淬火 (战痕累累),蝴蝶刀（★ StatTrak™） | 表面淬火,隐秘,战痕累累,28888.00
蝴蝶刀（★ StatTrak™） | 表面淬火 (略有磨损),蝴蝶刀（★ StatTrak™） | 表面淬火,隐秘,略有磨损,7500.00
截短霰弹枪（StatTrak™） | 路霸 (崭新出厂),截短霰弹枪（StatTrak™） | 路霸,受限,崭新出厂,64.25
截短霰弹枪（StatTrak™） | 路霸 (久经沙场),截短霰弹枪（StatTrak™） | 路霸,受限,久经沙场,40.00
截短霰弹枪（StatTrak™） | 路霸 (破损不堪),截短霰弹枪（StatTrak™） | 路霸,受限,破损不堪,12.00
截短霰弹枪（StatTrak™） | 路霸 (战痕累累),截短霰弹枪（StatTrak™） | 路霸,受限,战痕累累,
截短霰弹枪（StatTrak™） | 路霸 (略有磨损),截短霰弹枪（StatTrak™） | 路霸,受限,略有磨损,44.00
AK-47 | 前线迷雾 (崭新出厂),AK-47 | 前线迷雾,保密,崭新出厂,424.85
AK-47 | 前线迷雾 (久经沙场),AK-47 | 前线迷雾,保密,久经沙场,90.03
AK-47 | 前线迷雾 (破损不堪),AK-47 | 前线迷雾,保密,破损不堪,88.01
AK-47 | 前线迷雾 (战痕累累),AK-47 | 前线迷雾,保密,战痕累累,71.95
AK-47 | 前线迷雾 (略有磨损),AK-47 | 前线迷雾,保密,略有磨损,158.34
MP7（StatTrak™） | 非洲部落 (崭新出厂),MP7（StatTrak™） | 非洲部落,军规级,崭新出厂,7.41
MP7（StatTrak™） | 非洲部落 (久经沙场),MP7（StatTrak™） | 非洲部落,军规级,久经沙场,2.76
MP7（StatTrak™） | 非洲部落 (破损不堪),MP7（StatTrak™） | 非洲部落,军规级,破损不堪,2.39
MP7（StatTrak™） | 非洲部落 (战痕累累),MP7（StatTrak™） | 非洲部落,军规级,战痕累累,1.82
MP7（StatTrak™） | 非洲部落 (略有磨损),MP7（StatTrak™） | 非洲部落,军规级,略有磨损,3.91
截短霰弹枪 | 吞噬 (崭新出厂),截短霰弹枪 | 吞噬,保密,崭新出厂,92.00
截短霰弹枪 | 吞噬 (久经沙场),截短霰弹枪 | 吞噬,保密,久经沙场,28.00
截短霰弹枪 | 吞噬 (破损不堪),截短霰弹枪 | 吞噬,保密,破损不堪,25.00
截短霰弹枪 | 吞噬 (战痕累累),截短霰弹枪 | 吞噬,保密,战痕累累,19.20
截短霰弹枪 | 吞噬 (略有磨损),截短霰弹枪 | 吞噬,保密,略有磨损,45.37
骷髅匕首（★ StatTrak™） | 屠夫 (崭新出厂),骷髅匕首（★ StatTrak™） | 屠夫,隐秘,崭新出厂,9150.00
骷髅匕首（★ StatTrak™） | 屠夫 (久经沙场),骷髅匕首（★ StatTrak™） | 屠夫,隐秘,久经沙场,
骷髅匕首（★ StatTrak™） | 屠夫 (略有磨损),骷髅匕首（★ StatTrak™） | 屠夫,隐秘,略有磨损,7537.89
加利尔 AR | 经济 (久经沙场),加利尔 AR | 经济,保密,久经沙场,26.39
加利尔 AR | 经济 (破损不堪),加利尔 AR | 经济,保密,破损不堪,17.10
加利尔 AR | 经济 (战痕累累),加利尔 AR | 经济,保密,战痕累累,12.57
加利尔 AR | 经济 (略有磨损),加利尔 AR | 经济,保密,略有磨损,165.99
P90（StatTrak™） | 牵引力 (崭新出厂),P90（StatTrak™） | 牵引力,军规级,崭新出厂,17.66
P90（StatTrak™） | 牵引力 (久经沙场),P90（StatTrak™） | 牵引力,军规级,久经沙场,2.27
P90（StatTrak™） | 牵引力 (破损不堪),P90（StatTrak™） | 牵引力,军规级,破损不堪,2.44
P90（StatTrak™） | 牵引力 (战痕累累),P90（StatTrak™） | 牵引力,军规级,战痕累累,1.79
P90（StatTrak™） | 牵引力 (略有磨损),P90（StatTrak™） | 牵引力,军规级,略有磨损,4.31
爪子刀（★） | 屠夫 (崭新出厂),爪子刀（★） | 屠夫,隐秘,崭新出厂,9188.00
爪子刀（★） | 屠夫 (久经沙场),爪子刀（★） | 屠夫,隐秘,久经沙场,6990.98
爪子刀（★） | 屠夫 (略有磨损),爪子刀（★） | 屠夫,隐秘,略有磨损,7970.00
M4A4 | 皇家圣骑士 (崭新出厂),M4A4 | 皇家圣骑士,隐秘,崭新出厂,818.82
M4A4 | 皇家圣骑士 (久经沙场),M4A4 | 皇家圣骑士,隐秘,久经沙场,42.57
M4A4 | 皇家圣骑士 (破损不堪),M4A4 | 皇家圣骑士,隐秘,破损不堪,1500.00
M4A4 | 皇家圣骑士 (战痕累累),M4A4 | 皇家圣骑士,隐秘,战痕累累,42.27
M4A4 | 皇家圣骑士 (略有磨损),M4A4 | 皇家圣骑士,隐秘,略有磨损,165.15
新星 | 天秤之月 (崭新出厂),新星 | 天秤之月,消费级,崭新出厂,23.65
新星 | 天秤之月 (久经沙场),新星 | 天秤之月,消费级,久经沙场,20.18
新星 | 天秤之月 (破损不堪),新星 | 天秤之月,消费级,破损不堪,55.55
新星 | 天秤之月 (战痕累累),新星 | 天秤之月,消费级,战痕累累,
新星 | 天秤之月 (略有磨损),新星 | 天秤之月,消费级,略有磨损,48.81
短剑（★） | 渐变之色 (崭新出厂),短剑（★） | 渐变之色,隐秘,崭新出厂,6828.10
短剑（★） | 渐变之色 (略有磨损),短剑（★） | 渐变之色,隐秘,略有磨损,6800.00
UMP-45 | 城里的月光 (崭新出厂),UMP-45 | 城里的月光,受限,崭新出厂,8.37
UMP-45 | 城里的月光 (久经沙场),UMP-45 | 城里的月光,受限,久经沙场,2.17
UMP-45 | 城里的月光 (破损不堪),UMP-45 | 城里的月光,受限,破损不堪,3.41
UMP-45 | 城里的月光 (略有磨损),UMP-45 | 城里的月光,受限,略有磨损,4.12
新星（StatTrak™） | 兴风作浪 (崭新出厂),新星（StatTrak™） | 兴风作浪,军规级,崭新出厂,
新星（StatTrak™） | 兴风作浪 (久经沙场),新星（StatTrak™） | 兴风作浪,军规级,久经沙场,298.90
新星（StatTrak™） | 兴风作浪 (略有磨损),新星（StatTrak™） | 兴风作浪,军规级,略有磨损,49.91
法玛斯 | 熔化 (崭新出厂),法玛斯 | 熔化,保密,崭新出厂,211.08
法玛斯 | 熔化 (久经沙场),法玛斯 | 熔化,保密,久经沙场,146.21
法玛斯 | 熔化 (破损不堪),法玛斯 | 熔化,保密,破损不堪,
法玛斯 | 熔化 (略有磨损),法玛斯 | 熔化,保密,略有磨损,176.29
蝴蝶刀（★ StatTrak™） | 自由之手 (崭新出厂),蝴蝶刀（★ StatTrak™） | 自由之手,隐秘,崭新出厂,10666.00
蝴蝶刀（★ StatTrak™） | 自由之手 (久经沙场),蝴蝶刀（★ StatTrak™） | 自由之手,隐秘,久经沙场,7000.00
蝴蝶刀（★ StatTrak™） | 自由之手 (破损不堪),蝴蝶刀（★ StatTrak™） | 自由之手,隐秘,破损不堪,5643.35
蝴蝶刀（★ StatTrak™） | 自由之手 (战痕累累),蝴蝶刀（★ StatTrak™） | 自由之手,隐秘,战痕累累,
蝴蝶刀（★ StatTrak™） | 自由之手 (略有磨损),蝴蝶刀（★ StatTrak™） | 自由之手,隐秘,略有磨损,8000.00
截短霰弹枪（纪念品） | 渐变琥珀 (崭新出厂),截短霰弹枪（纪念品） | 渐变琥珀,军规级,崭新出厂,59.00
截短霰弹枪（纪念品） | 渐变琥珀 (久经沙场),截短霰弹枪（纪念品） | 渐变琥珀,军规级,久经沙场,8.59
截短霰弹枪（纪念品） | 渐变琥珀 (破损不堪),截短霰弹枪（纪念品） | 渐变琥珀,军规级,破损不堪,88.00
截短霰弹枪（纪念品） | 渐变琥珀 (略有磨损),截短霰弹枪（纪念品） | 渐变琥珀,军规级,略有磨损,50.00
AWP（纪念品） | 尼罗河沃土 (崭新出厂),AWP（纪念品） | 尼罗河沃土,军规级,崭新出厂,299.00
AWP（纪念品） | 尼罗河沃土 (久经沙场),AWP（纪念品） | 尼罗河沃土,军规级,久经沙场,70.89
AWP（纪念品） | 尼罗河沃土 (破损不堪),AWP（纪念品） | 尼罗河沃土,军规级,破损不堪,150.00
AWP（纪念品） | 尼罗河沃土 (战痕累累),AWP（纪念品） | 尼罗河沃土,军规级,战痕累累,115.00
AWP（纪念品） | 尼罗河沃土 (略有磨损),AWP（纪念品） | 尼罗河沃土,军规级,略有磨损,150.00
蝴蝶刀（★ StatTrak™） | 澄澈之水 (崭新出厂),蝴蝶刀（★ StatTrak™） | 澄澈之水,隐秘,崭新出厂,8640.00
蝴蝶刀（★ StatTrak™） | 澄澈之水 (久经沙场),蝴蝶刀（★ StatTrak™） | 澄澈之水,隐秘,久经沙场,6635.00
蝴蝶刀（★ StatTrak™） | 澄澈之水 (破损不堪),蝴蝶刀（★ StatTrak™） | 澄澈之水,隐秘,破损不堪,6108.00
蝴蝶刀（★ StatTrak™） | 澄澈之水 (战痕累累),蝴蝶刀（★ StatTrak™） | 澄澈之水,隐秘,战痕累累,6100.00
蝴蝶刀（★ StatTrak™） | 澄澈之水 (略有磨损),蝴蝶刀（★ StatTrak™） | 澄澈之水,隐秘,略有磨损,8399.88
PP-野牛（纪念品） | 开关箱 (崭新出厂),PP-野牛（纪念品） | 开关箱,工业级,崭新出厂,5.51
PP-野牛（纪念品） | 开关箱 (久经沙场),PP-野牛（纪念品） | 开关箱,工业级,久经沙场,1.51
PP-野牛（纪念品） | 开关箱 (破损不堪),PP-野牛（纪念品） | 开关箱,工业级,破损不堪,3.90
PP-野牛（纪念品） | 开关箱 (略有磨损),PP-野牛（纪念品） | 开关箱,工业级,略有磨损,3.56
MAG-7 | 硬水 (崭新出厂),MAG-7 | 硬水,军规级,崭新出厂,34.55
MAG-7 | 硬水 (久经沙场),MAG-7 | 硬水,军规级,久经沙场,33.33
MAG-7 | 硬水 (破损不堪),MAG-7 | 硬水,军规级,破损不堪,
MAG-7 | 硬水 (略有磨损),MAG-7 | 硬水,军规级,略有磨损,47.06
蝴蝶刀（★） | 澄澈之水 (崭新出厂),蝴蝶刀（★） | 澄澈之水,隐秘,崭新出厂,8770.00
蝴蝶刀（★） | 澄澈之水 (久经沙场),蝴蝶刀（★） | 澄澈之水,隐秘,久经沙场,6743.00
蝴蝶刀（★） | 澄澈之水 (破损不堪),蝴蝶刀（★） | 澄澈之水,隐秘,破损不堪,6000.00
蝴蝶刀（★） | 澄澈之水 (战痕累累),蝴蝶刀（★） | 澄澈之水,隐秘,战痕累累,
蝴蝶刀（★） | 澄澈之水 (略有磨损),蝴蝶刀（★） | 澄澈之水,隐秘,略有磨损,8039.70
PP-野牛（StatTrak™） | 收割机 (崭新出厂),PP-野牛（StatTrak™） | 收割机,军规级,崭新出厂,12.00
PP-野牛（StatTrak™） | 收割机 (久经沙场),PP-野牛（StatTrak™） | 收割机,军规级,久经沙场,1.56
PP-野牛（StatTrak™） | 收割机 (破损不堪),PP-野牛（StatTrak™） | 收割机,军规级,破损不堪,1.46
PP-野牛（StatTrak™） | 收割机 (战痕累累),PP-野牛（StatTrak™） | 收割机,军规级,战痕累累,1.38
PP-野牛（StatTrak™） | 收割机 (略有磨损),PP-野牛（StatTrak™） | 收割机,军规级,略有磨损,3.55
AWP | 金粉肆蛇 (崭新出厂),AWP | 金粉肆蛇,保密,崭新出厂,290.92
AWP | 金粉肆蛇 (久经沙场),AWP | 金粉肆蛇,保密,久经沙场,74.20
AWP | 金粉肆蛇 (破损不堪),AWP | 金粉肆蛇,保密,破损不堪,84.90
AWP | 金粉肆蛇 (战痕累累),AWP | 金粉肆蛇,保密,战痕累累,63.59
AWP | 金粉肆蛇 (略有磨损),AWP | 金粉肆蛇,保密,略有磨损,153.00
内格夫 | 凤凰徽记 (崭新出厂),内格夫 | 凤凰徽记,军规级,崭新出厂,47.92
内格夫 | 凤凰徽记 (久经沙场),内格夫 | 凤凰徽记,军规级,久经沙场,59.30
内格夫 | 凤凰徽记 (破损不堪),内格夫 | 凤凰徽记,军规级,破损不堪,59.30
内格夫 | 凤凰徽记 (战痕累累),内格夫 | 凤凰徽记,军规级,战痕累累,200.00
内格夫 | 凤凰徽记 (略有磨损),内格夫 | 凤凰徽记,军规级,略有磨损,53.16
蝴蝶刀（★） | 自由之手 (崭新出厂),蝴蝶刀（★） | 自由之手,隐秘,崭新出厂,8887.00
蝴蝶刀（★） | 自由之手 (久经沙场),蝴蝶刀（★） | 自由之手,隐秘,久经沙场,6700.00
蝴蝶刀（★） | 自由之手 (破损不堪),蝴蝶刀（★） | 自由之手,隐秘,破损不堪,5649.00
蝴蝶刀（★） | 自由之手 (战痕累累),蝴蝶刀（★） | 自由之手,隐秘,战痕累累,5499.00
蝴蝶刀（★） | 自由之手 (略有磨损),蝴蝶刀（★） | 自由之手,隐秘,略有磨损,7779.99
系绳匕首（★ StatTrak™） | 深红之网 (崭新出厂),系绳匕首（★ StatTrak™） | 深红之网,隐秘,崭新出厂,
系绳匕首（★ StatTrak™） | 深红之网 (久经沙场),系绳匕首（★ StatTrak™） | 深红之网,隐秘,久经沙场,2846.15
系绳匕首（★ StatTrak™） | 深红之网 (破损不堪),系绳匕首（★ StatTrak™） | 深红之网,隐秘,破损不堪,
系绳匕首（★ StatTrak™） | 深红之网 (战痕累累),系绳匕首（★ StatTrak™） | 深红之网,隐秘,战痕累累,
系绳匕首（★ StatTrak™） | 深红之网 (略有磨损),系绳匕首（★ StatTrak™） | 深红之网,隐秘,略有磨损,7999.00
MAC-10（StatTrak™） | 坐牢 (崭新出厂),MAC-10（StatTrak™） | 坐牢,军规级,崭新出厂,13.50
MAC-10（StatTrak™） | 坐牢 (久经沙场),MAC-10（StatTrak™） | 坐牢,军规级,久经沙场,1.19
MAC-10（StatTrak™） | 坐牢 (破损不堪),MAC-10（StatTrak™） | 坐牢,军规级,破损不堪,1.47
MAC-10（StatTrak™） | 坐牢 (战痕累累),MAC-10（StatTrak™） | 坐牢,军规级,战痕累累,1.82
MAC-10（StatTrak™） | 坐牢 (略有磨损),MAC-10（StatTrak™） | 坐牢,军规级,略有磨损,3.02
SSG 08（StatTrak™） | 速度激情 (崭新出厂),SSG 08（StatTrak™） | 速度激情,保密,崭新出厂,439.00
SSG 08（StatTrak™） | 速度激情 (久经沙场),SSG 08（StatTrak™） | 速度激情,保密,久经沙场,78.21
SSG 08（StatTrak™） | 速度激情 (破损不堪),SSG 08（StatTrak™） | 速度激情,保密,破损不堪,
SSG 08（StatTrak™） | 速度激情 (战痕累累),SSG 08（StatTrak™） | 速度激情,保密,战痕累累,55.00
SSG 08（StatTrak™） | 速度激情 (略有磨损),SSG 08（StatTrak™） | 速度激情,保密,略有磨损,165.14
CZ75 | 军队之辉 (崭新出厂),CZ75 | 军队之辉,消费级,崭新出厂,15.46
CZ75 | 军队之辉 (久经沙场),CZ75 | 军队之辉,消费级,久经沙场,8.99
CZ75 | 军队之辉 (略有磨损),CZ75 | 军队之辉,消费级,略有磨损,10.58
鲍伊猎刀（★ StatTrak™） | 深红之网 (崭新出厂),鲍伊猎刀（★ StatTrak™） | 深红之网,隐秘,崭新出厂,
鲍伊猎刀（★ StatTrak™） | 深红之网 (久经沙场),鲍伊猎刀（★ StatTrak™） | 深红之网,隐秘,久经沙场,2050.00
鲍伊猎刀（★ StatTrak™） | 深红之网 (破损不堪),鲍伊猎刀（★ StatTrak™） | 深红之网,隐秘,破损不堪,
鲍伊猎刀（★ StatTrak™） | 深红之网 (战痕累累),鲍伊猎刀（★ StatTrak™） | 深红之网,隐秘,战痕累累,
鲍伊猎刀（★ StatTrak™） | 深红之网 (略有磨损),鲍伊猎刀（★ StatTrak™） | 深红之网,隐秘,略有磨损,8000.00
XM1014（StatTrak™） | 要抱抱 (崭新出厂),XM1014（StatTrak™） | 要抱抱,保密,崭新出厂,145.00
XM1014（StatTrak™） | 要抱抱 (久经沙场),XM1014（StatTrak™） | 要抱抱,保密,久经沙场,23.70
XM1014（StatTrak™） | 要抱抱 (破损不堪),XM1014（StatTrak™） | 要抱抱,保密,破损不堪,20.45
XM1014（StatTrak™） | 要抱抱 (战痕累累),XM1014（StatTrak™） | 要抱抱,保密,战痕累累,19.79
XM1014（StatTrak™） | 要抱抱 (略有磨损),XM1014（StatTrak™） | 要抱抱,保密,略有磨损,55.29
MAC-10（StatTrak™） | 板条箱 (崭新出厂),MAC-10（StatTrak™） | 板条箱,军规级,崭新出厂,8.85
MAC-10（StatTrak™） | 板条箱 (久经沙场),MAC-10（StatTrak™） | 板条箱,军规级,久经沙场,1.09
MAC-10（StatTrak™） | 板条箱 (破损不堪),MAC-10（StatTrak™） | 板条箱,军规级,破损不堪,1.07
MAC-10（StatTrak™） | 板条箱 (战痕累累),MAC-10（StatTrak™） | 板条箱,军规级,战痕累累,1.46
MAC-10（StatTrak™） | 板条箱 (略有磨损),MAC-10（StatTrak™） | 板条箱,军规级,略有磨损,3.75
截短霰弹枪 | 么么 (崭新出厂),截短霰弹枪 | 么么,保密,崭新出厂,109.90
截短霰弹枪 | 么么 (久经沙场),截短霰弹枪 | 么么,保密,久经沙场,32.79
截短霰弹枪 | 么么 (破损不堪),截短霰弹枪 | 么么,保密,破损不堪,28.88
截短霰弹枪 | 么么 (战痕累累),截短霰弹枪 | 么么,保密,战痕累累,27.02
截短霰弹枪 | 么么 (略有磨损),截短霰弹枪 | 么么,保密,略有磨损,55.50
Tec-9（StatTrak™） | 青竹伪装 (崭新出厂),Tec-9（StatTrak™） | 青竹伪装,受限,崭新出厂,22.14
Tec-9（StatTrak™） | 青竹伪装 (久经沙场),Tec-9（StatTrak™） | 青竹伪装,受限,久经沙场,5.09
Tec-9（StatTrak™） | 青竹伪装 (破损不堪),Tec-9（StatTrak™） | 青竹伪装,受限,破损不堪,7.00
Tec-9（StatTrak™） | 青竹伪装 (战痕累累),Tec-9（StatTrak™） | 青竹伪装,受限,战痕累累,5.58
Tec-9（StatTrak™） | 青竹伪装 (略有磨损),Tec-9（StatTrak™） | 青竹伪装,受限,略有磨损,11.00
AUG（StatTrak™） | 孟加拉猛虎 (崭新出厂),AUG（StatTrak™） | 孟加拉猛虎,保密,崭新出厂,589.50
AUG（StatTrak™） | 孟加拉猛虎 (久经沙场),AUG（StatTrak™） | 孟加拉猛虎,保密,久经沙场,59.90
AUG（StatTrak™） | 孟加拉猛虎 (破损不堪),AUG（StatTrak™） | 孟加拉猛虎,保密,破损不堪,
AUG（StatTrak™） | 孟加拉猛虎 (战痕累累),AUG（StatTrak™） | 孟加拉猛虎,保密,战痕累累,
AUG（StatTrak™） | 孟加拉猛虎 (略有磨损),AUG（StatTrak™） | 孟加拉猛虎,保密,略有磨损,180.55
M9 刺刀（★） | 多普勒 (崭新出厂),M9 刺刀（★） | 多普勒,隐秘,崭新出厂,7183.20
M9 刺刀（★） | 多普勒 (略有磨损),M9 刺刀（★） | 多普勒,隐秘,略有磨损,8500.00
MAC-10（纪念品） | 鸣沙 (崭新出厂),MAC-10（纪念品） | 鸣沙,工业级,崭新出厂,15.00
MAC-10（纪念品） | 鸣沙 (久经沙场),MAC-10（纪念品） | 鸣沙,工业级,久经沙场,1.22
MAC-10（纪念品） | 鸣沙 (破损不堪),MAC-10（纪念品） | 鸣沙,工业级,破损不堪,2.00
MAC-10（纪念品） | 鸣沙 (战痕累累),MAC-10（纪念品） | 鸣沙,工业级,战痕累累,2.22
MAC-10（纪念品） | 鸣沙 (略有磨损),MAC-10（纪念品） | 鸣沙,工业级,略有磨损,3.83
截短霰弹枪（StatTrak™） | 荒野公主 (崭新出厂),截短霰弹枪（StatTrak™） | 荒野公主,保密,崭新出厂,163.51
截短霰弹枪（StatTrak™） | 荒野公主 (久经沙场),截短霰弹枪（StatTrak™） | 荒野公主,保密,久经沙场,29.10
截短霰弹枪（StatTrak™） | 荒野公主 (破损不堪),截短霰弹枪（StatTrak™） | 荒野公主,保密,破损不堪,39.00
截短霰弹枪（StatTrak™） | 荒野公主 (战痕累累),截短霰弹枪（StatTrak™） | 荒野公主,保密,战痕累累,38.02
截短霰弹枪（StatTrak™） | 荒野公主 (略有磨损),截短霰弹枪（StatTrak™） | 荒野公主,保密,略有磨损,57.20
蝴蝶刀（★ StatTrak™） | 噩梦之夜 (崭新出厂),蝴蝶刀（★ StatTrak™） | 噩梦之夜,隐秘,崭新出厂,
蝴蝶刀（★ StatTrak™） | 噩梦之夜 (久经沙场),蝴蝶刀（★ StatTrak™） | 噩梦之夜,隐秘,久经沙场,5600.00
蝴蝶刀（★ StatTrak™） | 噩梦之夜 (破损不堪),蝴蝶刀（★ StatTrak™） | 噩梦之夜,隐秘,破损不堪,5200.00
蝴蝶刀（★ StatTrak™） | 噩梦之夜 (战痕累累),蝴蝶刀（★ StatTrak™） | 噩梦之夜,隐秘,战痕累累,4800.00
蝴蝶刀（★ StatTrak™） | 噩梦之夜 (略有磨损),蝴蝶刀（★ StatTrak™） | 噩梦之夜,隐秘,略有磨损,8100.00
MP5-SD | 高斯 (崭新出厂),MP5-SD | 高斯,受限,崭新出厂,8.79
MP5-SD | 高斯 (久经沙场),MP5-SD | 高斯,受限,久经沙场,3.12
MP5-SD | 高斯 (破损不堪),MP5-SD | 高斯,受限,破损不堪,2.00
MP5-SD | 高斯 (战痕累累),MP5-SD | 高斯,受限,战痕累累,1.98
MP5-SD | 高斯 (略有磨损),MP5-SD | 高斯,受限,略有磨损,4.15
格洛克 18 型（StatTrak™） | 本生灯 (崭新出厂),格洛克 18 型（StatTrak™） | 本生灯,军规级,崭新出厂,56.00
格洛克 18 型（StatTrak™） | 本生灯 (久经沙场),格洛克 18 型（StatTrak™） | 本生灯,军规级,久经沙场,5.40
格洛克 18 型（StatTrak™） | 本生灯 (破损不堪),格洛克 18 型（StatTrak™） | 本生灯,军规级,破损不堪,
格洛克 18 型（StatTrak™） | 本生灯 (战痕累累),格洛克 18 型（StatTrak™） | 本生灯,军规级,战痕累累,39.00
格洛克 18 型（StatTrak™） | 本生灯 (略有磨损),格洛克 18 型（StatTrak™） | 本生灯,军规级,略有磨损,10.88
法玛斯（StatTrak™） | 残影 (崭新出厂),法玛斯（StatTrak™） | 残影,保密,崭新出厂,503.94
法玛斯（StatTrak™） | 残影 (久经沙场),法玛斯（StatTrak™） | 残影,保密,久经沙场,116.78
法玛斯（StatTrak™） | 残影 (破损不堪),法玛斯（StatTrak™） | 残影,保密,破损不堪,
法玛斯（StatTrak™） | 残影 (略有磨损),法玛斯（StatTrak™） | 残影,保密,略有磨损,186.00
XM1014（纪念品） | 碾骨机 (崭新出厂),XM1014（纪念品） | 碾骨机,军规级,崭新出厂,275.00
XM1014（纪念品） | 碾骨机 (久经沙场),XM1014（纪念品） | 碾骨机,军规级,久经沙场,37.00
XM1014（纪念品） | 碾骨机 (破损不堪),XM1014（纪念品） | 碾骨机,军规级,破损不堪,
XM1014（纪念品） | 碾骨机 (战痕累累),XM1014（纪念品） | 碾骨机,军规级,战痕累累,34.00
XM1014（纪念品） | 碾骨机 (略有磨损),XM1014（纪念品） | 碾骨机,军规级,略有磨损,59.88
UMP-45 | 逮捕者 (崭新出厂),UMP-45 | 逮捕者,军规级,崭新出厂,7.99
UMP-45 | 逮捕者 (久经沙场),UMP-45 | 逮捕者,军规级,久经沙场,3.12
UMP-45 | 逮捕者 (破损不堪),UMP-45 | 逮捕者,军规级,破损不堪,2.83
UMP-45 | 逮捕者 (战痕累累),UMP-45 | 逮捕者,军规级,战痕累累,2.96
UMP-45 | 逮捕者 (略有磨损),UMP-45 | 逮捕者,军规级,略有磨损,4.75
暗影双匕（★） | 伽玛多普勒 (崭新出厂),暗影双匕（★） | 伽玛多普勒,隐秘,崭新出厂,1769.00
暗影双匕（★） | 伽玛多普勒 (略有磨损),暗影双匕（★） | 伽玛多普勒,隐秘,略有磨损,8300.00
Tec-9（StatTrak™） | 兄弟连 (崭新出厂),Tec-9（StatTrak™） | 兄弟连,受限,崭新出厂,38.00
Tec-9（StatTrak™） | 兄弟连 (久经沙场),Tec-9（StatTrak™） | 兄弟连,受限,久经沙场,5.56
Tec-9（StatTrak™） | 兄弟连 (破损不堪),Tec-9（StatTrak™） | 兄弟连,受限,破损不堪,4.45
Tec-9（StatTrak™） | 兄弟连 (战痕累累),Tec-9（StatTrak™） | 兄弟连,受限,战痕累累,4.40
Tec-9（StatTrak™） | 兄弟连 (略有磨损),Tec-9（StatTrak™） | 兄弟连,受限,略有磨损,12.77
法玛斯（纪念品） | 冥界之憎 (崭新出厂),法玛斯（纪念品） | 冥界之憎,受限,崭新出厂,358.00
法玛斯（纪念品） | 冥界之憎 (久经沙场),法玛斯（纪念品） | 冥界之憎,受限,久经沙场,95.00
法玛斯（纪念品） | 冥界之憎 (破损不堪),法玛斯（纪念品） | 冥界之憎,受限,破损不堪,157.00
法玛斯（纪念品） | 冥界之憎 (战痕累累),法玛斯（纪念品） | 冥界之憎,受限,战痕累累,128.00
法玛斯（纪念品） | 冥界之憎 (略有磨损),法玛斯（纪念品） | 冥界之憎,受限,略有磨损,188.80
UMP-45（StatTrak™） | 暴乱 (崭新出厂),UMP-45（StatTrak™） | 暴乱,军规级,崭新出厂,7.40
UMP-45（StatTrak™） | 暴乱 (久经沙场),UMP-45（StatTrak™） | 暴乱,军规级,久经沙场,3.00
UMP-45（StatTrak™） | 暴乱 (破损不堪),UMP-45（StatTrak™） | 暴乱,军规级,破损不堪,3.55
UMP-45（StatTrak™） | 暴乱 (战痕累累),UMP-45（StatTrak™） | 暴乱,军规级,战痕累累,3.55
UMP-45（StatTrak™） | 暴乱 (略有磨损),UMP-45（StatTrak™） | 暴乱,军规级,略有磨损,4.50
蝴蝶刀（★ StatTrak™） | 大马士革钢 (崭新出厂),蝴蝶刀（★ StatTrak™） | 大马士革钢,隐秘,崭新出厂,9350.00
蝴蝶刀（★ StatTrak™） | 大马士革钢 (久经沙场),蝴蝶刀（★ StatTrak™） | 大马士革钢,隐秘,久经沙场,6499.00
蝴蝶刀（★ StatTrak™） | 大马士革钢 (破损不堪),蝴蝶刀（★ StatTrak™） | 大马士革钢,隐秘,破损不堪,
蝴蝶刀（★ StatTrak™） | 大马士革钢 (战痕累累),蝴蝶刀（★ StatTrak™） | 大马士革钢,隐秘,战痕累累,30000.00
蝴蝶刀（★ StatTrak™） | 大马士革钢 (略有磨损),蝴蝶刀（★ StatTrak™） | 大马士革钢,隐秘,略有磨损,8389.60
截短霰弹枪 | 外表生锈 (崭新出厂),截短霰弹枪 | 外表生锈,工业级,崭新出厂,116.53
截短霰弹枪 | 外表生锈 (久经沙场),截短霰弹枪 | 外表生锈,工业级,久经沙场,61.01
截短霰弹枪 | 外表生锈 (破损不堪),截短霰弹枪 | 外表生锈,工业级,破损不堪,97.81
截短霰弹枪 | 外表生锈 (战痕累累),截短霰弹枪 | 外表生锈,工业级,战痕累累,77.11
截短霰弹枪 | 外表生锈 (略有磨损),截短霰弹枪 | 外表生锈,工业级,略有磨损,68.88
AUG（纪念品） | 暴风呼啸 (崭新出厂),AUG（纪念品） | 暴风呼啸,消费级,崭新出厂,
AUG（纪念品） | 暴风呼啸 (久经沙场),AUG（纪念品） | 暴风呼啸,消费级,久经沙场,60.00
AUG（纪念品） | 暴风呼啸 (破损不堪),AUG（纪念品） | 暴风呼啸,消费级,破损不堪,
AUG（纪念品） | 暴风呼啸 (战痕累累),AUG（纪念品） | 暴风呼啸,消费级,战痕累累,500.00
AUG（纪念品） | 暴风呼啸 (略有磨损),AUG（纪念品） | 暴风呼啸,消费级,略有磨损,189.12
P250（纪念品） | 沙丘之黄 (崭新出厂),P250（纪念品） | 沙丘之黄,消费级,崭新出厂,530.00
P250（纪念品） | 沙丘之黄 (久经沙场),P250（纪念品） | 沙丘之黄,消费级,久经沙场,2.59
P250（纪念品） | 沙丘之黄 (破损不堪),P250（纪念品） | 沙丘之黄,消费级,破损不堪,10.86
P250（纪念品） | 沙丘之黄 (战痕累累),P250（纪念品） | 沙丘之黄,消费级,战痕累累,3.61
P250（纪念品） | 沙丘之黄 (略有磨损),P250（纪念品） | 沙丘之黄,消费级,略有磨损,13.50
爪子刀（★） | 多普勒 (崭新出厂),爪子刀（★） | 多普勒,隐秘,崭新出厂,8623.00
爪子刀（★） | 多普勒 (略有磨损),爪子刀（★） | 多普勒,隐秘,略有磨损,8998.00
MP9（纪念品） | 八音盒 (崭新出厂),MP9（纪念品） | 八音盒,军规级,崭新出厂,9.00
MP9（纪念品） | 八音盒 (久经沙场),MP9（纪念品） | 八音盒,军规级,久经沙场,1.20
MP9（纪念品） | 八音盒 (破损不堪),MP9（纪念品） | 八音盒,军规级,破损不堪,4.00
MP9（纪念品） | 八音盒 (战痕累累),MP9（纪念品） | 八音盒,军规级,战痕累累,2.89
MP9（纪念品） | 八音盒 (略有磨损),MP9（纪念品） | 八音盒,军规级,略有磨损,4.02
SG 553 | 致命紫罗兰 (崭新出厂),SG 553 | 致命紫罗兰,军规级,崭新出厂,254.99
SG 553 | 致命紫罗兰 (久经沙场),SG 553 | 致命紫罗兰,军规级,久经沙场,140.00
SG 553 | 致命紫罗兰 (破损不堪),SG 553 | 致命紫罗兰,军规级,破损不堪,118.76
SG 553 | 致命紫罗兰 (战痕累累),SG 553 | 致命紫罗兰,军规级,战痕累累,397.40
SG 553 | 致命紫罗兰 (略有磨损),SG 553 | 致命紫罗兰,军规级,略有磨损,189.12
CZ75（StatTrak™） | 先驱 (崭新出厂),CZ75（StatTrak™） | 先驱,受限,崭新出厂,34.55
CZ75（StatTrak™） | 先驱 (久经沙场),CZ75（StatTrak™） | 先驱,受限,久经沙场,4.97
CZ75（StatTrak™） | 先驱 (破损不堪),CZ75（StatTrak™） | 先驱,受限,破损不堪,8.50
CZ75（StatTrak™） | 先驱 (战痕累累),CZ75（StatTrak™） | 先驱,受限,战痕累累,3.80
CZ75（StatTrak™） | 先驱 (略有磨损),CZ75（StatTrak™） | 先驱,受限,略有磨损,11.28
新星 | 惊惧骷髅 (崭新出厂),新星 | 惊惧骷髅,受限,崭新出厂,55.27
新星 | 惊惧骷髅 (久经沙场),新星 | 惊惧骷髅,受限,久经沙场,35.54
新星 | 惊惧骷髅 (破损不堪),新星 | 惊惧骷髅,受限,破损不堪,
新星 | 惊惧骷髅 (战痕累累),新星 | 惊惧骷髅,受限,战痕累累,
新星 | 惊惧骷髅 (略有磨损),新星 | 惊惧骷髅,受限,略有磨损,54.50
MP9（StatTrak™） | 生化泄漏 (崭新出厂),MP9（StatTrak™） | 生化泄漏,军规级,崭新出厂,6.63
MP9（StatTrak™） | 生化泄漏 (久经沙场),MP9（StatTrak™） | 生化泄漏,军规级,久经沙场,2.17
MP9（StatTrak™） | 生化泄漏 (破损不堪),MP9（StatTrak™） | 生化泄漏,军规级,破损不堪,6.36
MP9（StatTrak™） | 生化泄漏 (战痕累累),MP9（StatTrak™） | 生化泄漏,军规级,战痕累累,8.60
MP9（StatTrak™） | 生化泄漏 (略有磨损),MP9（StatTrak™） | 生化泄漏,军规级,略有磨损,4.74
蝴蝶刀（★） | 致命紫罗兰 (崭新出厂),蝴蝶刀（★） | 致命紫罗兰,隐秘,崭新出厂,18500.00
蝴蝶刀（★） | 致命紫罗兰 (久经沙场),蝴蝶刀（★） | 致命紫罗兰,隐秘,久经沙场,5500.00
蝴蝶刀（★） | 致命紫罗兰 (破损不堪),蝴蝶刀（★） | 致命紫罗兰,隐秘,破损不堪,5150.00
蝴蝶刀（★） | 致命紫罗兰 (战痕累累),蝴蝶刀（★） | 致命紫罗兰,隐秘,战痕累累,4665.00
蝴蝶刀（★） | 致命紫罗兰 (略有磨损),蝴蝶刀（★） | 致命紫罗兰,隐秘,略有磨损,8600.00
AWP | 迷人眼 (崭新出厂),AWP | 迷人眼,隐秘,崭新出厂,299.50
AWP | 迷人眼 (久经沙场),AWP | 迷人眼,隐秘,久经沙场,96.50
AWP | 迷人眼 (破损不堪),AWP | 迷人眼,隐秘,破损不堪,103.00
AWP | 迷人眼 (战痕累累),AWP | 迷人眼,隐秘,战痕累累,67.70
AWP | 迷人眼 (略有磨损),AWP | 迷人眼,隐秘,略有磨损,181.00
XM1014 | 天空守卫 (崭新出厂),XM1014 | 天空守卫,受限,崭新出厂,84.12
XM1014 | 天空守卫 (久经沙场),XM1014 | 天空守卫,受限,久经沙场,
XM1014 | 天空守卫 (破损不堪),XM1014 | 天空守卫,受限,破损不堪,
XM1014 | 天空守卫 (战痕累累),XM1014 | 天空守卫,受限,战痕累累,
XM1014 | 天空守卫 (略有磨损),XM1014 | 天空守卫,受限,略有磨损,64.35
沙漠之鹰（StatTrak™） | 青铜装饰 (崭新出厂),沙漠之鹰（StatTrak™） | 青铜装饰,军规级,崭新出厂,23.90
沙漠之鹰（StatTrak™） | 青铜装饰 (久经沙场),沙漠之鹰（StatTrak™） | 青铜装饰,军规级,久经沙场,4.94
沙漠之鹰（StatTrak™） | 青铜装饰 (破损不堪),沙漠之鹰（StatTrak™） | 青铜装饰,军规级,破损不堪,8.00
沙漠之鹰（StatTrak™） | 青铜装饰 (战痕累累),沙漠之鹰（StatTrak™） | 青铜装饰,军规级,战痕累累,35.00
沙漠之鹰（StatTrak™） | 青铜装饰 (略有磨损),沙漠之鹰（StatTrak™） | 青铜装饰,军规级,略有磨损,12.74
MAC-10（StatTrak™） | 白鲑鱼 (崭新出厂),MAC-10（StatTrak™） | 白鲑鱼,军规级,崭新出厂,19.00
MAC-10（StatTrak™） | 白鲑鱼 (久经沙场),MAC-10（StatTrak™） | 白鲑鱼,军规级,久经沙场,2.33
MAC-10（StatTrak™） | 白鲑鱼 (破损不堪),MAC-10（StatTrak™） | 白鲑鱼,军规级,破损不堪,2.11
MAC-10（StatTrak™） | 白鲑鱼 (战痕累累),MAC-10（StatTrak™） | 白鲑鱼,军规级,战痕累累,1.81
MAC-10（StatTrak™） | 白鲑鱼 (略有磨损),MAC-10（StatTrak™） | 白鲑鱼,军规级,略有磨损,5.28
刺刀（★ StatTrak™） | 渐变之色 (崭新出厂),刺刀（★ StatTrak™） | 渐变之色,隐秘,崭新出厂,8000.00
刺刀（★ StatTrak™） | 渐变之色 (略有磨损),刺刀（★ StatTrak™） | 渐变之色,隐秘,略有磨损,8799.00
AK-47 | 霓虹革命 (崭新出厂),AK-47 | 霓虹革命,隐秘,崭新出厂,528.00
AK-47 | 霓虹革命 (久经沙场),AK-47 | 霓虹革命,隐秘,久经沙场,103.71
AK-47 | 霓虹革命 (破损不堪),AK-47 | 霓虹革命,隐秘,破损不堪,197.20
AK-47 | 霓虹革命 (战痕累累),AK-47 | 霓虹革命,隐秘,战痕累累,108.49
AK-47 | 霓虹革命 (略有磨损),AK-47 | 霓虹革命,隐秘,略有磨损,184.06
PP-野牛 | 战术手电 (崭新出厂),PP-野牛 | 战术手电,军规级,崭新出厂,6.97
PP-野牛 | 战术手电 (久经沙场),PP-野牛 | 战术手电,军规级,久经沙场,2.12
PP-野牛 | 战术手电 (破损不堪),PP-野牛 | 战术手电,军规级,破损不堪,2.79
PP-野牛 | 战术手电 (战痕累累),PP-野牛 | 战术手电,军规级,战痕累累,1.48
PP-野牛 | 战术手电 (略有磨损),PP-野牛 | 战术手电,军规级,略有磨损,4.70
MAG-7（StatTrak™） | 正义 (崭新出厂),MAG-7（StatTrak™） | 正义,保密,崭新出厂,168.66
MAG-7（StatTrak™） | 正义 (久经沙场),MAG-7（StatTrak™） | 正义,保密,久经沙场,29.17
MAG-7（StatTrak™） | 正义 (破损不堪),MAG-7（StatTrak™） | 正义,保密,破损不堪,28.81
MAG-7（StatTrak™） | 正义 (战痕累累),MAG-7（StatTrak™） | 正义,保密,战痕累累,20.05
MAG-7（StatTrak™） | 正义 (略有磨损),MAG-7（StatTrak™） | 正义,保密,略有磨损,69.00
刺刀（★ StatTrak™） | 传说 (崭新出厂),刺刀（★ StatTrak™） | 传说,隐秘,崭新出厂,8766.00
刺刀（★ StatTrak™） | 传说 (久经沙场),刺刀（★ StatTrak™） | 传说,隐秘,久经沙场,4000.00
刺刀（★ StatTrak™） | 传说 (破损不堪),刺刀（★ StatTrak™） | 传说,隐秘,破损不堪,
刺刀（★ StatTrak™） | 传说 (战痕累累),刺刀（★ StatTrak™） | 传说,隐秘,战痕累累,
刺刀（★ StatTrak™） | 传说 (略有磨损),刺刀（★ StatTrak™） | 传说,隐秘,略有磨损,8888.00
M4A1 消音型 | 澄澈之水 (久经沙场),M4A1 消音型 | 澄澈之水,受限,久经沙场,199.00
M4A1 消音型 | 澄澈之水 (略有磨损),M4A1 消音型 | 澄澈之水,受限,略有磨损,196.50
爪子刀（★ StatTrak™） | 多普勒 (崭新出厂),爪子刀（★ StatTrak™） | 多普勒,隐秘,崭新出厂,9400.00
爪子刀（★ StatTrak™） | 多普勒 (略有磨损),爪子刀（★ StatTrak™） | 多普勒,隐秘,略有磨损,
MP7（StatTrak™） | 装甲核心 (崭新出厂),MP7（StatTrak™） | 装甲核心,军规级,崭新出厂,5.41
MP7（StatTrak™） | 装甲核心 (久经沙场),MP7（StatTrak™） | 装甲核心,军规级,久经沙场,1.94
MP7（StatTrak™） | 装甲核心 (破损不堪),MP7（StatTrak™） | 装甲核心,军规级,破损不堪,2.51
MP7（StatTrak™） | 装甲核心 (战痕累累),MP7（StatTrak™） | 装甲核心,军规级,战痕累累,2.76
MP7（StatTrak™） | 装甲核心 (略有磨损),MP7（StatTrak™） | 装甲核心,军规级,略有磨损,4.20
XM1014 | 焚烬之鳄 (久经沙场),XM1014 | 焚烬之鳄,保密,久经沙场,10.67
XM1014 | 焚烬之鳄 (破损不堪),XM1014 | 焚烬之鳄,保密,破损不堪,19.70
XM1014 | 焚烬之鳄 (战痕累累),XM1014 | 焚烬之鳄,保密,战痕累累,9.05
XM1014 | 焚烬之鳄 (略有磨损),XM1014 | 焚烬之鳄,保密,略有磨损,68.00
沙漠之鹰 | 古铜密码 (崭新出厂),沙漠之鹰 | 古铜密码,工业级,崭新出厂,11.27
沙漠之鹰 | 古铜密码 (久经沙场),沙漠之鹰 | 古铜密码,工业级,久经沙场,11.96
沙漠之鹰 | 古铜密码 (略有磨损),沙漠之鹰 | 古铜密码,工业级,略有磨损,10.90
流浪者匕首（★） | 渐变之色 (崭新出厂),流浪者匕首（★） | 渐变之色,隐秘,崭新出厂,8299.99
流浪者匕首（★） | 渐变之色 (略有磨损),流浪者匕首（★） | 渐变之色,隐秘,略有磨损,8100.00
新星 | 绿苹果 (崭新出厂),新星 | 绿苹果,工业级,崭新出厂,68.41
新星 | 绿苹果 (久经沙场),新星 | 绿苹果,工业级,久经沙场,147.60
新星 | 绿苹果 (略有磨损),新星 | 绿苹果,工业级,略有磨损,64.00
G3SG1 | 穆拉诺之紫 (崭新出厂),G3SG1 | 穆拉诺之紫,军规级,崭新出厂,152.00
G3SG1 | 穆拉诺之紫 (久经沙场),G3SG1 | 穆拉诺之紫,军规级,久经沙场,149.90
G3SG1 | 穆拉诺之紫 (破损不堪),G3SG1 | 穆拉诺之紫,军规级,破损不堪,
G3SG1 | 穆拉诺之紫 (战痕累累),G3SG1 | 穆拉诺之紫,军规级,战痕累累,200.00
G3SG1 | 穆拉诺之紫 (略有磨损),G3SG1 | 穆拉诺之紫,军规级,略有磨损,199.09
MAC-10 | 战争手柄 (崭新出厂),MAC-10 | 战争手柄,受限,崭新出厂,8.87
MAC-10 | 战争手柄 (久经沙场),MAC-10 | 战争手柄,受限,久经沙场,1.80
MAC-10 | 战争手柄 (破损不堪),MAC-10 | 战争手柄,受限,破损不堪,1.65
MAC-10 | 战争手柄 (战痕累累),MAC-10 | 战争手柄,受限,战痕累累,1.70
MAC-10 | 战争手柄 (略有磨损),MAC-10 | 战争手柄,受限,略有磨损,3.93
蝴蝶刀（★ StatTrak™） | 黑色层压板 (崭新出厂),蝴蝶刀（★ StatTrak™） | 黑色层压板,隐秘,崭新出厂,
蝴蝶刀（★ StatTrak™） | 黑色层压板 (久经沙场),蝴蝶刀（★ StatTrak™） | 黑色层压板,隐秘,久经沙场,8000.00
蝴蝶刀（★ StatTrak™） | 黑色层压板 (破损不堪),蝴蝶刀（★ StatTrak™） | 黑色层压板,隐秘,破损不堪,7988.00
蝴蝶刀（★ StatTrak™） | 黑色层压板 (战痕累累),蝴蝶刀（★ StatTrak™） | 黑色层压板,隐秘,战痕累累,7999.00
蝴蝶刀（★ StatTrak™） | 黑色层压板 (略有磨损),蝴蝶刀（★ StatTrak™） | 黑色层压板,隐秘,略有磨损,8999.00
内格夫（StatTrak™） | 动力装载机 (崭新出厂),内格夫（StatTrak™） | 动力装载机,受限,崭新出厂,199.00
内格夫（StatTrak™） | 动力装载机 (久经沙场),内格夫（StatTrak™） | 动力装载机,受限,久经沙场,26.97
内格夫（StatTrak™） | 动力装载机 (破损不堪),内格夫（StatTrak™） | 动力装载机,受限,破损不堪,17.00
内格夫（StatTrak™） | 动力装载机 (战痕累累),内格夫（StatTrak™） | 动力装载机,受限,战痕累累,9.26
内格夫（StatTrak™） | 动力装载机 (略有磨损),内格夫（StatTrak™） | 动力装载机,受限,略有磨损,59.99
P250（StatTrak™） | 影魔 (崭新出厂),P250（StatTrak™） | 影魔,受限,崭新出厂,24.11
P250（StatTrak™） | 影魔 (久经沙场),P250（StatTrak™） | 影魔,受限,久经沙场,8.00
P250（StatTrak™） | 影魔 (破损不堪),P250（StatTrak™） | 影魔,受限,破损不堪,17.00
P250（StatTrak™） | 影魔 (略有磨损),P250（StatTrak™） | 影魔,受限,略有磨损,11.13
MP9 | 焦油缠绕 (崭新出厂),MP9 | 焦油缠绕,受限,崭新出厂,9.05
MP9 | 焦油缠绕 (久经沙场),MP9 | 焦油缠绕,受限,久经沙场,2.93
MP9 | 焦油缠绕 (破损不堪),MP9 | 焦油缠绕,受限,破损不堪,3.00
MP9 | 焦油缠绕 (战痕累累),MP9 | 焦油缠绕,受限,战痕累累,2.94
MP9 | 焦油缠绕 (略有磨损),MP9 | 焦油缠绕,受限,略有磨损,5.14
SSG 08 | 橙黄镂刻 (崭新出厂),SSG 08 | 橙黄镂刻,军规级,崭新出厂,149.20
SSG 08 | 橙黄镂刻 (久经沙场),SSG 08 | 橙黄镂刻,军规级,久经沙场,197.11
SSG 08 | 橙黄镂刻 (破损不堪),SSG 08 | 橙黄镂刻,军规级,破损不堪,200.00
SSG 08 | 橙黄镂刻 (战痕累累),SSG 08 | 橙黄镂刻,军规级,战痕累累,300.00
SSG 08 | 橙黄镂刻 (略有磨损),SSG 08 | 橙黄镂刻,军规级,略有磨损,
穿肠刀（★） | 多普勒 (崭新出厂),穿肠刀（★） | 多普勒,隐秘,崭新出厂,1303.60
穿肠刀（★） | 多普勒 (略有磨损),穿肠刀（★） | 多普勒,隐秘,略有磨损,1550.00
P2000 | 电子脉冲 (崭新出厂),P2000 | 电子脉冲,军规级,崭新出厂,19.70
P2000 | 电子脉冲 (久经沙场),P2000 | 电子脉冲,军规级,久经沙场,29.99
P2000 | 电子脉冲 (破损不堪),P2000 | 电子脉冲,军规级,破损不堪,119.00
P2000 | 电子脉冲 (战痕累累),P2000 | 电子脉冲,军规级,战痕累累,50.00
P2000 | 电子脉冲 (略有磨损),P2000 | 电子脉冲,军规级,略有磨损,16.66
锯齿爪刀（★ StatTrak™） | 深红之网 (崭新出厂),锯齿爪刀（★ StatTrak™） | 深红之网,隐秘,崭新出厂,
锯齿爪刀（★ StatTrak™） | 深红之网 (久经沙场),锯齿爪刀（★ StatTrak™） | 深红之网,隐秘,久经沙场,3900.00
锯齿爪刀（★ StatTrak™） | 深红之网 (破损不堪),锯齿爪刀（★ StatTrak™） | 深红之网,隐秘,破损不堪,
锯齿爪刀（★ StatTrak™） | 深红之网 (战痕累累),锯齿爪刀（★ StatTrak™） | 深红之网,隐秘,战痕累累,3000.00
锯齿爪刀（★ StatTrak™） | 深红之网 (略有磨损),锯齿爪刀（★ StatTrak™） | 深红之网,隐秘,略有磨损,8999.00
PP-野牛（纪念品） | 设施系列·速写图 (崭新出厂),PP-野牛（纪念品） | 设施系列·速写图,消费级,崭新出厂,6.14
PP-野牛（纪念品） | 设施系列·速写图 (久经沙场),PP-野牛（纪念品） | 设施系列·速写图,消费级,久经沙场,0.94
PP-野牛（纪念品） | 设施系列·速写图 (破损不堪),PP-野牛（纪念品） | 设施系列·速写图,消费级,破损不堪,3.37
PP-野牛（纪念品） | 设施系列·速写图 (战痕累累),PP-野牛（纪念品） | 设施系列·速写图,消费级,战痕累累,1.90
PP-野牛（纪念品） | 设施系列·速写图 (略有磨损),PP-野牛（纪念品） | 设施系列·速写图,消费级,略有磨损,2.40
加利尔 AR（StatTrak™） | 橙黄 DDPAT (崭新出厂),加利尔 AR（StatTrak™） | 橙黄 DDPAT,受限,崭新出厂,1285.71
加利尔 AR（StatTrak™） | 橙黄 DDPAT (久经沙场),加利尔 AR（StatTrak™） | 橙黄 DDPAT,受限,久经沙场,283.80
加利尔 AR（StatTrak™） | 橙黄 DDPAT (破损不堪),加利尔 AR（StatTrak™） | 橙黄 DDPAT,受限,破损不堪,142.00
加利尔 AR（StatTrak™） | 橙黄 DDPAT (战痕累累),加利尔 AR（StatTrak™） | 橙黄 DDPAT,受限,战痕累累,634.00
加利尔 AR（StatTrak™） | 橙黄 DDPAT (略有磨损),加利尔 AR（StatTrak™） | 橙黄 DDPAT,受限,略有磨损,199.88
新星 | 致幻时刻 (崭新出厂),新星 | 致幻时刻,军规级,崭新出厂,73.99
新星 | 致幻时刻 (久经沙场),新星 | 致幻时刻,军规级,久经沙场,88.87
新星 | 致幻时刻 (破损不堪),新星 | 致幻时刻,军规级,破损不堪,
新星 | 致幻时刻 (战痕累累),新星 | 致幻时刻,军规级,战痕累累,
新星 | 致幻时刻 (略有磨损),新星 | 致幻时刻,军规级,略有磨损,70.00
Tec-9 | 坍雪寒裘 (崭新出厂),Tec-9 | 坍雪寒裘,受限,崭新出厂,23.32
Tec-9 | 坍雪寒裘 (久经沙场),Tec-9 | 坍雪寒裘,受限,久经沙场,5.89
Tec-9 | 坍雪寒裘 (破损不堪),Tec-9 | 坍雪寒裘,受限,破损不堪,4.39
Tec-9 | 坍雪寒裘 (战痕累累),Tec-9 | 坍雪寒裘,受限,战痕累累,3.94
Tec-9 | 坍雪寒裘 (略有磨损),Tec-9 | 坍雪寒裘,受限,略有磨损,11.00
蝴蝶刀（★ StatTrak™） | 致命紫罗兰 (崭新出厂),蝴蝶刀（★ StatTrak™） | 致命紫罗兰,隐秘,崭新出厂,
蝴蝶刀（★ StatTrak™） | 致命紫罗兰 (久经沙场),蝴蝶刀（★ StatTrak™） | 致命紫罗兰,隐秘,久经沙场,5588.00
蝴蝶刀（★ StatTrak™） | 致命紫罗兰 (破损不堪),蝴蝶刀（★ StatTrak™） | 致命紫罗兰,隐秘,破损不堪,
蝴蝶刀（★ StatTrak™） | 致命紫罗兰 (战痕累累),蝴蝶刀（★ StatTrak™） | 致命紫罗兰,隐秘,战痕累累,4759.00
蝴蝶刀（★ StatTrak™） | 致命紫罗兰 (略有磨损),蝴蝶刀（★ StatTrak™） | 致命紫罗兰,隐秘,略有磨损,8300.00
新星（纪念品） | 索贝克之噬 (崭新出厂),新星（纪念品） | 索贝克之噬,受限,崭新出厂,
新星（纪念品） | 索贝克之噬 (久经沙场),新星（纪念品） | 索贝克之噬,受限,久经沙场,52.80
新星（纪念品） | 索贝克之噬 (破损不堪),新星（纪念品） | 索贝克之噬,受限,破损不堪,
新星（纪念品） | 索贝克之噬 (战痕累累),新星（纪念品） | 索贝克之噬,受限,战痕累累,79.90
新星（纪念品） | 索贝克之噬 (略有磨损),新星（纪念品） | 索贝克之噬,受限,略有磨损,
CZ75 | 螺形扭转 (崭新出厂),CZ75 | 螺形扭转,军规级,崭新出厂,14.70
CZ75 | 螺形扭转 (久经沙场),CZ75 | 螺形扭转,军规级,久经沙场,25.74
CZ75 | 螺形扭转 (破损不堪),CZ75 | 螺形扭转,军规级,破损不堪,
CZ75 | 螺形扭转 (战痕累累),CZ75 | 螺形扭转,军规级,战痕累累,49.40
CZ75 | 螺形扭转 (略有磨损),CZ75 | 螺形扭转,军规级,略有磨损,16.70
UMP-45 | 白狼 (崭新出厂),UMP-45 | 白狼,受限,崭新出厂,11.78
UMP-45 | 白狼 (久经沙场),UMP-45 | 白狼,受限,久经沙场,2.10
UMP-45 | 白狼 (破损不堪),UMP-45 | 白狼,受限,破损不堪,1.90
UMP-45 | 白狼 (战痕累累),UMP-45 | 白狼,受限,战痕累累,1.60
UMP-45 | 白狼 (略有磨损),UMP-45 | 白狼,受限,略有磨损,4.25
AUG（StatTrak™） | 力矩 (崭新出厂),AUG（StatTrak™） | 力矩,受限,崭新出厂,140.00
AUG（StatTrak™） | 力矩 (久经沙场),AUG（StatTrak™） | 力矩,受限,久经沙场,
AUG（StatTrak™） | 力矩 (破损不堪),AUG（StatTrak™） | 力矩,受限,破损不堪,454.59
AUG（StatTrak™） | 力矩 (战痕累累),AUG（StatTrak™） | 力矩,受限,战痕累累,1311.69
AUG（StatTrak™） | 力矩 (略有磨损),AUG（StatTrak™） | 力矩,受限,略有磨损,149.00
蝴蝶刀（★ StatTrak™） | 蓝钢 (崭新出厂),蝴蝶刀（★ StatTrak™） | 蓝钢,隐秘,崭新出厂,11888.00
蝴蝶刀（★ StatTrak™） | 蓝钢 (久经沙场),蝴蝶刀（★ StatTrak™） | 蓝钢,隐秘,久经沙场,
蝴蝶刀（★ StatTrak™） | 蓝钢 (破损不堪),蝴蝶刀（★ StatTrak™） | 蓝钢,隐秘,破损不堪,6392.60
蝴蝶刀（★ StatTrak™） | 蓝钢 (战痕累累),蝴蝶刀（★ StatTrak™） | 蓝钢,隐秘,战痕累累,7949.99
蝴蝶刀（★ StatTrak™） | 蓝钢 (略有磨损),蝴蝶刀（★ StatTrak™） | 蓝钢,隐秘,略有磨损,8888.00
M249 | 雪茄盒 (崭新出厂),M249 | 雪茄盒,军规级,崭新出厂,76.66
M249 | 雪茄盒 (久经沙场),M249 | 雪茄盒,军规级,久经沙场,78.11
M249 | 雪茄盒 (破损不堪),M249 | 雪茄盒,军规级,破损不堪,99.00
M249 | 雪茄盒 (战痕累累),M249 | 雪茄盒,军规级,战痕累累,
M249 | 雪茄盒 (略有磨损),M249 | 雪茄盒,军规级,略有磨损,74.04
CZ75 | 蓝巢 (崭新出厂),CZ75 | 蓝巢,军规级,崭新出厂,32.47
CZ75 | 蓝巢 (久经沙场),CZ75 | 蓝巢,军规级,久经沙场,8.00
CZ75 | 蓝巢 (破损不堪),CZ75 | 蓝巢,军规级,破损不堪,
CZ75 | 蓝巢 (略有磨损),CZ75 | 蓝巢,军规级,略有磨损,12.30
PP-野牛（纪念品） | 碳素纤维 (崭新出厂),PP-野牛（纪念品） | 碳素纤维,工业级,崭新出厂,4.32
PP-野牛（纪念品） | 碳素纤维 (略有磨损),PP-野牛（纪念品） | 碳素纤维,工业级,略有磨损,4.57
M4A1 消音型 | 控制台 (崭新出厂),M4A1 消音型 | 控制台,保密,崭新出厂,620.00
M4A1 消音型 | 控制台 (久经沙场),M4A1 消音型 | 控制台,保密,久经沙场,95.00
M4A1 消音型 | 控制台 (破损不堪),M4A1 消音型 | 控制台,保密,破损不堪,75.50
M4A1 消音型 | 控制台 (战痕累累),M4A1 消音型 | 控制台,保密,战痕累累,74.50
M4A1 消音型 | 控制台 (略有磨损),M4A1 消音型 | 控制台,保密,略有磨损,196.00
新星 | 古董枪 (崭新出厂),新星 | 古董枪,保密,崭新出厂,107.27
新星 | 古董枪 (久经沙场),新星 | 古董枪,保密,久经沙场,74.00
新星 | 古董枪 (略有磨损),新星 | 古董枪,保密,略有磨损,84.50
M9 刺刀（★） | 虎牙 (崭新出厂),M9 刺刀（★） | 虎牙,隐秘,崭新出厂,8960.00
M9 刺刀（★） | 虎牙 (略有磨损),M9 刺刀（★） | 虎牙,隐秘,略有磨损,
M4A4（StatTrak™） | 死寂空间 (崭新出厂),M4A4（StatTrak™） | 死寂空间,保密,崭新出厂,586.32
M4A4（StatTrak™） | 死寂空间 (久经沙场),M4A4（StatTrak™） | 死寂空间,保密,久经沙场,102.78
M4A4（StatTrak™） | 死寂空间 (破损不堪),M4A4（StatTrak™） | 死寂空间,保密,破损不堪,94.87
M4A4（StatTrak™） | 死寂空间 (战痕累累),M4A4（StatTrak™） | 死寂空间,保密,战痕累累,71.51
M4A4（StatTrak™） | 死寂空间 (略有磨损),M4A4（StatTrak™） | 死寂空间,保密,略有磨损,200.00
UMP-45 | 曝光 (崭新出厂),UMP-45 | 曝光,受限,崭新出厂,9.39
UMP-45 | 曝光 (久经沙场),UMP-45 | 曝光,受限,久经沙场,3.35
UMP-45 | 曝光 (破损不堪),UMP-45 | 曝光,受限,破损不堪,3.37
UMP-45 | 曝光 (战痕累累),UMP-45 | 曝光,受限,战痕累累,3.11
UMP-45 | 曝光 (略有磨损),UMP-45 | 曝光,受限,略有磨损,5.57
XM1014（StatTrak™） | 埋葬之影 (崭新出厂),XM1014（StatTrak™） | 埋葬之影,保密,崭新出厂,139.22
XM1014（StatTrak™） | 埋葬之影 (久经沙场),XM1014（StatTrak™） | 埋葬之影,保密,久经沙场,42.57
XM1014（StatTrak™） | 埋葬之影 (破损不堪),XM1014（StatTrak™） | 埋葬之影,保密,破损不堪,50.00
XM1014（StatTrak™） | 埋葬之影 (战痕累累),XM1014（StatTrak™） | 埋葬之影,保密,战痕累累,41.48
XM1014（StatTrak™） | 埋葬之影 (略有磨损),XM1014（StatTrak™） | 埋葬之影,保密,略有磨损,74.29
CZ75（StatTrak™） | 战术高手 (崭新出厂),CZ75（StatTrak™） | 战术高手,受限,崭新出厂,22.66
CZ75（StatTrak™） | 战术高手 (久经沙场),CZ75（StatTrak™） | 战术高手,受限,久经沙场,5.08
CZ75（StatTrak™） | 战术高手 (破损不堪),CZ75（StatTrak™） | 战术高手,受限,破损不堪,12.77
CZ75（StatTrak™） | 战术高手 (战痕累累),CZ75（StatTrak™） | 战术高手,受限,战痕累累,5.27
CZ75（StatTrak™） | 战术高手 (略有磨损),CZ75（StatTrak™） | 战术高手,受限,略有磨损,11.38
爪子刀（★） | 虎牙 (崭新出厂),爪子刀（★） | 虎牙,隐秘,崭新出厂,9759.99
爪子刀（★） | 虎牙 (略有磨损),爪子刀（★） | 虎牙,隐秘,略有磨损,9200.00
XM1014（纪念品） | 辐射警告 (崭新出厂),XM1014（纪念品） | 辐射警告,工业级,崭新出厂,
XM1014（纪念品） | 辐射警告 (久经沙场),XM1014（纪念品） | 辐射警告,工业级,久经沙场,18.59
XM1014（纪念品） | 辐射警告 (破损不堪),XM1014（纪念品） | 辐射警告,工业级,破损不堪,46.86
XM1014（纪念品） | 辐射警告 (战痕累累),XM1014（纪念品） | 辐射警告,工业级,战痕累累,59.00
XM1014（纪念品） | 辐射警告 (略有磨损),XM1014（纪念品） | 辐射警告,工业级,略有磨损,79.99
M4A4 | 星级 (崭新出厂),M4A4 | 星级,受限,崭新出厂,366.99
M4A4 | 星级 (久经沙场),M4A4 | 星级,受限,久经沙场,228.04
M4A4 | 星级 (破损不堪),M4A4 | 星级,受限,破损不堪,
M4A4 | 星级 (略有磨损),M4A4 | 星级,受限,略有磨损,208.00
FN57 | 同步力场 (崭新出厂),FN57 | 同步力场,受限,崭新出厂,20.94
FN57 | 同步力场 (久经沙场),FN57 | 同步力场,受限,久经沙场,7.76
FN57 | 同步力场 (破损不堪),FN57 | 同步力场,受限,破损不堪,10.55
FN57 | 同步力场 (略有磨损),FN57 | 同步力场,受限,略有磨损,11.86
MP9 | 暴风呼啸 (崭新出厂),MP9 | 暴风呼啸,消费级,崭新出厂,34.50
MP9 | 暴风呼啸 (久经沙场),MP9 | 暴风呼啸,消费级,久经沙场,2.73
MP9 | 暴风呼啸 (破损不堪),MP9 | 暴风呼啸,消费级,破损不堪,3.91
MP9 | 暴风呼啸 (战痕累累),MP9 | 暴风呼啸,消费级,战痕累累,2.88
MP9 | 暴风呼啸 (略有磨损),MP9 | 暴风呼啸,消费级,略有磨损,4.87
蝴蝶刀（★） | 黑色层压板 (崭新出厂),蝴蝶刀（★） | 黑色层压板,隐秘,崭新出厂,11977.00
蝴蝶刀（★） | 黑色层压板 (久经沙场),蝴蝶刀（★） | 黑色层压板,隐秘,久经沙场,8447.00
蝴蝶刀（★） | 黑色层压板 (破损不堪),蝴蝶刀（★） | 黑色层压板,隐秘,破损不堪,7586.00
蝴蝶刀（★） | 黑色层压板 (战痕累累),蝴蝶刀（★） | 黑色层压板,隐秘,战痕累累,7377.00
蝴蝶刀（★） | 黑色层压板 (略有磨损),蝴蝶刀（★） | 黑色层压板,隐秘,略有磨损,8950.00
MAG-7（纪念品） | 银质 (崭新出厂),MAG-7（纪念品） | 银质,工业级,崭新出厂,75.14
MAG-7（纪念品） | 银质 (略有磨损),MAG-7（纪念品） | 银质,工业级,略有磨损,86.89
AK-47 | 抽象派 1337 (崭新出厂),AK-47 | 抽象派 1337,隐秘,崭新出厂,418.00
AK-47 | 抽象派 1337 (久经沙场),AK-47 | 抽象派 1337,隐秘,久经沙场,140.11
AK-47 | 抽象派 1337 (破损不堪),AK-47 | 抽象派 1337,隐秘,破损不堪,147.20
AK-47 | 抽象派 1337 (战痕累累),AK-47 | 抽象派 1337,隐秘,战痕累累,130.00
AK-47 | 抽象派 1337 (略有磨损),AK-47 | 抽象派 1337,隐秘,略有磨损,195.93
MP9（纪念品） | 沙漠虚线 (崭新出厂),MP9（纪念品） | 沙漠虚线,消费级,崭新出厂,77.00
MP9（纪念品） | 沙漠虚线 (久经沙场),MP9（纪念品） | 沙漠虚线,消费级,久经沙场,1.17
MP9（纪念品） | 沙漠虚线 (破损不堪),MP9（纪念品） | 沙漠虚线,消费级,破损不堪,7.00
MP9（纪念品） | 沙漠虚线 (战痕累累),MP9（纪念品） | 沙漠虚线,消费级,战痕累累,2.44
MP9（纪念品） | 沙漠虚线 (略有磨损),MP9（纪念品） | 沙漠虚线,消费级,略有磨损,5.22
USP 消音版 | 血虎 (崭新出厂),USP 消音版 | 血虎,军规级,崭新出厂,36.03
USP 消音版 | 血虎 (久经沙场),USP 消音版 | 血虎,军规级,久经沙场,13.07
USP 消音版 | 血虎 (略有磨损),USP 消音版 | 血虎,军规级,略有磨损,11.00
M9 刺刀（★） | 自动化 (崭新出厂),M9 刺刀（★） | 自动化,隐秘,崭新出厂,12838.00
M9 刺刀（★） | 自动化 (久经沙场),M9 刺刀（★） | 自动化,隐秘,久经沙场,7550.00
M9 刺刀（★） | 自动化 (破损不堪),M9 刺刀（★） | 自动化,隐秘,破损不堪,8888.00
M9 刺刀（★） | 自动化 (战痕累累),M9 刺刀（★） | 自动化,隐秘,战痕累累,5900.00
M9 刺刀（★） | 自动化 (略有磨损),M9 刺刀（★） | 自动化,隐秘,略有磨损,9240.00
MP9（StatTrak™） | 毛细血管 (崭新出厂),MP9（StatTrak™） | 毛细血管,军规级,崭新出厂,11.00
MP9（StatTrak™） | 毛细血管 (久经沙场),MP9（StatTrak™） | 毛细血管,军规级,久经沙场,2.44
MP9（StatTrak™） | 毛细血管 (破损不堪),MP9（StatTrak™） | 毛细血管,军规级,破损不堪,4.45
MP9（StatTrak™） | 毛细血管 (战痕累累),MP9（StatTrak™） | 毛细血管,军规级,战痕累累,1.81
MP9（StatTrak™） | 毛细血管 (略有磨损),MP9（StatTrak™） | 毛细血管,军规级,略有磨损,5.01
AK-47 | 黑色层压板 (崭新出厂),AK-47 | 黑色层压板,军规级,崭新出厂,
AK-47 | 黑色层压板 (久经沙场),AK-47 | 黑色层压板,军规级,久经沙场,176.00
AK-47 | 黑色层压板 (破损不堪),AK-47 | 黑色层压板,军规级,破损不堪,260.00
AK-47 | 黑色层压板 (战痕累累),AK-47 | 黑色层压板,军规级,战痕累累,298.00
AK-47 | 黑色层压板 (略有磨损),AK-47 | 黑色层压板,军规级,略有磨损,222.00
爪子刀（★ StatTrak™） | 屠夫 (崭新出厂),爪子刀（★ StatTrak™） | 屠夫,隐秘,崭新出厂,9488.00
爪子刀（★ StatTrak™） | 屠夫 (久经沙场),爪子刀（★ StatTrak™） | 屠夫,隐秘,久经沙场,6800.00
爪子刀（★ StatTrak™） | 屠夫 (略有磨损),爪子刀（★ StatTrak™） | 屠夫,隐秘,略有磨损,9990.00
MAG-7 | 危机色调 (崭新出厂),MAG-7 | 危机色调,军规级,崭新出厂,
MAG-7 | 危机色调 (久经沙场),MAG-7 | 危机色调,军规级,久经沙场,296.71
MAG-7 | 危机色调 (破损不堪),MAG-7 | 危机色调,军规级,破损不堪,
MAG-7 | 危机色调 (战痕累累),MAG-7 | 危机色调,军规级,战痕累累,
MAG-7 | 危机色调 (略有磨损),MAG-7 | 危机色调,军规级,略有磨损,86.03
R8 左轮手枪（StatTrak™） | 记忆碎片 (崭新出厂),R8 左轮手枪（StatTrak™） | 记忆碎片,军规级,崭新出厂,43.00
R8 左轮手枪（StatTrak™） | 记忆碎片 (久经沙场),R8 左轮手枪（StatTrak™） | 记忆碎片,军规级,久经沙场,5.68
R8 左轮手枪（StatTrak™） | 记忆碎片 (破损不堪),R8 左轮手枪（StatTrak™） | 记忆碎片,军规级,破损不堪,13.00
R8 左轮手枪（StatTrak™） | 记忆碎片 (战痕累累),R8 左轮手枪（StatTrak™） | 记忆碎片,军规级,战痕累累,5.19
R8 左轮手枪（StatTrak™） | 记忆碎片 (略有磨损),R8 左轮手枪（StatTrak™） | 记忆碎片,军规级,略有磨损,14.97
MP9（StatTrak™） | 羽量级 (崭新出厂),MP9（StatTrak™） | 羽量级,军规级,崭新出厂,18.91
MP9（StatTrak™） | 羽量级 (久经沙场),MP9（StatTrak™） | 羽量级,军规级,久经沙场,2.87
MP9（StatTrak™） | 羽量级 (破损不堪),MP9（StatTrak™） | 羽量级,军规级,破损不堪,2.12
MP9（StatTrak™） | 羽量级 (战痕累累),MP9（StatTrak™） | 羽量级,军规级,战痕累累,2.00
MP9（StatTrak™） | 羽量级 (略有磨损),MP9（StatTrak™） | 羽量级,军规级,略有磨损,5.08
SCAR-20（StatTrak™） | 心脏打击 (崭新出厂),SCAR-20（StatTrak™） | 心脏打击,保密,崭新出厂,619.11
SCAR-20（StatTrak™） | 心脏打击 (久经沙场),SCAR-20（StatTrak™） | 心脏打击,保密,久经沙场,
SCAR-20（StatTrak™） | 心脏打击 (破损不堪),SCAR-20（StatTrak™） | 心脏打击,保密,破损不堪,999.00
SCAR-20（StatTrak™） | 心脏打击 (战痕累累),SCAR-20（StatTrak™） | 心脏打击,保密,战痕累累,69.20
SCAR-20（StatTrak™） | 心脏打击 (略有磨损),SCAR-20（StatTrak™） | 心脏打击,保密,略有磨损,188.88
蝴蝶刀（★ StatTrak™） | 屠夫 (崭新出厂),蝴蝶刀（★ StatTrak™） | 屠夫,隐秘,崭新出厂,12586.40
蝴蝶刀（★ StatTrak™） | 屠夫 (久经沙场),蝴蝶刀（★ StatTrak™） | 屠夫,隐秘,久经沙场,
蝴蝶刀（★ StatTrak™） | 屠夫 (略有磨损),蝴蝶刀（★ StatTrak™） | 屠夫,隐秘,略有磨损,12000.00
PP-野牛 | 太空猫 (崭新出厂),PP-野牛 | 太空猫,受限,崭新出厂,9.38
PP-野牛 | 太空猫 (久经沙场),PP-野牛 | 太空猫,受限,久经沙场,1.95
PP-野牛 | 太空猫 (破损不堪),PP-野牛 | 太空猫,受限,破损不堪,2.00
PP-野牛 | 太空猫 (战痕累累),PP-野牛 | 太空猫,受限,战痕累累,2.22
PP-野牛 | 太空猫 (略有磨损),PP-野牛 | 太空猫,受限,略有磨损,4.86
MAG-7 | 威吓者 (崭新出厂),MAG-7 | 威吓者,受限,崭新出厂,997.50
MAG-7 | 威吓者 (久经沙场),MAG-7 | 威吓者,受限,久经沙场,21.50
MAG-7 | 威吓者 (破损不堪),MAG-7 | 威吓者,受限,破损不堪,
MAG-7 | 威吓者 (战痕累累),MAG-7 | 威吓者,受限,战痕累累,
MAG-7 | 威吓者 (略有磨损),MAG-7 | 威吓者,受限,略有磨损,84.00
爪子刀（★） | 深红之网 (崭新出厂),爪子刀（★） | 深红之网,隐秘,崭新出厂,
爪子刀（★） | 深红之网 (久经沙场),爪子刀（★） | 深红之网,隐秘,久经沙场,6498.98
爪子刀（★） | 深红之网 (破损不堪),爪子刀（★） | 深红之网,隐秘,破损不堪,
爪子刀（★） | 深红之网 (战痕累累),爪子刀（★） | 深红之网,隐秘,战痕累累,4947.00
爪子刀（★） | 深红之网 (略有磨损),爪子刀（★） | 深红之网,隐秘,略有磨损,11998.00
USP 消音版（StatTrak™） | 闪回 (崭新出厂),USP 消音版（StatTrak™） | 闪回,受限,崭新出厂,22.32
USP 消音版（StatTrak™） | 闪回 (久经沙场),USP 消音版（StatTrak™） | 闪回,受限,久经沙场,10.45
USP 消音版（StatTrak™） | 闪回 (破损不堪),USP 消音版（StatTrak™） | 闪回,受限,破损不堪,14.80
USP 消音版（StatTrak™） | 闪回 (战痕累累),USP 消音版（StatTrak™） | 闪回,受限,战痕累累,18.00
USP 消音版（StatTrak™） | 闪回 (略有磨损),USP 消音版（StatTrak™） | 闪回,受限,略有磨损,12.67
UMP-45（StatTrak™） | 下士 (崭新出厂),UMP-45（StatTrak™） | 下士,军规级,崭新出厂,14.75
UMP-45（StatTrak™） | 下士 (久经沙场),UMP-45（StatTrak™） | 下士,军规级,久经沙场,
UMP-45（StatTrak™） | 下士 (破损不堪),UMP-45（StatTrak™） | 下士,军规级,破损不堪,6.08
UMP-45（StatTrak™） | 下士 (战痕累累),UMP-45（StatTrak™） | 下士,军规级,战痕累累,2.99
UMP-45（StatTrak™） | 下士 (略有磨损),UMP-45（StatTrak™） | 下士,军规级,略有磨损,
AWP | 黑色魅影 (崭新出厂),AWP | 黑色魅影,隐秘,崭新出厂,260.79
AWP | 黑色魅影 (久经沙场),AWP | 黑色魅影,隐秘,久经沙场,163.82
AWP | 黑色魅影 (破损不堪),AWP | 黑色魅影,隐秘,破损不堪,174.58
AWP | 黑色魅影 (战痕累累),AWP | 黑色魅影,隐秘,战痕累累,159.18
AWP | 黑色魅影 (略有磨损),AWP | 黑色魅影,隐秘,略有磨损,205.00
蝴蝶刀（★） | 屠夫 (崭新出厂),蝴蝶刀（★） | 屠夫,隐秘,崭新出厂,12679.00
蝴蝶刀（★） | 屠夫 (久经沙场),蝴蝶刀（★） | 屠夫,隐秘,久经沙场,9600.00
蝴蝶刀（★） | 屠夫 (略有磨损),蝴蝶刀（★） | 屠夫,隐秘,略有磨损,9998.50
新星 | 樱花之绚烂 (崭新出厂),新星 | 樱花之绚烂,保密,崭新出厂,384.00
新星 | 樱花之绚烂 (久经沙场),新星 | 樱花之绚烂,保密,久经沙场,36.00
新星 | 樱花之绚烂 (破损不堪),新星 | 樱花之绚烂,保密,破损不堪,40.00
新星 | 樱花之绚烂 (战痕累累),新星 | 樱花之绚烂,保密,战痕累累,199.09
新星 | 樱花之绚烂 (略有磨损),新星 | 樱花之绚烂,保密,略有磨损,94.31
MP5-SD | 零点行动 (崭新出厂),MP5-SD | 零点行动,军规级,崭新出厂,7.62
MP5-SD | 零点行动 (久经沙场),MP5-SD | 零点行动,军规级,久经沙场,3.50
MP5-SD | 零点行动 (破损不堪),MP5-SD | 零点行动,军规级,破损不堪,2.72
MP5-SD | 零点行动 (战痕累累),MP5-SD | 零点行动,军规级,战痕累累,1.77
MP5-SD | 零点行动 (略有磨损),MP5-SD | 零点行动,军规级,略有磨损,5.50
锯齿爪刀（★） | 渐变之色 (崭新出厂),锯齿爪刀（★） | 渐变之色,隐秘,崭新出厂,11684.00
锯齿爪刀（★） | 渐变之色 (略有磨损),锯齿爪刀（★） | 渐变之色,隐秘,略有磨损,11080.00
双持贝瑞塔 | 黑豹 (崭新出厂),双持贝瑞塔 | 黑豹,军规级,崭新出厂,16.40
双持贝瑞塔 | 黑豹 (久经沙场),双持贝瑞塔 | 黑豹,军规级,久经沙场,15.00
双持贝瑞塔 | 黑豹 (破损不堪),双持贝瑞塔 | 黑豹,军规级,破损不堪,17.00
双持贝瑞塔 | 黑豹 (战痕累累),双持贝瑞塔 | 黑豹,军规级,战痕累累,99.00
双持贝瑞塔 | 黑豹 (略有磨损),双持贝瑞塔 | 黑豹,军规级,略有磨损,12.40
G3SG1（StatTrak™） | 弗卢克斯 (崭新出厂),G3SG1（StatTrak™） | 弗卢克斯,保密,崭新出厂,540.00
G3SG1（StatTrak™） | 弗卢克斯 (久经沙场),G3SG1（StatTrak™） | 弗卢克斯,保密,久经沙场,117.00
G3SG1（StatTrak™） | 弗卢克斯 (破损不堪),G3SG1（StatTrak™） | 弗卢克斯,保密,破损不堪,
G3SG1（StatTrak™） | 弗卢克斯 (战痕累累),G3SG1（StatTrak™） | 弗卢克斯,保密,战痕累累,84.99
G3SG1（StatTrak™） | 弗卢克斯 (略有磨损),G3SG1（StatTrak™） | 弗卢克斯,保密,略有磨损,218.12
MP5-SD（StatTrak™） | 液化 (崭新出厂),MP5-SD（StatTrak™） | 液化,军规级,崭新出厂,33.22
MP5-SD（StatTrak™） | 液化 (久经沙场),MP5-SD（StatTrak™） | 液化,军规级,久经沙场,2.42
MP5-SD（StatTrak™） | 液化 (破损不堪),MP5-SD（StatTrak™） | 液化,军规级,破损不堪,2.17
MP5-SD（StatTrak™） | 液化 (战痕累累),MP5-SD（StatTrak™） | 液化,军规级,战痕累累,1.89
MP5-SD（StatTrak™） | 液化 (略有磨损),MP5-SD（StatTrak™） | 液化,军规级,略有磨损,5.08
XM1014 | 芭蕉叶 (崭新出厂),XM1014 | 芭蕉叶,工业级,崭新出厂,100.00
XM1014 | 芭蕉叶 (久经沙场),XM1014 | 芭蕉叶,工业级,久经沙场,85.00
XM1014 | 芭蕉叶 (破损不堪),XM1014 | 芭蕉叶,工业级,破损不堪,
XM1014 | 芭蕉叶 (战痕累累),XM1014 | 芭蕉叶,工业级,战痕累累,84.35
XM1014 | 芭蕉叶 (略有磨损),XM1014 | 芭蕉叶,工业级,略有磨损,98.00
骷髅匕首（★） | 深红之网 (崭新出厂),骷髅匕首（★） | 深红之网,隐秘,崭新出厂,30950.00
骷髅匕首（★） | 深红之网 (久经沙场),骷髅匕首（★） | 深红之网,隐秘,久经沙场,8150.84
骷髅匕首（★） | 深红之网 (破损不堪),骷髅匕首（★） | 深红之网,隐秘,破损不堪,7688.00
骷髅匕首（★） | 深红之网 (战痕累累),骷髅匕首（★） | 深红之网,隐秘,战痕累累,5094.00
骷髅匕首（★） | 深红之网 (略有磨损),骷髅匕首（★） | 深红之网,隐秘,略有磨损,11259.00
法玛斯 | 残影 (崭新出厂),法玛斯 | 残影,保密,崭新出厂,476.54
法玛斯 | 残影 (久经沙场),法玛斯 | 残影,保密,久经沙场,210.08
法玛斯 | 残影 (破损不堪),法玛斯 | 残影,保密,破损不堪,
法玛斯 | 残影 (略有磨损),法玛斯 | 残影,保密,略有磨损,226.93
M249 | 海滨预测者 (崭新出厂),M249 | 海滨预测者,工业级,崭新出厂,144.00
M249 | 海滨预测者 (久经沙场),M249 | 海滨预测者,工业级,久经沙场,84.45
M249 | 海滨预测者 (破损不堪),M249 | 海滨预测者,工业级,破损不堪,84.00
M249 | 海滨预测者 (战痕累累),M249 | 海滨预测者,工业级,战痕累累,
M249 | 海滨预测者 (略有磨损),M249 | 海滨预测者,工业级,略有磨损,98.88
M4A4（StatTrak™） | 龙王 (崭新出厂),M4A4（StatTrak™） | 龙王,保密,崭新出厂,448.60
M4A4（StatTrak™） | 龙王 (久经沙场),M4A4（StatTrak™） | 龙王,保密,久经沙场,105.00
M4A4（StatTrak™） | 龙王 (破损不堪),M4A4（StatTrak™） | 龙王,保密,破损不堪,
M4A4（StatTrak™） | 龙王 (战痕累累),M4A4（StatTrak™） | 龙王,保密,战痕累累,188.00
M4A4（StatTrak™） | 龙王 (略有磨损),M4A4（StatTrak™） | 龙王,保密,略有磨损,219.36
Tec-9 | 破铜烂铁 (久经沙场),Tec-9 | 破铜烂铁,军规级,久经沙场,0.55
Tec-9 | 破铜烂铁 (破损不堪),Tec-9 | 破铜烂铁,军规级,破损不堪,0.79
Tec-9 | 破铜烂铁 (战痕累累),Tec-9 | 破铜烂铁,军规级,战痕累累,0.48
Tec-9 | 破铜烂铁 (略有磨损),Tec-9 | 破铜烂铁,军规级,略有磨损,8.00
M9 刺刀（★） | 伽玛多普勒 (崭新出厂),M9 刺刀（★） | 伽玛多普勒,隐秘,崭新出厂,9280.00
M9 刺刀（★） | 伽玛多普勒 (略有磨损),M9 刺刀（★） | 伽玛多普勒,隐秘,略有磨损,11500.00
P90（StatTrak™） | 异星世界 (崭新出厂),P90（StatTrak™） | 异星世界,军规级,崭新出厂,10.88
P90（StatTrak™） | 异星世界 (久经沙场),P90（StatTrak™） | 异星世界,军规级,久经沙场,2.29
P90（StatTrak™） | 异星世界 (破损不堪),P90（StatTrak™） | 异星世界,军规级,破损不堪,17.00
P90（StatTrak™） | 异星世界 (战痕累累),P90（StatTrak™） | 异星世界,军规级,战痕累累,1.51
P90（StatTrak™） | 异星世界 (略有磨损),P90（StatTrak™） | 异星世界,军规级,略有磨损,5.19
截短霰弹枪（StatTrak™） | 吞噬 (崭新出厂),截短霰弹枪（StatTrak™） | 吞噬,保密,崭新出厂,220.00
截短霰弹枪（StatTrak™） | 吞噬 (久经沙场),截短霰弹枪（StatTrak™） | 吞噬,保密,久经沙场,57.91
截短霰弹枪（StatTrak™） | 吞噬 (破损不堪),截短霰弹枪（StatTrak™） | 吞噬,保密,破损不堪,64.99
截短霰弹枪（StatTrak™） | 吞噬 (战痕累累),截短霰弹枪（StatTrak™） | 吞噬,保密,战痕累累,40.00
截短霰弹枪（StatTrak™） | 吞噬 (略有磨损),截短霰弹枪（StatTrak™） | 吞噬,保密,略有磨损,105.58
AK-47（纪念品） | 安全网 (崭新出厂),AK-47（纪念品） | 安全网,受限,崭新出厂,519.99
AK-47（纪念品） | 安全网 (久经沙场),AK-47（纪念品） | 安全网,受限,久经沙场,103.68
AK-47（纪念品） | 安全网 (破损不堪),AK-47（纪念品） | 安全网,受限,破损不堪,268.88
AK-47（纪念品） | 安全网 (战痕累累),AK-47（纪念品） | 安全网,受限,战痕累累,170.02
AK-47（纪念品） | 安全网 (略有磨损),AK-47（纪念品） | 安全网,受限,略有磨损,229.55
双持贝瑞塔 | 暗网总机 (崭新出厂),双持贝瑞塔 | 暗网总机,工业级,崭新出厂,12.90
双持贝瑞塔 | 暗网总机 (久经沙场),双持贝瑞塔 | 暗网总机,工业级,久经沙场,11.78
双持贝瑞塔 | 暗网总机 (破损不堪),双持贝瑞塔 | 暗网总机,工业级,破损不堪,14.10
双持贝瑞塔 | 暗网总机 (战痕累累),双持贝瑞塔 | 暗网总机,工业级,战痕累累,248.50
双持贝瑞塔 | 暗网总机 (略有磨损),双持贝瑞塔 | 暗网总机,工业级,略有磨损,11.80
爪子刀（★） | 伽玛多普勒 (崭新出厂),爪子刀（★） | 伽玛多普勒,隐秘,崭新出厂,10947.00
爪子刀（★） | 伽玛多普勒 (略有磨损),爪子刀（★） | 伽玛多普勒,隐秘,略有磨损,
新星 | 石墨黑 (崭新出厂),新星 | 石墨黑,受限,崭新出厂,97.81
新星 | 石墨黑 (略有磨损),新星 | 石墨黑,受限,略有磨损,114.00
P90（StatTrak™） | 冷血无情 (崭新出厂),P90（StatTrak™） | 冷血无情,军规级,崭新出厂,22.60
P90（StatTrak™） | 冷血无情 (久经沙场),P90（StatTrak™） | 冷血无情,军规级,久经沙场,2.30
P90（StatTrak™） | 冷血无情 (破损不堪),P90（StatTrak™） | 冷血无情,军规级,破损不堪,11.16
P90（StatTrak™） | 冷血无情 (战痕累累),P90（StatTrak™） | 冷血无情,军规级,战痕累累,2.17
P90（StatTrak™） | 冷血无情 (略有磨损),P90（StatTrak™） | 冷血无情,军规级,略有磨损,4.00
M4A4（StatTrak™） | 黑色魅影 (崭新出厂),M4A4（StatTrak™） | 黑色魅影,隐秘,崭新出厂,729.84
M4A4（StatTrak™） | 黑色魅影 (久经沙场),M4A4（StatTrak™） | 黑色魅影,隐秘,久经沙场,83.40
M4A4（StatTrak™） | 黑色魅影 (破损不堪),M4A4（StatTrak™） | 黑色魅影,隐秘,破损不堪,90.88
M4A4（StatTrak™） | 黑色魅影 (战痕累累),M4A4（StatTrak™） | 黑色魅影,隐秘,战痕累累,75.00
M4A4（StatTrak™） | 黑色魅影 (略有磨损),M4A4（StatTrak™） | 黑色魅影,隐秘,略有磨损,244.00
截短霰弹枪（StatTrak™） | 么么 (崭新出厂),截短霰弹枪（StatTrak™） | 么么,保密,崭新出厂,320.00
截短霰弹枪（StatTrak™） | 么么 (久经沙场),截短霰弹枪（StatTrak™） | 么么,保密,久经沙场,57.99
截短霰弹枪（StatTrak™） | 么么 (破损不堪),截短霰弹枪（StatTrak™） | 么么,保密,破损不堪,50.00
截短霰弹枪（StatTrak™） | 么么 (战痕累累),截短霰弹枪（StatTrak™） | 么么,保密,战痕累累,38.66
截短霰弹枪（StatTrak™） | 么么 (略有磨损),截短霰弹枪（StatTrak™） | 么么,保密,略有磨损,109.99
MAC-10 | 销声 (崭新出厂),MAC-10 | 销声,受限,崭新出厂,10.69
MAC-10 | 销声 (久经沙场),MAC-10 | 销声,受限,久经沙场,3.76
MAC-10 | 销声 (破损不堪),MAC-10 | 销声,受限,破损不堪,4.00
MAC-10 | 销声 (战痕累累),MAC-10 | 销声,受限,战痕累累,2.93
MAC-10 | 销声 (略有磨损),MAC-10 | 销声,受限,略有磨损,5.66
爪子刀（★） | 自动化 (崭新出厂),爪子刀（★） | 自动化,隐秘,崭新出厂,16000.00
爪子刀（★） | 自动化 (久经沙场),爪子刀（★） | 自动化,隐秘,久经沙场,8558.43
爪子刀（★） | 自动化 (破损不堪),爪子刀（★） | 自动化,隐秘,破损不堪,8300.00
爪子刀（★） | 自动化 (战痕累累),爪子刀（★） | 自动化,隐秘,战痕累累,6199.00
爪子刀（★） | 自动化 (略有磨损),爪子刀（★） | 自动化,隐秘,略有磨损,11180.00
M4A4（StatTrak™） | 战场之星 (崭新出厂),M4A4（StatTrak™） | 战场之星,隐秘,崭新出厂,785.00
M4A4（StatTrak™） | 战场之星 (久经沙场),M4A4（StatTrak™） | 战场之星,隐秘,久经沙场,115.00
M4A4（StatTrak™） | 战场之星 (破损不堪),M4A4（StatTrak™） | 战场之星,隐秘,破损不堪,
M4A4（StatTrak™） | 战场之星 (战痕累累),M4A4（StatTrak™） | 战场之星,隐秘,战痕累累,98.50
M4A4（StatTrak™） | 战场之星 (略有磨损),M4A4（StatTrak™） | 战场之星,隐秘,略有磨损,250.00
P250 | 钢铁禁锢 (崭新出厂),P250 | 钢铁禁锢,军规级,崭新出厂,20.00
P250 | 钢铁禁锢 (久经沙场),P250 | 钢铁禁锢,军规级,久经沙场,
P250 | 钢铁禁锢 (略有磨损),P250 | 钢铁禁锢,军规级,略有磨损,13.00
新星 | 暴怒野兽 (崭新出厂),新星 | 暴怒野兽,保密,崭新出厂,236.09
新星 | 暴怒野兽 (久经沙场),新星 | 暴怒野兽,保密,久经沙场,90.95
新星 | 暴怒野兽 (破损不堪),新星 | 暴怒野兽,保密,破损不堪,95.00
新星 | 暴怒野兽 (战痕累累),新星 | 暴怒野兽,保密,战痕累累,
新星 | 暴怒野兽 (略有磨损),新星 | 暴怒野兽,保密,略有磨损,135.00
MAC-10（StatTrak™） | 冉吉 (崭新出厂),MAC-10（StatTrak™） | 冉吉,军规级,崭新出厂,8.82
MAC-10（StatTrak™） | 冉吉 (久经沙场),MAC-10（StatTrak™） | 冉吉,军规级,久经沙场,2.62
MAC-10（StatTrak™） | 冉吉 (破损不堪),MAC-10（StatTrak™） | 冉吉,军规级,破损不堪,7.51
MAC-10（StatTrak™） | 冉吉 (战痕累累),MAC-10（StatTrak™） | 冉吉,军规级,战痕累累,9.00
MAC-10（StatTrak™） | 冉吉 (略有磨损),MAC-10（StatTrak™） | 冉吉,军规级,略有磨损,4.45
G3SG1（纪念品） | 丛林虚线 (崭新出厂),G3SG1（纪念品） | 丛林虚线,消费级,崭新出厂,
G3SG1（纪念品） | 丛林虚线 (久经沙场),G3SG1（纪念品） | 丛林虚线,消费级,久经沙场,75.00
G3SG1（纪念品） | 丛林虚线 (破损不堪),G3SG1（纪念品） | 丛林虚线,消费级,破损不堪,
G3SG1（纪念品） | 丛林虚线 (战痕累累),G3SG1（纪念品） | 丛林虚线,消费级,战痕累累,
G3SG1（纪念品） | 丛林虚线 (略有磨损),G3SG1（纪念品） | 丛林虚线,消费级,略有磨损,1000.00
刺刀（★ StatTrak™） | 渐变大理石 (崭新出厂),刺刀（★ StatTrak™） | 渐变大理石,隐秘,崭新出厂,6787.99
刺刀（★ StatTrak™） | 渐变大理石 (略有磨损),刺刀（★ StatTrak™） | 渐变大理石,隐秘,略有磨损,11000.00
双持贝瑞塔 | 都市冲击 (崭新出厂),双持贝瑞塔 | 都市冲击,受限,崭新出厂,23.66
双持贝瑞塔 | 都市冲击 (久经沙场),双持贝瑞塔 | 都市冲击,受限,久经沙场,7.22
双持贝瑞塔 | 都市冲击 (破损不堪),双持贝瑞塔 | 都市冲击,受限,破损不堪,8.00
双持贝瑞塔 | 都市冲击 (战痕累累),双持贝瑞塔 | 都市冲击,受限,战痕累累,41.95
双持贝瑞塔 | 都市冲击 (略有磨损),双持贝瑞塔 | 都市冲击,受限,略有磨损,13.45
P90（StatTrak™） | 大怪兽 RUSH (崭新出厂),P90（StatTrak™） | 大怪兽 RUSH,军规级,崭新出厂,12.81
P90（StatTrak™） | 大怪兽 RUSH (久经沙场),P90（StatTrak™） | 大怪兽 RUSH,军规级,久经沙场,3.03
P90（StatTrak™） | 大怪兽 RUSH (破损不堪),P90（StatTrak™） | 大怪兽 RUSH,军规级,破损不堪,3.35
P90（StatTrak™） | 大怪兽 RUSH (战痕累累),P90（StatTrak™） | 大怪兽 RUSH,军规级,战痕累累,2.37
P90（StatTrak™） | 大怪兽 RUSH (略有磨损),P90（StatTrak™） | 大怪兽 RUSH,军规级,略有磨损,5.60
新星 | 索贝克之噬 (崭新出厂),新星 | 索贝克之噬,受限,崭新出厂,192.00
新星 | 索贝克之噬 (久经沙场),新星 | 索贝克之噬,受限,久经沙场,98.00
新星 | 索贝克之噬 (破损不堪),新星 | 索贝克之噬,受限,破损不堪,85.04
新星 | 索贝克之噬 (战痕累累),新星 | 索贝克之噬,受限,战痕累累,69.00
新星 | 索贝克之噬 (略有磨损),新星 | 索贝克之噬,受限,略有磨损,150.78
M4A1 消音型（StatTrak™） | 毁灭者 2000 (崭新出厂),M4A1 消音型（StatTrak™） | 毁灭者 2000,保密,崭新出厂,500.00
M4A1 消音型（StatTrak™） | 毁灭者 2000 (久经沙场),M4A1 消音型（StatTrak™） | 毁灭者 2000,保密,久经沙场,153.00
M4A1 消音型（StatTrak™） | 毁灭者 2000 (破损不堪),M4A1 消音型（StatTrak™） | 毁灭者 2000,保密,破损不堪,
M4A1 消音型（StatTrak™） | 毁灭者 2000 (战痕累累),M4A1 消音型（StatTrak™） | 毁灭者 2000,保密,战痕累累,150.00
M4A1 消音型（StatTrak™） | 毁灭者 2000 (略有磨损),M4A1 消音型（StatTrak™） | 毁灭者 2000,保密,略有磨损,242.50
爪子刀（★ StatTrak™） | 渐变大理石 (崭新出厂),爪子刀（★ StatTrak™） | 渐变大理石,隐秘,崭新出厂,15899.00
爪子刀（★ StatTrak™） | 渐变大理石 (略有磨损),爪子刀（★ StatTrak™） | 渐变大理石,隐秘,略有磨损,11588.00
PP-野牛（纪念品） | 红苹果 (崭新出厂),PP-野牛（纪念品） | 红苹果,工业级,崭新出厂,11.75
PP-野牛（纪念品） | 红苹果 (久经沙场),PP-野牛（纪念品） | 红苹果,工业级,久经沙场,4.65
PP-野牛（纪念品） | 红苹果 (略有磨损),PP-野牛（纪念品） | 红苹果,工业级,略有磨损,5.19
Tec-9（纪念品） | 多变迷彩 (崭新出厂),Tec-9（纪念品） | 多变迷彩,工业级,崭新出厂,48.00
Tec-9（纪念品） | 多变迷彩 (久经沙场),Tec-9（纪念品） | 多变迷彩,工业级,久经沙场,8.77
Tec-9（纪念品） | 多变迷彩 (破损不堪),Tec-9（纪念品） | 多变迷彩,工业级,破损不堪,30.00
Tec-9（纪念品） | 多变迷彩 (战痕累累),Tec-9（纪念品） | 多变迷彩,工业级,战痕累累,63.75
Tec-9（纪念品） | 多变迷彩 (略有磨损),Tec-9（纪念品） | 多变迷彩,工业级,略有磨损,14.86
MAG-7（纪念品） | 棱彩阶梯 (崭新出厂),MAG-7（纪念品） | 棱彩阶梯,受限,崭新出厂,199.88
MAG-7（纪念品） | 棱彩阶梯 (久经沙场),MAG-7（纪念品） | 棱彩阶梯,受限,久经沙场,60.00
MAG-7（纪念品） | 棱彩阶梯 (略有磨损),MAG-7（纪念品） | 棱彩阶梯,受限,略有磨损,264.85
爪子刀（★ StatTrak™） | 自动化 (崭新出厂),爪子刀（★ StatTrak™） | 自动化,隐秘,崭新出厂,
爪子刀（★ StatTrak™） | 自动化 (久经沙场),爪子刀（★ StatTrak™） | 自动化,隐秘,久经沙场,8270.72
爪子刀（★ StatTrak™） | 自动化 (破损不堪),爪子刀（★ StatTrak™） | 自动化,隐秘,破损不堪,
爪子刀（★ StatTrak™） | 自动化 (战痕累累),爪子刀（★ StatTrak™） | 自动化,隐秘,战痕累累,7000.00
爪子刀（★ StatTrak™） | 自动化 (略有磨损),爪子刀（★ StatTrak™） | 自动化,隐秘,略有磨损,10300.00
MAC-10 | 魅惑 (崭新出厂),MAC-10 | 魅惑,受限,崭新出厂,11.11
MAC-10 | 魅惑 (久经沙场),MAC-10 | 魅惑,受限,久经沙场,3.02
MAC-10 | 魅惑 (破损不堪),MAC-10 | 魅惑,受限,破损不堪,3.29
MAC-10 | 魅惑 (战痕累累),MAC-10 | 魅惑,受限,战痕累累,2.83
MAC-10 | 魅惑 (略有磨损),MAC-10 | 魅惑,受限,略有磨损,5.55
XM1014（StatTrak™） | 宁静 (崭新出厂),XM1014（StatTrak™） | 宁静,保密,崭新出厂,466.56
XM1014（StatTrak™） | 宁静 (久经沙场),XM1014（StatTrak™） | 宁静,保密,久经沙场,85.87
XM1014（StatTrak™） | 宁静 (破损不堪),XM1014（StatTrak™） | 宁静,保密,破损不堪,
XM1014（StatTrak™） | 宁静 (战痕累累),XM1014（StatTrak™） | 宁静,保密,战痕累累,
XM1014（StatTrak™） | 宁静 (略有磨损),XM1014（StatTrak™） | 宁静,保密,略有磨损,166.33
Tec-9（StatTrak™） | 战火重燃 (崭新出厂),Tec-9（StatTrak™） | 战火重燃,受限,崭新出厂,27.33
Tec-9（StatTrak™） | 战火重燃 (久经沙场),Tec-9（StatTrak™） | 战火重燃,受限,久经沙场,5.99
Tec-9（StatTrak™） | 战火重燃 (破损不堪),Tec-9（StatTrak™） | 战火重燃,受限,破损不堪,9.90
Tec-9（StatTrak™） | 战火重燃 (略有磨损),Tec-9（StatTrak™） | 战火重燃,受限,略有磨损,12.75
爪子刀（★ StatTrak™） | 表面淬火 (崭新出厂),爪子刀（★ StatTrak™） | 表面淬火,隐秘,崭新出厂,
爪子刀（★ StatTrak™） | 表面淬火 (久经沙场),爪子刀（★ StatTrak™） | 表面淬火,隐秘,久经沙场,13333.00
爪子刀（★ StatTrak™） | 表面淬火 (破损不堪),爪子刀（★ StatTrak™） | 表面淬火,隐秘,破损不堪,7000.00
爪子刀（★ StatTrak™） | 表面淬火 (战痕累累),爪子刀（★ StatTrak™） | 表面淬火,隐秘,战痕累累,
爪子刀（★ StatTrak™） | 表面淬火 (略有磨损),爪子刀（★ StatTrak™） | 表面淬火,隐秘,略有磨损,12100.00
新星 | 流沙 (崭新出厂),新星 | 流沙,军规级,崭新出厂,153.31
新星 | 流沙 (久经沙场),新星 | 流沙,军规级,久经沙场,120.00
新星 | 流沙 (破损不堪),新星 | 流沙,军规级,破损不堪,
新星 | 流沙 (战痕累累),新星 | 流沙,军规级,战痕累累,
新星 | 流沙 (略有磨损),新星 | 流沙,军规级,略有磨损,150.00
M9 刺刀（★ StatTrak™） | 深红之网 (崭新出厂),M9 刺刀（★ StatTrak™） | 深红之网,隐秘,崭新出厂,
M9 刺刀（★ StatTrak™） | 深红之网 (久经沙场),M9 刺刀（★ StatTrak™） | 深红之网,隐秘,久经沙场,5088.00
M9 刺刀（★ StatTrak™） | 深红之网 (破损不堪),M9 刺刀（★ StatTrak™） | 深红之网,隐秘,破损不堪,
M9 刺刀（★ StatTrak™） | 深红之网 (战痕累累),M9 刺刀（★ StatTrak™） | 深红之网,隐秘,战痕累累,18888.00
M9 刺刀（★ StatTrak™） | 深红之网 (略有磨损),M9 刺刀（★ StatTrak™） | 深红之网,隐秘,略有磨损,12500.00
MAC-10 | 小牛皮 (崭新出厂),MAC-10 | 小牛皮,工业级,崭新出厂,4.75
MAC-10 | 小牛皮 (久经沙场),MAC-10 | 小牛皮,工业级,久经沙场,0.70
MAC-10 | 小牛皮 (破损不堪),MAC-10 | 小牛皮,工业级,破损不堪,0.74
MAC-10 | 小牛皮 (战痕累累),MAC-10 | 小牛皮,工业级,战痕累累,0.72
MAC-10 | 小牛皮 (略有磨损),MAC-10 | 小牛皮,工业级,略有磨损,1.18
格洛克 18 型（StatTrak™） | 城里的月光 (崭新出厂),格洛克 18 型（StatTrak™） | 城里的月光,受限,崭新出厂,22.99
格洛克 18 型（StatTrak™） | 城里的月光 (久经沙场),格洛克 18 型（StatTrak™） | 城里的月光,受限,久经沙场,4.82
格洛克 18 型（StatTrak™） | 城里的月光 (破损不堪),格洛克 18 型（StatTrak™） | 城里的月光,受限,破损不堪,10.27
格洛克 18 型（StatTrak™） | 城里的月光 (战痕累累),格洛克 18 型（StatTrak™） | 城里的月光,受限,战痕累累,4.04
格洛克 18 型（StatTrak™） | 城里的月光 (略有磨损),格洛克 18 型（StatTrak™） | 城里的月光,受限,略有磨损,10.58
AWP（StatTrak™） | 精英之作 (崭新出厂),AWP（StatTrak™） | 精英之作,保密,崭新出厂,588.32
AWP（StatTrak™） | 精英之作 (久经沙场),AWP（StatTrak™） | 精英之作,保密,久经沙场,160.00
AWP（StatTrak™） | 精英之作 (破损不堪),AWP（StatTrak™） | 精英之作,保密,破损不堪,165.00
AWP（StatTrak™） | 精英之作 (战痕累累),AWP（StatTrak™） | 精英之作,保密,战痕累累,142.00
AWP（StatTrak™） | 精英之作 (略有磨损),AWP（StatTrak™） | 精英之作,保密,略有磨损,259.99
MP7（StatTrak™） | 卷云 (崭新出厂),MP7（StatTrak™） | 卷云,军规级,崭新出厂,18.80
MP7（StatTrak™） | 卷云 (久经沙场),MP7（StatTrak™） | 卷云,军规级,久经沙场,2.00
MP7（StatTrak™） | 卷云 (破损不堪),MP7（StatTrak™） | 卷云,军规级,破损不堪,7.22
MP7（StatTrak™） | 卷云 (战痕累累),MP7（StatTrak™） | 卷云,军规级,战痕累累,2.40
MP7（StatTrak™） | 卷云 (略有磨损),MP7（StatTrak™） | 卷云,军规级,略有磨损,5.83
XM1014（纪念品） | 蓝色云杉 (崭新出厂),XM1014（纪念品） | 蓝色云杉,消费级,崭新出厂,
XM1014（纪念品） | 蓝色云杉 (久经沙场),XM1014（纪念品） | 蓝色云杉,消费级,久经沙场,60.00
XM1014（纪念品） | 蓝色云杉 (破损不堪),XM1014（纪念品） | 蓝色云杉,消费级,破损不堪,650.00
XM1014（纪念品） | 蓝色云杉 (战痕累累),XM1014（纪念品） | 蓝色云杉,消费级,战痕累累,
XM1014（纪念品） | 蓝色云杉 (略有磨损),XM1014（纪念品） | 蓝色云杉,消费级,略有磨损,86.25
SG 553（StatTrak™） | 四号栖息地 (崭新出厂),SG 553（StatTrak™） | 四号栖息地,保密,崭新出厂,610.28
SG 553（StatTrak™） | 四号栖息地 (久经沙场),SG 553（StatTrak™） | 四号栖息地,保密,久经沙场,110.00
SG 553（StatTrak™） | 四号栖息地 (破损不堪),SG 553（StatTrak™） | 四号栖息地,保密,破损不堪,84.80
SG 553（StatTrak™） | 四号栖息地 (战痕累累),SG 553（StatTrak™） | 四号栖息地,保密,战痕累累,99.00
SG 553（StatTrak™） | 四号栖息地 (略有磨损),SG 553（StatTrak™） | 四号栖息地,保密,略有磨损,254.00
CZ75 | 深红之网 (崭新出厂),CZ75 | 深红之网,军规级,崭新出厂,92.00
CZ75 | 深红之网 (久经沙场),CZ75 | 深红之网,军规级,久经沙场,9.89
CZ75 | 深红之网 (破损不堪),CZ75 | 深红之网,军规级,破损不堪,50.00
CZ75 | 深红之网 (战痕累累),CZ75 | 深红之网,军规级,战痕累累,55.34
CZ75 | 深红之网 (略有磨损),CZ75 | 深红之网,军规级,略有磨损,12.28
爪子刀（★ StatTrak™） | 深红之网 (崭新出厂),爪子刀（★ StatTrak™） | 深红之网,隐秘,崭新出厂,
爪子刀（★ StatTrak™） | 深红之网 (久经沙场),爪子刀（★ StatTrak™） | 深红之网,隐秘,久经沙场,
爪子刀（★ StatTrak™） | 深红之网 (破损不堪),爪子刀（★ StatTrak™） | 深红之网,隐秘,破损不堪,6200.00
爪子刀（★ StatTrak™） | 深红之网 (战痕累累),爪子刀（★ StatTrak™） | 深红之网,隐秘,战痕累累,
爪子刀（★ StatTrak™） | 深红之网 (略有磨损),爪子刀（★ StatTrak™） | 深红之网,隐秘,略有磨损,10200.00
截短霰弹枪（StatTrak™） | 北海巨妖 (崭新出厂),截短霰弹枪（StatTrak™） | 北海巨妖,隐秘,崭新出厂,300.00
截短霰弹枪（StatTrak™） | 北海巨妖 (久经沙场),截短霰弹枪（StatTrak™） | 北海巨妖,隐秘,久经沙场,
截短霰弹枪（StatTrak™） | 北海巨妖 (破损不堪),截短霰弹枪（StatTrak™） | 北海巨妖,隐秘,破损不堪,
截短霰弹枪（StatTrak™） | 北海巨妖 (略有磨损),截短霰弹枪（StatTrak™） | 北海巨妖,隐秘,略有磨损,199.50
P2000（StatTrak™） | 酸蚀 (崭新出厂),P2000（StatTrak™） | 酸蚀,受限,崭新出厂,51.78
P2000（StatTrak™） | 酸蚀 (久经沙场),P2000（StatTrak™） | 酸蚀,受限,久经沙场,6.00
P2000（StatTrak™） | 酸蚀 (破损不堪),P2000（StatTrak™） | 酸蚀,受限,破损不堪,6.76
P2000（StatTrak™） | 酸蚀 (战痕累累),P2000（StatTrak™） | 酸蚀,受限,战痕累累,5.86
P2000（StatTrak™） | 酸蚀 (略有磨损),P2000（StatTrak™） | 酸蚀,受限,略有磨损,12.74
M9 刺刀（★） | 深红之网 (崭新出厂),M9 刺刀（★） | 深红之网,隐秘,崭新出厂,55000.00
M9 刺刀（★） | 深红之网 (久经沙场),M9 刺刀（★） | 深红之网,隐秘,久经沙场,5009.98
M9 刺刀（★） | 深红之网 (破损不堪),M9 刺刀（★） | 深红之网,隐秘,破损不堪,4498.00
M9 刺刀（★） | 深红之网 (战痕累累),M9 刺刀（★） | 深红之网,隐秘,战痕累累,6200.00
M9 刺刀（★） | 深红之网 (略有磨损),M9 刺刀（★） | 深红之网,隐秘,略有磨损,12698.00
MP5-SD | 猛烈冲锋 (崭新出厂),MP5-SD | 猛烈冲锋,受限,崭新出厂,10.78
MP5-SD | 猛烈冲锋 (久经沙场),MP5-SD | 猛烈冲锋,受限,久经沙场,2.97
MP5-SD | 猛烈冲锋 (破损不堪),MP5-SD | 猛烈冲锋,受限,破损不堪,3.40
MP5-SD | 猛烈冲锋 (战痕累累),MP5-SD | 猛烈冲锋,受限,战痕累累,2.69
MP5-SD | 猛烈冲锋 (略有磨损),MP5-SD | 猛烈冲锋,受限,略有磨损,6.23
MAG-7 | 坚固链甲 (崭新出厂),MAG-7 | 坚固链甲,工业级,崭新出厂,116.20
MAG-7 | 坚固链甲 (久经沙场),MAG-7 | 坚固链甲,工业级,久经沙场,105.00
MAG-7 | 坚固链甲 (略有磨损),MAG-7 | 坚固链甲,工业级,略有磨损,200.00
格洛克 18 型 | 噩梦之夜 (崭新出厂),格洛克 18 型 | 噩梦之夜,工业级,崭新出厂,285.84
格洛克 18 型 | 噩梦之夜 (久经沙场),格洛克 18 型 | 噩梦之夜,工业级,久经沙场,8.25
格洛克 18 型 | 噩梦之夜 (破损不堪),格洛克 18 型 | 噩梦之夜,工业级,破损不堪,12.50
格洛克 18 型 | 噩梦之夜 (战痕累累),格洛克 18 型 | 噩梦之夜,工业级,战痕累累,9.65
格洛克 18 型 | 噩梦之夜 (略有磨损),格洛克 18 型 | 噩梦之夜,工业级,略有磨损,14.30
加利尔 AR | 凤凰冥灯 (崭新出厂),加利尔 AR | 凤凰冥灯,受限,崭新出厂,294.80
加利尔 AR | 凤凰冥灯 (久经沙场),加利尔 AR | 凤凰冥灯,受限,久经沙场,209.08
加利尔 AR | 凤凰冥灯 (破损不堪),加利尔 AR | 凤凰冥灯,受限,破损不堪,218.86
加利尔 AR | 凤凰冥灯 (战痕累累),加利尔 AR | 凤凰冥灯,受限,战痕累累,
加利尔 AR | 凤凰冥灯 (略有磨损),加利尔 AR | 凤凰冥灯,受限,略有磨损,236.93
P250 | 翼击 (崭新出厂),P250 | 翼击,受限,崭新出厂,30.00
P250 | 翼击 (久经沙场),P250 | 翼击,受限,久经沙场,7.89
P250 | 翼击 (破损不堪),P250 | 翼击,受限,破损不堪,9.75
P250 | 翼击 (战痕累累),P250 | 翼击,受限,战痕累累,7.96
P250 | 翼击 (略有磨损),P250 | 翼击,受限,略有磨损,15.74
蝴蝶刀（★ StatTrak™） | 自动化 (崭新出厂),蝴蝶刀（★ StatTrak™） | 自动化,隐秘,崭新出厂,22175.80
蝴蝶刀（★ StatTrak™） | 自动化 (久经沙场),蝴蝶刀（★ StatTrak™） | 自动化,隐秘,久经沙场,9978.01
蝴蝶刀（★ StatTrak™） | 自动化 (破损不堪),蝴蝶刀（★ StatTrak™） | 自动化,隐秘,破损不堪,
蝴蝶刀（★ StatTrak™） | 自动化 (战痕累累),蝴蝶刀（★ StatTrak™） | 自动化,隐秘,战痕累累,8500.00
蝴蝶刀（★ StatTrak™） | 自动化 (略有磨损),蝴蝶刀（★ StatTrak™） | 自动化,隐秘,略有磨损,12888.00
MAC-10（纪念品） | 都市 DDPAT (崭新出厂),MAC-10（纪念品） | 都市 DDPAT,消费级,崭新出厂,60.00
MAC-10（纪念品） | 都市 DDPAT (久经沙场),MAC-10（纪念品） | 都市 DDPAT,消费级,久经沙场,0.79
MAC-10（纪念品） | 都市 DDPAT (破损不堪),MAC-10（纪念品） | 都市 DDPAT,消费级,破损不堪,6.60
MAC-10（纪念品） | 都市 DDPAT (战痕累累),MAC-10（纪念品） | 都市 DDPAT,消费级,战痕累累,0.96
MAC-10（纪念品） | 都市 DDPAT (略有磨损),MAC-10（纪念品） | 都市 DDPAT,消费级,略有磨损,5.72
AWP（StatTrak™） | 珊瑚树 (崭新出厂),AWP（StatTrak™） | 珊瑚树,保密,崭新出厂,698.10
AWP（StatTrak™） | 珊瑚树 (久经沙场),AWP（StatTrak™） | 珊瑚树,保密,久经沙场,218.00
AWP（StatTrak™） | 珊瑚树 (略有磨损),AWP（StatTrak™） | 珊瑚树,保密,略有磨损,266.60
截短霰弹枪（StatTrak™） | 橙黄 DDPAT (崭新出厂),截短霰弹枪（StatTrak™） | 橙黄 DDPAT,受限,崭新出厂,
截短霰弹枪（StatTrak™） | 橙黄 DDPAT (久经沙场),截短霰弹枪（StatTrak™） | 橙黄 DDPAT,受限,久经沙场,365.00
截短霰弹枪（StatTrak™） | 橙黄 DDPAT (破损不堪),截短霰弹枪（StatTrak™） | 橙黄 DDPAT,受限,破损不堪,
截短霰弹枪（StatTrak™） | 橙黄 DDPAT (战痕累累),截短霰弹枪（StatTrak™） | 橙黄 DDPAT,受限,战痕累累,
截短霰弹枪（StatTrak™） | 橙黄 DDPAT (略有磨损),截短霰弹枪（StatTrak™） | 橙黄 DDPAT,受限,略有磨损,
CZ75（StatTrak™） | 螺形扭转 (崭新出厂),CZ75（StatTrak™） | 螺形扭转,军规级,崭新出厂,22.50
CZ75（StatTrak™） | 螺形扭转 (久经沙场),CZ75（StatTrak™） | 螺形扭转,军规级,久经沙场,18.00
CZ75（StatTrak™） | 螺形扭转 (破损不堪),CZ75（StatTrak™） | 螺形扭转,军规级,破损不堪,
CZ75（StatTrak™） | 螺形扭转 (战痕累累),CZ75（StatTrak™） | 螺形扭转,军规级,战痕累累,17.99
CZ75（StatTrak™） | 螺形扭转 (略有磨损),CZ75（StatTrak™） | 螺形扭转,军规级,略有磨损,13.95
PP-野牛（纪念品） | 都市虚线 (崭新出厂),PP-野牛（纪念品） | 都市虚线,消费级,崭新出厂,
PP-野牛（纪念品） | 都市虚线 (久经沙场),PP-野牛（纪念品） | 都市虚线,消费级,久经沙场,1.94
PP-野牛（纪念品） | 都市虚线 (破损不堪),PP-野牛（纪念品） | 都市虚线,消费级,破损不堪,5.50
PP-野牛（纪念品） | 都市虚线 (战痕累累),PP-野牛（纪念品） | 都市虚线,消费级,战痕累累,1.94
PP-野牛（纪念品） | 都市虚线 (略有磨损),PP-野牛（纪念品） | 都市虚线,消费级,略有磨损,6.26
AK-47（StatTrak™） | 卡特尔 (崭新出厂),AK-47（StatTrak™） | 卡特尔,保密,崭新出厂,494.02
AK-47（StatTrak™） | 卡特尔 (久经沙场),AK-47（StatTrak™） | 卡特尔,保密,久经沙场,180.00
AK-47（StatTrak™） | 卡特尔 (破损不堪),AK-47（StatTrak™） | 卡特尔,保密,破损不堪,219.50
AK-47（StatTrak™） | 卡特尔 (战痕累累),AK-47（StatTrak™） | 卡特尔,保密,战痕累累,200.00
AK-47（StatTrak™） | 卡特尔 (略有磨损),AK-47（StatTrak™） | 卡特尔,保密,略有磨损,265.00
双持贝瑞塔 | 蔷薇 (崭新出厂),双持贝瑞塔 | 蔷薇,消费级,崭新出厂,17.58
双持贝瑞塔 | 蔷薇 (久经沙场),双持贝瑞塔 | 蔷薇,消费级,久经沙场,12.84
双持贝瑞塔 | 蔷薇 (略有磨损),双持贝瑞塔 | 蔷薇,消费级,略有磨损,12.55
P90 | 夺命器 (崭新出厂),P90 | 夺命器,受限,崭新出厂,12.00
P90 | 夺命器 (久经沙场),P90 | 夺命器,受限,久经沙场,2.74
P90 | 夺命器 (破损不堪),P90 | 夺命器,受限,破损不堪,6.51
P90 | 夺命器 (战痕累累),P90 | 夺命器,受限,战痕累累,4.36
P90 | 夺命器 (略有磨损),P90 | 夺命器,受限,略有磨损,5.92
新星（StatTrak™） | 樱花之绚烂 (崭新出厂),新星（StatTrak™） | 樱花之绚烂,保密,崭新出厂,1000.00
新星（StatTrak™） | 樱花之绚烂 (久经沙场),新星（StatTrak™） | 樱花之绚烂,保密,久经沙场,84.15
新星（StatTrak™） | 樱花之绚烂 (破损不堪),新星（StatTrak™） | 樱花之绚烂,保密,破损不堪,
新星（StatTrak™） | 樱花之绚烂 (战痕累累),新星（StatTrak™） | 樱花之绚烂,保密,战痕累累,100.00
新星（StatTrak™） | 樱花之绚烂 (略有磨损),新星（StatTrak™） | 樱花之绚烂,保密,略有磨损,250.00
M4A1 消音型（纪念品） | 多变迷彩 (崭新出厂),M4A1 消音型（纪念品） | 多变迷彩,军规级,崭新出厂,448.60
M4A1 消音型（纪念品） | 多变迷彩 (久经沙场),M4A1 消音型（纪念品） | 多变迷彩,军规级,久经沙场,97.42
M4A1 消音型（纪念品） | 多变迷彩 (破损不堪),M4A1 消音型（纪念品） | 多变迷彩,军规级,破损不堪,140.00
M4A1 消音型（纪念品） | 多变迷彩 (战痕累累),M4A1 消音型（纪念品） | 多变迷彩,军规级,战痕累累,
M4A1 消音型（纪念品） | 多变迷彩 (略有磨损),M4A1 消音型（纪念品） | 多变迷彩,军规级,略有磨损,266.12
双持贝瑞塔（StatTrak™） | 左右开花 (崭新出厂),双持贝瑞塔（StatTrak™） | 左右开花,军规级,崭新出厂,80.00
双持贝瑞塔（StatTrak™） | 左右开花 (久经沙场),双持贝瑞塔（StatTrak™） | 左右开花,军规级,久经沙场,6.52
双持贝瑞塔（StatTrak™） | 左右开花 (破损不堪),双持贝瑞塔（StatTrak™） | 左右开花,军规级,破损不堪,4.35
双持贝瑞塔（StatTrak™） | 左右开花 (战痕累累),双持贝瑞塔（StatTrak™） | 左右开花,军规级,战痕累累,8.37
双持贝瑞塔（StatTrak™） | 左右开花 (略有磨损),双持贝瑞塔（StatTrak™） | 左右开花,军规级,略有磨损,15.00
XM1014 | 太古传说 (崭新出厂),XM1014 | 太古传说,受限,崭新出厂,341.81
XM1014 | 太古传说 (久经沙场),XM1014 | 太古传说,受限,久经沙场,249.50
XM1014 | 太古传说 (破损不堪),XM1014 | 太古传说,受限,破损不堪,
XM1014 | 太古传说 (战痕累累),XM1014 | 太古传说,受限,战痕累累,
XM1014 | 太古传说 (略有磨损),XM1014 | 太古传说,受限,略有磨损,317.08
P90 | 摧枯拉朽 (崭新出厂),P90 | 摧枯拉朽,军规级,崭新出厂,8.18
P90 | 摧枯拉朽 (久经沙场),P90 | 摧枯拉朽,军规级,久经沙场,3.97
P90 | 摧枯拉朽 (破损不堪),P90 | 摧枯拉朽,军规级,破损不堪,6.84
P90 | 摧枯拉朽 (战痕累累),P90 | 摧枯拉朽,军规级,战痕累累,4.93
P90 | 摧枯拉朽 (略有磨损),P90 | 摧枯拉朽,军规级,略有磨损,5.92
M4A1 消音型 | 机械工业 (崭新出厂),M4A1 消音型 | 机械工业,隐秘,崭新出厂,440.69
M4A1 消音型 | 机械工业 (久经沙场),M4A1 消音型 | 机械工业,隐秘,久经沙场,158.47
M4A1 消音型 | 机械工业 (破损不堪),M4A1 消音型 | 机械工业,隐秘,破损不堪,219.99
M4A1 消音型 | 机械工业 (战痕累累),M4A1 消音型 | 机械工业,隐秘,战痕累累,133.69
M4A1 消音型 | 机械工业 (略有磨损),M4A1 消音型 | 机械工业,隐秘,略有磨损,262.45
R8 左轮手枪 | 炽烈之炎 (崭新出厂),R8 左轮手枪 | 炽烈之炎,军规级,崭新出厂,13.98
R8 左轮手枪 | 炽烈之炎 (略有磨损),R8 左轮手枪 | 炽烈之炎,军规级,略有磨损,12.38
M4A4（StatTrak™） | 活色生香 (崭新出厂),M4A4（StatTrak™） | 活色生香,隐秘,崭新出厂,879.00
M4A4（StatTrak™） | 活色生香 (久经沙场),M4A4（StatTrak™） | 活色生香,隐秘,久经沙场,88.00
M4A4（StatTrak™） | 活色生香 (破损不堪),M4A4（StatTrak™） | 活色生香,隐秘,破损不堪,159.17
M4A4（StatTrak™） | 活色生香 (战痕累累),M4A4（StatTrak™） | 活色生香,隐秘,战痕累累,85.08
M4A4（StatTrak™） | 活色生香 (略有磨损),M4A4（StatTrak™） | 活色生香,隐秘,略有磨损,264.97
MP5-SD | 鼻青脸肿 (崭新出厂),MP5-SD | 鼻青脸肿,军规级,崭新出厂,7.00
MP5-SD | 鼻青脸肿 (久经沙场),MP5-SD | 鼻青脸肿,军规级,久经沙场,
MP5-SD | 鼻青脸肿 (破损不堪),MP5-SD | 鼻青脸肿,军规级,破损不堪,
MP5-SD | 鼻青脸肿 (战痕累累),MP5-SD | 鼻青脸肿,军规级,战痕累累,5.93
MP5-SD | 鼻青脸肿 (略有磨损),MP5-SD | 鼻青脸肿,军规级,略有磨损,6.14
MAG-7（纪念品） | 威吓者 (崭新出厂),MAG-7（纪念品） | 威吓者,受限,崭新出厂,
MAG-7（纪念品） | 威吓者 (久经沙场),MAG-7（纪念品） | 威吓者,受限,久经沙场,56.28
MAG-7（纪念品） | 威吓者 (破损不堪),MAG-7（纪念品） | 威吓者,受限,破损不堪,126.00
MAG-7（纪念品） | 威吓者 (战痕累累),MAG-7（纪念品） | 威吓者,受限,战痕累累,50.00
MAG-7（纪念品） | 威吓者 (略有磨损),MAG-7（纪念品） | 威吓者,受限,略有磨损,325.85
AK-47（StatTrak™） | 轨道 Mk01 (崭新出厂),AK-47（StatTrak™） | 轨道 Mk01,受限,崭新出厂,484.00
AK-47（StatTrak™） | 轨道 Mk01 (久经沙场),AK-47（StatTrak™） | 轨道 Mk01,受限,久经沙场,190.00
AK-47（StatTrak™） | 轨道 Mk01 (破损不堪),AK-47（StatTrak™） | 轨道 Mk01,受限,破损不堪,
AK-47（StatTrak™） | 轨道 Mk01 (战痕累累),AK-47（StatTrak™） | 轨道 Mk01,受限,战痕累累,
AK-47（StatTrak™） | 轨道 Mk01 (略有磨损),AK-47（StatTrak™） | 轨道 Mk01,受限,略有磨损,277.77
FN57（StatTrak™） | 神祗 (崭新出厂),FN57（StatTrak™） | 神祗,军规级,崭新出厂,22.00
FN57（StatTrak™） | 神祗 (久经沙场),FN57（StatTrak™） | 神祗,军规级,久经沙场,23.94
FN57（StatTrak™） | 神祗 (略有磨损),FN57（StatTrak™） | 神祗,军规级,略有磨损,14.00
MP5-SD（StatTrak™） | 零点行动 (崭新出厂),MP5-SD（StatTrak™） | 零点行动,军规级,崭新出厂,18.30
MP5-SD（StatTrak™） | 零点行动 (久经沙场),MP5-SD（StatTrak™） | 零点行动,军规级,久经沙场,3.25
MP5-SD（StatTrak™） | 零点行动 (破损不堪),MP5-SD（StatTrak™） | 零点行动,军规级,破损不堪,2.39
MP5-SD（StatTrak™） | 零点行动 (战痕累累),MP5-SD（StatTrak™） | 零点行动,军规级,战痕累累,7.00
MP5-SD（StatTrak™） | 零点行动 (略有磨损),MP5-SD（StatTrak™） | 零点行动,军规级,略有磨损,11.47
新星（StatTrak™） | 暴怒野兽 (崭新出厂),新星（StatTrak™） | 暴怒野兽,保密,崭新出厂,460.00
新星（StatTrak™） | 暴怒野兽 (久经沙场),新星（StatTrak™） | 暴怒野兽,保密,久经沙场,255.55
新星（StatTrak™） | 暴怒野兽 (破损不堪),新星（StatTrak™） | 暴怒野兽,保密,破损不堪,
新星（StatTrak™） | 暴怒野兽 (战痕累累),新星（StatTrak™） | 暴怒野兽,保密,战痕累累,
新星（StatTrak™） | 暴怒野兽 (略有磨损),新星（StatTrak™） | 暴怒野兽,保密,略有磨损,318.00
MP7（纪念品） | 硝烟 (崭新出厂),MP7（纪念品） | 硝烟,工业级,崭新出厂,100.00
MP7（纪念品） | 硝烟 (久经沙场),MP7（纪念品） | 硝烟,工业级,久经沙场,0.70
MP7（纪念品） | 硝烟 (破损不堪),MP7（纪念品） | 硝烟,工业级,破损不堪,3.00
MP7（纪念品） | 硝烟 (战痕累累),MP7（纪念品） | 硝烟,工业级,战痕累累,1.37
MP7（纪念品） | 硝烟 (略有磨损),MP7（纪念品） | 硝烟,工业级,略有磨损,6.06
SG 553 | 蛊惑之色 (崭新出厂),SG 553 | 蛊惑之色,受限,崭新出厂,244.79
SG 553 | 蛊惑之色 (略有磨损),SG 553 | 蛊惑之色,受限,略有磨损,278.94
P2000 | 红色碎片迷彩 (崭新出厂),P2000 | 红色碎片迷彩,军规级,崭新出厂,15.80
P2000 | 红色碎片迷彩 (久经沙场),P2000 | 红色碎片迷彩,军规级,久经沙场,13.68
P2000 | 红色碎片迷彩 (破损不堪),P2000 | 红色碎片迷彩,军规级,破损不堪,
P2000 | 红色碎片迷彩 (战痕累累),P2000 | 红色碎片迷彩,军规级,战痕累累,9.90
P2000 | 红色碎片迷彩 (略有磨损),P2000 | 红色碎片迷彩,军规级,略有磨损,14.20
AWP | 无畏战神 (久经沙场),AWP | 无畏战神,隐秘,久经沙场,264.74
AWP | 无畏战神 (略有磨损),AWP | 无畏战神,隐秘,略有磨损,280.00
新星（StatTrak™） | 幽灵迷彩 (崭新出厂),新星（StatTrak™） | 幽灵迷彩,军规级,崭新出厂,28.61
新星（StatTrak™） | 幽灵迷彩 (久经沙场),新星（StatTrak™） | 幽灵迷彩,军规级,久经沙场,24.80
新星（StatTrak™） | 幽灵迷彩 (破损不堪),新星（StatTrak™） | 幽灵迷彩,军规级,破损不堪,
新星（StatTrak™） | 幽灵迷彩 (略有磨损),新星（StatTrak™） | 幽灵迷彩,军规级,略有磨损,199.10
UMP-45 | 犬牙 (崭新出厂),UMP-45 | 犬牙,工业级,崭新出厂,8.33
UMP-45 | 犬牙 (久经沙场),UMP-45 | 犬牙,工业级,久经沙场,7.00
UMP-45 | 犬牙 (破损不堪),UMP-45 | 犬牙,工业级,破损不堪,8.00
UMP-45 | 犬牙 (战痕累累),UMP-45 | 犬牙,工业级,战痕累累,6.14
UMP-45 | 犬牙 (略有磨损),UMP-45 | 犬牙,工业级,略有磨损,7.41
格洛克 18 型 | 红色轮胎 (崭新出厂),格洛克 18 型 | 红色轮胎,工业级,崭新出厂,17.22
格洛克 18 型 | 红色轮胎 (久经沙场),格洛克 18 型 | 红色轮胎,工业级,久经沙场,10.91
格洛克 18 型 | 红色轮胎 (破损不堪),格洛克 18 型 | 红色轮胎,工业级,破损不堪,20.00
格洛克 18 型 | 红色轮胎 (战痕累累),格洛克 18 型 | 红色轮胎,工业级,战痕累累,18.00
格洛克 18 型 | 红色轮胎 (略有磨损),格洛克 18 型 | 红色轮胎,工业级,略有磨损,14.35
MP7 | 金库悍匪 (崭新出厂),MP7 | 金库悍匪,工业级,崭新出厂,7.77
MP7 | 金库悍匪 (久经沙场),MP7 | 金库悍匪,工业级,久经沙场,7.19
MP7 | 金库悍匪 (破损不堪),MP7 | 金库悍匪,工业级,破损不堪,12.14
MP7 | 金库悍匪 (战痕累累),MP7 | 金库悍匪,工业级,战痕累累,7.38
MP7 | 金库悍匪 (略有磨损),MP7 | 金库悍匪,工业级,略有磨损,7.03
XM1014（StatTrak™） | 焚烬之鳄 (久经沙场),XM1014（StatTrak™） | 焚烬之鳄,保密,久经沙场,21.22
XM1014（StatTrak™） | 焚烬之鳄 (破损不堪),XM1014（StatTrak™） | 焚烬之鳄,保密,破损不堪,
XM1014（StatTrak™） | 焚烬之鳄 (战痕累累),XM1014（StatTrak™） | 焚烬之鳄,保密,战痕累累,27.24
XM1014（StatTrak™） | 焚烬之鳄 (略有磨损),XM1014（StatTrak™） | 焚烬之鳄,保密,略有磨损,430.00
USP 消音版 | 次时代 (崭新出厂),USP 消音版 | 次时代,受限,崭新出厂,22.41
USP 消音版 | 次时代 (久经沙场),USP 消音版 | 次时代,受限,久经沙场,8.99
USP 消音版 | 次时代 (破损不堪),USP 消音版 | 次时代,受限,破损不堪,12.59
USP 消音版 | 次时代 (战痕累累),USP 消音版 | 次时代,受限,战痕累累,8.38
USP 消音版 | 次时代 (略有磨损),USP 消音版 | 次时代,受限,略有磨损,13.90
AK-47（StatTrak™） | 阿努比斯军团 (崭新出厂),AK-47（StatTrak™） | 阿努比斯军团,隐秘,崭新出厂,519.91
AK-47（StatTrak™） | 阿努比斯军团 (久经沙场),AK-47（StatTrak™） | 阿努比斯军团,隐秘,久经沙场,168.15
AK-47（StatTrak™） | 阿努比斯军团 (破损不堪),AK-47（StatTrak™） | 阿努比斯军团,隐秘,破损不堪,250.00
AK-47（StatTrak™） | 阿努比斯军团 (战痕累累),AK-47（StatTrak™） | 阿努比斯军团,隐秘,战痕累累,176.00
AK-47（StatTrak™） | 阿努比斯军团 (略有磨损),AK-47（StatTrak™） | 阿努比斯军团,隐秘,略有磨损,296.80
UMP-45（StatTrak™） | 城里的月光 (崭新出厂),UMP-45（StatTrak™） | 城里的月光,受限,崭新出厂,23.16
UMP-45（StatTrak™） | 城里的月光 (久经沙场),UMP-45（StatTrak™） | 城里的月光,受限,久经沙场,4.09
UMP-45（StatTrak™） | 城里的月光 (破损不堪),UMP-45（StatTrak™） | 城里的月光,受限,破损不堪,8.40
UMP-45（StatTrak™） | 城里的月光 (略有磨损),UMP-45（StatTrak™） | 城里的月光,受限,略有磨损,9.99
XM1014（纪念品） | 加州迷彩 (崭新出厂),XM1014（纪念品） | 加州迷彩,工业级,崭新出厂,1099.00
XM1014（纪念品） | 加州迷彩 (久经沙场),XM1014（纪念品） | 加州迷彩,工业级,久经沙场,
XM1014（纪念品） | 加州迷彩 (战痕累累),XM1014（纪念品） | 加州迷彩,工业级,战痕累累,
XM1014（纪念品） | 加州迷彩 (略有磨损),XM1014（纪念品） | 加州迷彩,工业级,略有磨损,450.00
Tec-9（纪念品） | 腐朽木乃伊 (崭新出厂),Tec-9（纪念品） | 腐朽木乃伊,军规级,崭新出厂,
Tec-9（纪念品） | 腐朽木乃伊 (久经沙场),Tec-9（纪念品） | 腐朽木乃伊,军规级,久经沙场,11.99
Tec-9（纪念品） | 腐朽木乃伊 (破损不堪),Tec-9（纪念品） | 腐朽木乃伊,军规级,破损不堪,8.00
Tec-9（纪念品） | 腐朽木乃伊 (战痕累累),Tec-9（纪念品） | 腐朽木乃伊,军规级,战痕累累,13.40
Tec-9（纪念品） | 腐朽木乃伊 (略有磨损),Tec-9（纪念品） | 腐朽木乃伊,军规级,略有磨损,13.88
SSG 08 | 水中之血 (崭新出厂),SSG 08 | 水中之血,隐秘,崭新出厂,480.00
SSG 08 | 水中之血 (久经沙场),SSG 08 | 水中之血,隐秘,久经沙场,350.00
SSG 08 | 水中之血 (略有磨损),SSG 08 | 水中之血,隐秘,略有磨损,299.99
PP-野牛 | 钻蓝半调 (崭新出厂),PP-野牛 | 钻蓝半调,军规级,崭新出厂,33.00
PP-野牛 | 钻蓝半调 (久经沙场),PP-野牛 | 钻蓝半调,军规级,久经沙场,5.36
PP-野牛 | 钻蓝半调 (破损不堪),PP-野牛 | 钻蓝半调,军规级,破损不堪,
PP-野牛 | 钻蓝半调 (略有磨损),PP-野牛 | 钻蓝半调,军规级,略有磨损,7.50
XM1014（纪念品） | 蓝钢 (崭新出厂),XM1014（纪念品） | 蓝钢,工业级,崭新出厂,
XM1014（纪念品） | 蓝钢 (久经沙场),XM1014（纪念品） | 蓝钢,工业级,久经沙场,
XM1014（纪念品） | 蓝钢 (破损不堪),XM1014（纪念品） | 蓝钢,工业级,破损不堪,1256.00
XM1014（纪念品） | 蓝钢 (战痕累累),XM1014（纪念品） | 蓝钢,工业级,战痕累累,888.00
XM1014（纪念品） | 蓝钢 (略有磨损),XM1014（纪念品） | 蓝钢,工业级,略有磨损,450.00
MP9（StatTrak™） | 致命毒药 (崭新出厂),MP9（StatTrak™） | 致命毒药,军规级,崭新出厂,29.70
MP9（StatTrak™） | 致命毒药 (久经沙场),MP9（StatTrak™） | 致命毒药,军规级,久经沙场,4.13
MP9（StatTrak™） | 致命毒药 (破损不堪),MP9（StatTrak™） | 致命毒药,军规级,破损不堪,3.50
MP9（StatTrak™） | 致命毒药 (战痕累累),MP9（StatTrak™） | 致命毒药,军规级,战痕累累,3.80
MP9（StatTrak™） | 致命毒药 (略有磨损),MP9（StatTrak™） | 致命毒药,军规级,略有磨损,7.51
加利尔 AR | 地狱看门犬 (崭新出厂),加利尔 AR | 地狱看门犬,受限,崭新出厂,492.00
加利尔 AR | 地狱看门犬 (久经沙场),加利尔 AR | 地狱看门犬,受限,久经沙场,102.99
加利尔 AR | 地狱看门犬 (破损不堪),加利尔 AR | 地狱看门犬,受限,破损不堪,83.46
加利尔 AR | 地狱看门犬 (战痕累累),加利尔 AR | 地狱看门犬,受限,战痕累累,65.77
加利尔 AR | 地狱看门犬 (略有磨损),加利尔 AR | 地狱看门犬,受限,略有磨损,255.00
XM1014 | 雅藤如嫣 (崭新出厂),XM1014 | 雅藤如嫣,受限,崭新出厂,399.00
XM1014 | 雅藤如嫣 (久经沙场),XM1014 | 雅藤如嫣,受限,久经沙场,380.00
XM1014 | 雅藤如嫣 (略有磨损),XM1014 | 雅藤如嫣,受限,略有磨损,388.00
FN57 | 热火朝天 (崭新出厂),FN57 | 热火朝天,工业级,崭新出厂,44.45
FN57 | 热火朝天 (久经沙场),FN57 | 热火朝天,工业级,久经沙场,22.00
FN57 | 热火朝天 (破损不堪),FN57 | 热火朝天,工业级,破损不堪,6.97
FN57 | 热火朝天 (战痕累累),FN57 | 热火朝天,工业级,战痕累累,5.37
FN57 | 热火朝天 (略有磨损),FN57 | 热火朝天,工业级,略有磨损,14.79
MP9 | 红宝石毒镖 (崭新出厂),MP9 | 红宝石毒镖,受限,崭新出厂,13.29
MP9 | 红宝石毒镖 (久经沙场),MP9 | 红宝石毒镖,受限,久经沙场,4.83
MP9 | 红宝石毒镖 (破损不堪),MP9 | 红宝石毒镖,受限,破损不堪,28.61
MP9 | 红宝石毒镖 (战痕累累),MP9 | 红宝石毒镖,受限,战痕累累,30.00
MP9 | 红宝石毒镖 (略有磨损),MP9 | 红宝石毒镖,受限,略有磨损,7.57
M4A4 | 皇帝 (崭新出厂),M4A4 | 皇帝,隐秘,崭新出厂,1199.22
M4A4 | 皇帝 (久经沙场),M4A4 | 皇帝,隐秘,久经沙场,78.75
M4A4 | 皇帝 (破损不堪),M4A4 | 皇帝,隐秘,破损不堪,70.00
M4A4 | 皇帝 (战痕累累),M4A4 | 皇帝,隐秘,战痕累累,55.67
M4A4 | 皇帝 (略有磨损),M4A4 | 皇帝,隐秘,略有磨损,307.96
AK-47（StatTrak™） | 可燃冰 (崭新出厂),AK-47（StatTrak™） | 可燃冰,保密,崭新出厂,598.30
AK-47（StatTrak™） | 可燃冰 (久经沙场),AK-47（StatTrak™） | 可燃冰,保密,久经沙场,138.00
AK-47（StatTrak™） | 可燃冰 (破损不堪),AK-47（StatTrak™） | 可燃冰,保密,破损不堪,163.00
AK-47（StatTrak™） | 可燃冰 (战痕累累),AK-47（StatTrak™） | 可燃冰,保密,战痕累累,96.92
AK-47（StatTrak™） | 可燃冰 (略有磨损),AK-47（StatTrak™） | 可燃冰,保密,略有磨损,279.50
XM1014 | 寒霜锁链 (崭新出厂),XM1014 | 寒霜锁链,军规级,崭新出厂,699.00
XM1014 | 寒霜锁链 (久经沙场),XM1014 | 寒霜锁链,军规级,久经沙场,
XM1014 | 寒霜锁链 (破损不堪),XM1014 | 寒霜锁链,军规级,破损不堪,
XM1014 | 寒霜锁链 (战痕累累),XM1014 | 寒霜锁链,军规级,战痕累累,
XM1014 | 寒霜锁链 (略有磨损),XM1014 | 寒霜锁链,军规级,略有磨损,530.00
UMP-45 | 塑胶炸弹 (崭新出厂),UMP-45 | 塑胶炸弹,受限,崭新出厂,13.74
UMP-45 | 塑胶炸弹 (久经沙场),UMP-45 | 塑胶炸弹,受限,久经沙场,4.25
UMP-45 | 塑胶炸弹 (破损不堪),UMP-45 | 塑胶炸弹,受限,破损不堪,5.08
UMP-45 | 塑胶炸弹 (战痕累累),UMP-45 | 塑胶炸弹,受限,战痕累累,6.58
UMP-45 | 塑胶炸弹 (略有磨损),UMP-45 | 塑胶炸弹,受限,略有磨损,8.44
P250（纪念品） | 核子污染 (崭新出厂),P250（纪念品） | 核子污染,工业级,崭新出厂,78.21
P250（纪念品） | 核子污染 (久经沙场),P250（纪念品） | 核子污染,工业级,久经沙场,8.00
P250（纪念品） | 核子污染 (破损不堪),P250（纪念品） | 核子污染,工业级,破损不堪,10.99
P250（纪念品） | 核子污染 (战痕累累),P250（纪念品） | 核子污染,工业级,战痕累累,5.21
P250（纪念品） | 核子污染 (略有磨损),P250（纪念品） | 核子污染,工业级,略有磨损,14.98
FN57 | 夜影 (崭新出厂),FN57 | 夜影,军规级,崭新出厂,13.02
FN57 | 夜影 (久经沙场),FN57 | 夜影,军规级,久经沙场,
FN57 | 夜影 (破损不堪),FN57 | 夜影,军规级,破损不堪,
FN57 | 夜影 (战痕累累),FN57 | 夜影,军规级,战痕累累,15.00
FN57 | 夜影 (略有磨损),FN57 | 夜影,军规级,略有磨损,8.13
新星 | 巴洛克之橙 (崭新出厂),新星 | 巴洛克之橙,受限,崭新出厂,594.00
新星 | 巴洛克之橙 (久经沙场),新星 | 巴洛克之橙,受限,久经沙场,
新星 | 巴洛克之橙 (破损不堪),新星 | 巴洛克之橙,受限,破损不堪,
新星 | 巴洛克之橙 (战痕累累),新星 | 巴洛克之橙,受限,战痕累累,1000.00
新星 | 巴洛克之橙 (略有磨损),新星 | 巴洛克之橙,受限,略有磨损,799.00
MAC-10（StatTrak™） | 战争手柄 (崭新出厂),MAC-10（StatTrak™） | 战争手柄,受限,崭新出厂,20.90
MAC-10（StatTrak™） | 战争手柄 (久经沙场),MAC-10（StatTrak™） | 战争手柄,受限,久经沙场,3.05
MAC-10（StatTrak™） | 战争手柄 (破损不堪),MAC-10（StatTrak™） | 战争手柄,受限,破损不堪,2.93
MAC-10（StatTrak™） | 战争手柄 (战痕累累),MAC-10（StatTrak™） | 战争手柄,受限,战痕累累,2.47
MAC-10（StatTrak™） | 战争手柄 (略有磨损),MAC-10（StatTrak™） | 战争手柄,受限,略有磨损,7.50
SSG 08（StatTrak™） | 巨铁 (崭新出厂),SSG 08（StatTrak™） | 巨铁,保密,崭新出厂,420.00
SSG 08（StatTrak™） | 巨铁 (久经沙场),SSG 08（StatTrak™） | 巨铁,保密,久经沙场,100.00
SSG 08（StatTrak™） | 巨铁 (破损不堪),SSG 08（StatTrak™） | 巨铁,保密,破损不堪,
SSG 08（StatTrak™） | 巨铁 (战痕累累),SSG 08（StatTrak™） | 巨铁,保密,战痕累累,95.00
SSG 08（StatTrak™） | 巨铁 (略有磨损),SSG 08（StatTrak™） | 巨铁,保密,略有磨损,294.91
P90（StatTrak™） | 精英之作 (崭新出厂),P90（StatTrak™） | 精英之作,军规级,崭新出厂,52.99
P90（StatTrak™） | 精英之作 (久经沙场),P90（StatTrak™） | 精英之作,军规级,久经沙场,3.50
P90（StatTrak™） | 精英之作 (破损不堪),P90（StatTrak™） | 精英之作,军规级,破损不堪,2.80
P90（StatTrak™） | 精英之作 (战痕累累),P90（StatTrak™） | 精英之作,军规级,战痕累累,3.00
P90（StatTrak™） | 精英之作 (略有磨损),P90（StatTrak™） | 精英之作,军规级,略有磨损,7.90
R8 左轮手枪 | 蕉农炮 (崭新出厂),R8 左轮手枪 | 蕉农炮,受限,崭新出厂,29.40
R8 左轮手枪 | 蕉农炮 (久经沙场),R8 左轮手枪 | 蕉农炮,受限,久经沙场,6.90
R8 左轮手枪 | 蕉农炮 (破损不堪),R8 左轮手枪 | 蕉农炮,受限,破损不堪,5.91
R8 左轮手枪 | 蕉农炮 (战痕累累),R8 左轮手枪 | 蕉农炮,受限,战痕累累,4.33
R8 左轮手枪 | 蕉农炮 (略有磨损),R8 左轮手枪 | 蕉农炮,受限,略有磨损,15.79
法玛斯 | 喷焰者 (崭新出厂),法玛斯 | 喷焰者,受限,崭新出厂,
法玛斯 | 喷焰者 (久经沙场),法玛斯 | 喷焰者,受限,久经沙场,88.00
法玛斯 | 喷焰者 (破损不堪),法玛斯 | 喷焰者,受限,破损不堪,
法玛斯 | 喷焰者 (战痕累累),法玛斯 | 喷焰者,受限,战痕累累,
法玛斯 | 喷焰者 (略有磨损),法玛斯 | 喷焰者,受限,略有磨损,388.00
新星（纪念品） | 沙丘之黄 (崭新出厂),新星（纪念品） | 沙丘之黄,消费级,崭新出厂,
新星（纪念品） | 沙丘之黄 (久经沙场),新星（纪念品） | 沙丘之黄,消费级,久经沙场,
新星（纪念品） | 沙丘之黄 (破损不堪),新星（纪念品） | 沙丘之黄,消费级,破损不堪,
新星（纪念品） | 沙丘之黄 (战痕累累),新星（纪念品） | 沙丘之黄,消费级,战痕累累,
新星（纪念品） | 沙丘之黄 (略有磨损),新星（纪念品） | 沙丘之黄,消费级,略有磨损,998.00
MP5-SD | 探员 (崭新出厂),MP5-SD | 探员,受限,崭新出厂,18.10
MP5-SD | 探员 (久经沙场),MP5-SD | 探员,受限,久经沙场,4.52
MP5-SD | 探员 (破损不堪),MP5-SD | 探员,受限,破损不堪,4.76
MP5-SD | 探员 (战痕累累),MP5-SD | 探员,受限,战痕累累,3.99
MP5-SD | 探员 (略有磨损),MP5-SD | 探员,受限,略有磨损,7.20
AUG（StatTrak™） | 鹰翼 (崭新出厂),AUG（StatTrak™） | 鹰翼,军规级,崭新出厂,120.99
AUG（StatTrak™） | 鹰翼 (略有磨损),AUG（StatTrak™） | 鹰翼,军规级,略有磨损,126.66
MP5-SD（StatTrak™） | 鼻青脸肿 (崭新出厂),MP5-SD（StatTrak™） | 鼻青脸肿,军规级,崭新出厂,19.15
MP5-SD（StatTrak™） | 鼻青脸肿 (久经沙场),MP5-SD（StatTrak™） | 鼻青脸肿,军规级,久经沙场,5.86
MP5-SD（StatTrak™） | 鼻青脸肿 (破损不堪),MP5-SD（StatTrak™） | 鼻青脸肿,军规级,破损不堪,8.00
MP5-SD（StatTrak™） | 鼻青脸肿 (战痕累累),MP5-SD（StatTrak™） | 鼻青脸肿,军规级,战痕累累,4.50
MP5-SD（StatTrak™） | 鼻青脸肿 (略有磨损),MP5-SD（StatTrak™） | 鼻青脸肿,军规级,略有磨损,8.18
新星（StatTrak™） | 古董枪 (崭新出厂),新星（StatTrak™） | 古董枪,保密,崭新出厂,185.00
新星（StatTrak™） | 古董枪 (久经沙场),新星（StatTrak™） | 古董枪,保密,久经沙场,
新星（StatTrak™） | 古董枪 (略有磨损),新星（StatTrak™） | 古董枪,保密,略有磨损,159.18
M4A4（StatTrak™） | 喧嚣杀戮 (崭新出厂),M4A4（StatTrak™） | 喧嚣杀戮,隐秘,崭新出厂,604.99
M4A4（StatTrak™） | 喧嚣杀戮 (久经沙场),M4A4（StatTrak™） | 喧嚣杀戮,隐秘,久经沙场,172.00
M4A4（StatTrak™） | 喧嚣杀戮 (破损不堪),M4A4（StatTrak™） | 喧嚣杀戮,隐秘,破损不堪,
M4A4（StatTrak™） | 喧嚣杀戮 (战痕累累),M4A4（StatTrak™） | 喧嚣杀戮,隐秘,战痕累累,136.23
M4A4（StatTrak™） | 喧嚣杀戮 (略有磨损),M4A4（StatTrak™） | 喧嚣杀戮,隐秘,略有磨损,300.00
MP5-SD | 协处理器 (崭新出厂),MP5-SD | 协处理器,军规级,崭新出厂,8.00
MP5-SD | 协处理器 (久经沙场),MP5-SD | 协处理器,军规级,久经沙场,5.50
MP5-SD | 协处理器 (破损不堪),MP5-SD | 协处理器,军规级,破损不堪,4.00
MP5-SD | 协处理器 (战痕累累),MP5-SD | 协处理器,军规级,战痕累累,4.00
MP5-SD | 协处理器 (略有磨损),MP5-SD | 协处理器,军规级,略有磨损,7.22
P90 | 设施系列·底片图 (崭新出厂),P90 | 设施系列·底片图,军规级,崭新出厂,8.66
P90 | 设施系列·底片图 (久经沙场),P90 | 设施系列·底片图,军规级,久经沙场,5.60
P90 | 设施系列·底片图 (破损不堪),P90 | 设施系列·底片图,军规级,破损不堪,7.00
P90 | 设施系列·底片图 (战痕累累),P90 | 设施系列·底片图,军规级,战痕累累,4.52
P90 | 设施系列·底片图 (略有磨损),P90 | 设施系列·底片图,军规级,略有磨损,6.92
UMP-45（纪念品） | 都市 DDPAT (崭新出厂),UMP-45（纪念品） | 都市 DDPAT,消费级,崭新出厂,97.00
UMP-45（纪念品） | 都市 DDPAT (久经沙场),UMP-45（纪念品） | 都市 DDPAT,消费级,久经沙场,1.80
UMP-45（纪念品） | 都市 DDPAT (破损不堪),UMP-45（纪念品） | 都市 DDPAT,消费级,破损不堪,2.37
UMP-45（纪念品） | 都市 DDPAT (战痕累累),UMP-45（纪念品） | 都市 DDPAT,消费级,战痕累累,2.00
UMP-45（纪念品） | 都市 DDPAT (略有磨损),UMP-45（纪念品） | 都市 DDPAT,消费级,略有磨损,8.56
MP5-SD（StatTrak™） | 高斯 (崭新出厂),MP5-SD（StatTrak™） | 高斯,受限,崭新出厂,30.00
MP5-SD（StatTrak™） | 高斯 (久经沙场),MP5-SD（StatTrak™） | 高斯,受限,久经沙场,5.00
MP5-SD（StatTrak™） | 高斯 (破损不堪),MP5-SD（StatTrak™） | 高斯,受限,破损不堪,3.00
MP5-SD（StatTrak™） | 高斯 (战痕累累),MP5-SD（StatTrak™） | 高斯,受限,战痕累累,4.45
MP5-SD（StatTrak™） | 高斯 (略有磨损),MP5-SD（StatTrak™） | 高斯,受限,略有磨损,8.46
MAG-7 | 五指短剑 (崭新出厂),MAG-7 | 五指短剑,保密,崭新出厂,5099.00
MAG-7 | 五指短剑 (久经沙场),MAG-7 | 五指短剑,保密,久经沙场,4749.99
MAG-7 | 五指短剑 (破损不堪),MAG-7 | 五指短剑,保密,破损不堪,
MAG-7 | 五指短剑 (战痕累累),MAG-7 | 五指短剑,保密,战痕累累,
MAG-7 | 五指短剑 (略有磨损),MAG-7 | 五指短剑,保密,略有磨损,5888.00
MP7 | 权力之心 (崭新出厂),MP7 | 权力之心,受限,崭新出厂,18.00
MP7 | 权力之心 (久经沙场),MP7 | 权力之心,受限,久经沙场,4.80
MP7 | 权力之心 (破损不堪),MP7 | 权力之心,受限,破损不堪,7.40
MP7 | 权力之心 (战痕累累),MP7 | 权力之心,受限,战痕累累,3.70
MP7 | 权力之心 (略有磨损),MP7 | 权力之心,受限,略有磨损,8.06
MP7 | 深蓝电镀处理 (崭新出厂),MP7 | 深蓝电镀处理,军规级,崭新出厂,8.36
MP7 | 深蓝电镀处理 (略有磨损),MP7 | 深蓝电镀处理,军规级,略有磨损,8.80
MAC-10（StatTrak™） | 青金鳄皮 (崭新出厂),MAC-10（StatTrak™） | 青金鳄皮,军规级,崭新出厂,14.74
MAC-10（StatTrak™） | 青金鳄皮 (久经沙场),MAC-10（StatTrak™） | 青金鳄皮,军规级,久经沙场,4.45
MAC-10（StatTrak™） | 青金鳄皮 (破损不堪),MAC-10（StatTrak™） | 青金鳄皮,军规级,破损不堪,4.40
MAC-10（StatTrak™） | 青金鳄皮 (战痕累累),MAC-10（StatTrak™） | 青金鳄皮,军规级,战痕累累,6.35
MAC-10（StatTrak™） | 青金鳄皮 (略有磨损),MAC-10（StatTrak™） | 青金鳄皮,军规级,略有磨损,8.49
PP-野牛 | 死亡主宰者 (崭新出厂),PP-野牛 | 死亡主宰者,受限,崭新出厂,10.83
PP-野牛 | 死亡主宰者 (久经沙场),PP-野牛 | 死亡主宰者,受限,久经沙场,4.63
PP-野牛 | 死亡主宰者 (破损不堪),PP-野牛 | 死亡主宰者,受限,破损不堪,3.71
PP-野牛 | 死亡主宰者 (战痕累累),PP-野牛 | 死亡主宰者,受限,战痕累累,5.89
PP-野牛 | 死亡主宰者 (略有磨损),PP-野牛 | 死亡主宰者,受限,略有磨损,8.89
P90 | 枯焦之色 (崭新出厂),P90 | 枯焦之色,消费级,崭新出厂,
P90 | 枯焦之色 (久经沙场),P90 | 枯焦之色,消费级,久经沙场,9.00
P90 | 枯焦之色 (破损不堪),P90 | 枯焦之色,消费级,破损不堪,
P90 | 枯焦之色 (战痕累累),P90 | 枯焦之色,消费级,战痕累累,
P90 | 枯焦之色 (略有磨损),P90 | 枯焦之色,消费级,略有磨损,9.24
PP-野牛 | 核燃料棒 (崭新出厂),PP-野牛 | 核燃料棒,受限,崭新出厂,23.99
PP-野牛 | 核燃料棒 (久经沙场),PP-野牛 | 核燃料棒,受限,久经沙场,4.75
PP-野牛 | 核燃料棒 (破损不堪),PP-野牛 | 核燃料棒,受限,破损不堪,4.49
PP-野牛 | 核燃料棒 (战痕累累),PP-野牛 | 核燃料棒,受限,战痕累累,3.90
PP-野牛 | 核燃料棒 (略有磨损),PP-野牛 | 核燃料棒,受限,略有磨损,9.30
P90（纪念品） | 暴风呼啸 (崭新出厂),P90（纪念品） | 暴风呼啸,消费级,崭新出厂,109.78
P90（纪念品） | 暴风呼啸 (久经沙场),P90（纪念品） | 暴风呼啸,消费级,久经沙场,1.96
P90（纪念品） | 暴风呼啸 (破损不堪),P90（纪念品） | 暴风呼啸,消费级,破损不堪,5.34
P90（纪念品） | 暴风呼啸 (战痕累累),P90（纪念品） | 暴风呼啸,消费级,战痕累累,4.89
P90（纪念品） | 暴风呼啸 (略有磨损),P90（纪念品） | 暴风呼啸,消费级,略有磨损,9.68
UMP-45（StatTrak™） | 曝光 (崭新出厂),UMP-45（StatTrak™） | 曝光,受限,崭新出厂,28.00
UMP-45（StatTrak™） | 曝光 (久经沙场),UMP-45（StatTrak™） | 曝光,受限,久经沙场,6.80
UMP-45（StatTrak™） | 曝光 (破损不堪),UMP-45（StatTrak™） | 曝光,受限,破损不堪,7.90
UMP-45（StatTrak™） | 曝光 (战痕累累),UMP-45（StatTrak™） | 曝光,受限,战痕累累,5.57
UMP-45（StatTrak™） | 曝光 (略有磨损),UMP-45（StatTrak™） | 曝光,受限,略有磨损,9.88
新星（StatTrak™） | 惊惧骷髅 (崭新出厂),新星（StatTrak™） | 惊惧骷髅,受限,崭新出厂,102.60
新星（StatTrak™） | 惊惧骷髅 (久经沙场),新星（StatTrak™） | 惊惧骷髅,受限,久经沙场,94.67
新星（StatTrak™） | 惊惧骷髅 (破损不堪),新星（StatTrak™） | 惊惧骷髅,受限,破损不堪,
新星（StatTrak™） | 惊惧骷髅 (战痕累累),新星（StatTrak™） | 惊惧骷髅,受限,战痕累累,
新星（StatTrak™） | 惊惧骷髅 (略有磨损),新星（StatTrak™） | 惊惧骷髅,受限,略有磨损,96.00
CZ75（StatTrak™） | 红鹰 (崭新出厂),CZ75（StatTrak™） | 红鹰,受限,崭新出厂,29.90
CZ75（StatTrak™） | 红鹰 (久经沙场),CZ75（StatTrak™） | 红鹰,受限,久经沙场,4.38
CZ75（StatTrak™） | 红鹰 (破损不堪),CZ75（StatTrak™） | 红鹰,受限,破损不堪,4.31
CZ75（StatTrak™） | 红鹰 (战痕累累),CZ75（StatTrak™） | 红鹰,受限,战痕累累,3.85
CZ75（StatTrak™） | 红鹰 (略有磨损),CZ75（StatTrak™） | 红鹰,受限,略有磨损,10.18
AK-47（StatTrak™） | 复古浪潮 (崭新出厂),AK-47（StatTrak™） | 复古浪潮,受限,崭新出厂,256.98
AK-47（StatTrak™） | 复古浪潮 (久经沙场),AK-47（StatTrak™） | 复古浪潮,受限,久经沙场,66.66
AK-47（StatTrak™） | 复古浪潮 (破损不堪),AK-47（StatTrak™） | 复古浪潮,受限,破损不堪,67.00
AK-47（StatTrak™） | 复古浪潮 (战痕累累),AK-47（StatTrak™） | 复古浪潮,受限,战痕累累,96.92
AK-47（StatTrak™） | 复古浪潮 (略有磨损),AK-47（StatTrak™） | 复古浪潮,受限,略有磨损,89.72
截短霰弹枪 | 渐变琥珀 (崭新出厂),截短霰弹枪 | 渐变琥珀,军规级,崭新出厂,9.00
截短霰弹枪 | 渐变琥珀 (久经沙场),截短霰弹枪 | 渐变琥珀,军规级,久经沙场,4.25
截短霰弹枪 | 渐变琥珀 (破损不堪),截短霰弹枪 | 渐变琥珀,军规级,破损不堪,6.36
截短霰弹枪 | 渐变琥珀 (略有磨损),截短霰弹枪 | 渐变琥珀,军规级,略有磨损,8.05
